0 0.8009581881533101 0.12043080939947781 0.03571428571428571 0.028067885117493474
0 0.8218641114982579 0.14360313315926893 0.03832752613240418 0.031331592689295036
0 0.8763066202090593 0.07016971279373369 0.03397212543554007 0.022193211488250653
0 0.9943379790940766 0.08191906005221933 0.01132404181184669 0.034595300261096605
0 0.9856271777003485 0.21801566579634465 0.028745644599303136 0.0391644908616188
0 0.837979094076655 0.21866840731070497 0.04965156794425087 0.0293733681462141
0 0.7081881533101045 0.27154046997389036 0.05836236933797909 0.04569190600522193
0 0.5570557491289199 0.0933420365535248 0.04529616724738676 0.031331592689295036
0 0.6376306620209059 0.08485639686684072 0.042682926829268296 0.028067885117493474
0 0.6402439024390244 0.1227154046997389 0.050522648083623695 0.031331592689295036
0 0.5579268292682927 0.19027415143603132 0.06184668989547038 0.04242819843342036
0 0.5722996515679443 0.185378590078329 0.054878048780487805 0.043733681462140996
0 0.5361498257839721 0.18472584856396868 0.06097560975609756 0.047650130548302874
0 0.4943379790940767 0.31494778067885115 0.047038327526132406 0.030026109660574413
0 0.5844947735191638 0.3116840731070496 0.042682926829268296 0.030026109660574413
0 0.649390243902439 0.3178851174934726 0.04355400696864112 0.030026109660574413
0 0.47909407665505227 0.4608355091383812 0.05400696864111498 0.03263707571801567
0 0.4403310104529617 0.5088120104438643 0.04006968641114982 0.030678851174934726
0 0.7704703832752613 0.22519582245430808 0.042682926829268296 0.028720626631853787
0 0.8249128919860628 0.33975195822454307 0.04878048780487805 0.03263707571801567
0 0.730836236933798 0.37532637075718017 0.04006968641114982 0.030678851174934726
0 0.7486933797909407 0.33779373368146215 0.05749128919860627 0.04634464751958225
0 0.5056620209059234 0.5117493472584856 0.05313588850174216 0.04046997389033943
0 0.4712543554006969 0.5443864229765013 0.039198606271777 0.0293733681462141
0 0.6576655052264808 0.5231723237597912 0.046167247386759584 0.034595300261096605
0 0.6502613240418118 0.5466710182767625 0.047038327526132406 0.033942558746736295
0 0.7199477351916377 0.4069843342036554 0.039198606271777 0.025456919060052218
0 0.6881533101045296 0.3371409921671018 0.041811846689895474 0.031331592689295036
0 0.5013066202090593 0.2529373368146214 0.05662020905923345 0.04046997389033943
0 0.4372822299651568 0.3240861618798956 0.04790940766550523 0.03655352480417755
0 0.4547038327526132 0.287532637075718 0.05662020905923345 0.04503916449086162
0 0.45034843205574915 0.2718668407310705 0.04965156794425087 0.037859007832898174
0 0.5740418118466899 0.2686031331592689 0.04006968641114982 0.0293733681462141
0 0.6106271777003485 0.27056135770234985 0.04790940766550523 0.03524804177545692
0 0.6202090592334495 0.2379242819843342 0.04790940766550523 0.03263707571801567
0 0.7038327526132404 0.12989556135770236 0.039198606271777 0.030026109660574413
0 0.76698606271777 0.1227154046997389 0.04878048780487805 0.03720626631853786
0 0.7260452961672473 0.17232375979112272 0.04006968641114982 0.03263707571801567
0 0.34494773519163763 0.4086161879895561 0.06184668989547038 0.04308093994778068
0 0.304006968641115 0.3501958224543081 0.06184668989547038 0.038511749347258484
0 0.4076655052264808 0.38674934725848564 0.04529616724738676 0.034595300261096605
0 0.203397212543554 0.3877284595300261 0.04965156794425087 0.033942558746736295
0 0.2029616724738676 0.3381201044386423 0.06445993031358885 0.04308093994778068
0 0.22125435540069685 0.34007832898172324 0.04442508710801394 0.03590078328981723
0 0.1837979094076655 0.3283289817232376 0.047038327526132406 0.03981723237597911
0 0.29573170731707316 0.24836814621409922 0.04965156794425087 0.03981723237597911
0 0.2312717770034843 0.13152741514360314 0.047038327526132406 0.03720626631853786
0 0.32142857142857145 0.11945169712793734 0.05749128919860627 0.03655352480417755
0 0.4107142857142857 0.01664490861618799 0.06184668989547038 0.03328981723237598
0 0.7608885017421603 0.5440600522193212 0.033101045296167246 0.024804177545691905
0 0.8754355400696864 0.5486292428198434 0.036585365853658534 0.0293733681462141
0 0.7756968641114983 0.5212140992167101 0.03484320557491289 0.025456919060052218
0 0.8989547038327527 0.5026109660574413 0.037456445993031356 0.028067885117493474
0 0.8545296167247387 0.48466057441253263 0.041811846689895474 0.03720626631853786
0 0.8554006968641115 0.472911227154047 0.03571428571428571 0.0293733681462141
0 0.8937282229965157 0.47356396866840733 0.03484320557491289 0.028067885117493474
0 0.7722125435540069 0.42656657963446476 0.03571428571428571 0.028067885117493474
0 0.8270905923344948 0.4262402088772846 0.04006968641114982 0.02741514360313316
0 0.8436411149825784 0.4024151436031332 0.03484320557491289 0.028067885117493474
0 0.9006968641114983 0.42297650130548303 0.0313588850174216 0.02741514360313316
0 0.9472996515679443 0.3531331592689295 0.04006968641114982 0.031331592689295036
0 0.7539198606271778 0.29406005221932113 0.04355400696864112 0.031331592689295036
0 0.8902439024390244 0.15404699738903394 0.0313588850174216 0.025456919060052218
0 0.9006968641114983 0.17493472584856398 0.03484320557491289 0.028067885117493474
0 0.5121951219512195 0.041122715404699736 0.027874564459930314 0.022193211488250653
0 0.4642857142857143 0.03949086161879896 0.040940766550522645 0.030678851174934726
0 0.45993031358885017 0.01077023498694517 0.03832752613240418 0.02154046997389034
0 0.3445121951219512 0.009138381201044387 0.037456445993031356 0.018276762402088774
0 0.34930313588850176 0.026762402088772844 0.03571428571428571 0.0293733681462141
0 0.3863240418118467 0.041122715404699736 0.04355400696864112 0.03524804177545692
0 0.4294425087108014 0.04634464751958225 0.04442508710801394 0.033942558746736295
0 0.42465156794425085 0.015339425587467363 0.03571428571428571 0.0293733681462141
0 0.382404181184669 0.11455613577023499 0.03484320557491289 0.028067885117493474
0 0.4769163763066202 0.17330287206266318 0.037456445993031356 0.0293733681462141
0 0.3715156794425087 0.16155352480417753 0.036585365853658534 0.030678851174934726
0 0.3680313588850174 0.1814621409921671 0.03484320557491289 0.024804177545691905
0 0.313588850174216 0.15339425587467362 0.040940766550522645 0.03263707571801567
0 0.3405923344947735 0.1919060052219321 0.032229965156794424 0.020887728459530026
0 0.33318815331010454 0.20691906005221933 0.036585365853658534 0.028067885117493474
0 0.2739547038327526 0.3133159268929504 0.04529616724738676 0.03524804177545692
0 0.1798780487804878 0.27839425587467365 0.04006968641114982 0.025456919060052218
0 0.15418118466898956 0.25130548302872063 0.03484320557491289 0.02741514360313316
0 0.15853658536585366 0.29928198433420367 0.04442508710801394 0.034595300261096605
0 0.13632404181184668 0.37467362924281983 0.040940766550522645 0.034595300261096605
0 0.2613240418118467 0.4598563968668407 0.047038327526132406 0.034595300261096605
0 0.16942508710801393 0.5323107049608355 0.039198606271777 0.030678851174934726
0 0.29006968641114983 0.5649477806788512 0.03832752613240418 0.031331592689295036
0 0.25217770034843207 0.5786553524804178 0.042682926829268296 0.03328981723237598
0 0.2452090592334495 0.6214099216710183 0.03397212543554007 0.02610966057441253
0 0.10975609756097561 0.5453655352480418 0.03832752613240418 0.02610966057441253
0 0.09843205574912892 0.6184725848563969 0.036585365853658534 0.030026109660574413
0 0.18771777003484322 0.654373368146214 0.04006968641114982 0.030678851174934726
0 0.6032229965156795 0.3710835509138381 0.029616724738675958 0.022193211488250653
0 0.5923344947735192 0.40633159268929503 0.03484320557491289 0.02349869451697128
0 0.5513937282229965 0.6161879895561357 0.03484320557491289 0.025456919060052218
0 0.5152439024390244 0.7092036553524804 0.04790940766550523 0.03524804177545692
0 0.8031358885017421 0.7924281984334204 0.03832752613240418 0.026762402088772844
0 0.6406794425087108 0.17656657963446476 0.046167247386759584 0.03524804177545692
0 0.644163763066202 0.19027415143603132 0.033101045296167246 0.024151436031331592
0 0.9255226480836237 0.11716710182767624 0.037456445993031356 0.030678851174934726
0 0.9551393728222997 0.5401436031331592 0.05313588850174216 0.04177545691906005
0 0.9442508710801394 0.5848563968668408 0.036585365853658534 0.031331592689295036
0 0.9878048780487805 0.46736292428198434 0.024390243902439025 0.03263707571801567
0 0.9446864111498258 0.45593994778067887 0.04878048780487805 0.037859007832898174
0 0.9690766550522648 0.42428198433420367 0.03048780487804878 0.024151436031331592
0 0.8092334494773519 0.8577023498694517 0.04965156794425087 0.030026109660574413
0 0.9329268292682927 0.816579634464752 0.0313588850174216 0.03655352480417755
0 0.9329268292682927 0.7751305483028721 0.036585365853658534 0.031331592689295036
0 0.948170731707317 0.7545691906005222 0.02177700348432056 0.025456919060052218
0 0.742595818815331 0.8156005221932114 0.0313588850174216 0.026762402088772844
0 0.6994773519163763 0.7496736292428199 0.041811846689895474 0.03328981723237598
0 0.7090592334494773 0.7131201044386423 0.03484320557491289 0.03328981723237598
0 0.6925087108013938 0.6321801566579635 0.033101045296167246 0.03524804177545692
0 0.7373693379790941 0.6086814621409922 0.03571428571428571 0.025456919060052218