0 0.462406015037594 0.9359480812641083 0.03458646616541353 0.02708803611738149
0 0.40977443609022557 0.9568284424379232 0.03984962406015038 0.0327313769751693
0 0.5090225563909775 0.8575056433408578 0.04285714285714286 0.030474040632054177
0 0.49774436090225566 0.9012415349887133 0.07969924812030076 0.045711060948081264
0 0.48082706766917294 0.8854401805869074 0.029323308270676692 0.02144469525959368
0 0.5176691729323308 0.9037810383747178 0.030827067669172932 0.023137697516930022
0 0.4793233082706767 0.912528216704289 0.03984962406015038 0.02878103837471783
0 0.42142857142857143 0.8360609480812641 0.035338345864661655 0.024266365688487584
0 0.4710526315789474 0.8462189616252822 0.041353383458646614 0.029909706546275394
0 0.462406015037594 0.8377539503386005 0.022556390977443608 0.01636568848758465
0 0.42105263157894735 0.7872460496613995 0.04360902255639098 0.034424379232505645
0 0.5421052631578948 0.7516930022573364 0.0518796992481203 0.03611738148984198
0 0.531203007518797 0.779627539503386 0.04285714285714286 0.03216704288939052
0 0.5853383458646616 0.7590293453724605 0.058646616541353384 0.04345372460496614
0 0.5706766917293233 0.743510158013544 0.03458646616541353 0.028216704288939052
0 0.5781954887218045 0.7705981941309256 0.0406015037593985 0.030474040632054177
0 0.600375939849624 0.744920993227991 0.03308270676691729 0.025959367945823927
0 0.5969924812030075 0.7161399548532731 0.03759398496240601 0.030474040632054177
0 0.5616541353383459 0.6930022573363431 0.039097744360902256 0.030474040632054177
0 0.5503759398496241 0.7169864559819413 0.035338345864661655 0.027652370203160272
0 0.43796992481203006 0.6938487584650113 0.031578947368421054 0.02878103837471783
0 0.4045112781954887 0.6831264108352144 0.02857142857142857 0.024830699774266364
0 0.5093984962406015 0.6444695259593679 0.03383458646616541 0.025395033860045147
0 0.5593984962406015 0.6269751693002258 0.03458646616541353 0.02708803611738149
0 0.5567669172932331 0.6628103837471784 0.030827067669172932 0.022573363431151242
0 0.4131578947368421 0.6281038374717833 0.029323308270676692 0.023137697516930022
0 0.5007518796992482 0.5956546275395034 0.03609022556390978 0.023137697516930022
0 0.4770676691729323 0.5956546275395034 0.03007518796992481 0.025395033860045147
0 0.45225563909774436 0.6021444695259593 0.03458646616541353 0.02652370203160271
0 0.38646616541353385 0.6207674943566591 0.03759398496240601 0.02708803611738149
0 0.4616541353383459 0.6577313769751693 0.03684210526315789 0.027652370203160272
0 0.6296992481203008 0.6489841986455982 0.03308270676691729 0.025395033860045147
0 0.5951127819548873 0.6439051918735892 0.03684210526315789 0.025959367945823927
0 0.6172932330827068 0.6910270880361173 0.03383458646616541 0.024830699774266364
0 0.6759398496240602 0.7279909706546276 0.03458646616541353 0.024830699774266364
0 0.7142857142857143 0.7322234762979684 0.031578947368421054 0.023702031602708805
0 0.6864661654135338 0.6419300225733634 0.032330827067669175 0.025959367945823927
0 0.7451127819548872 0.6024266365688488 0.03609022556390978 0.025395033860045147
0 0.737218045112782 0.6306433408577878 0.035338345864661655 0.024266365688487584
0 0.7672932330827068 0.6557562076749436 0.042105263157894736 0.02652370203160271
0 0.6259398496240601 0.5626410835214447 0.03458646616541353 0.025959367945823927
0 0.575563909774436 0.5533295711060948 0.031578947368421054 0.025959367945823927
0 0.5233082706766917 0.5510722347629797 0.0406015037593985 0.028216704288939052
0 0.5274436090225564 0.5163656884875847 0.03007518796992481 0.024266365688487584
0 0.5481203007518797 0.4850451467268623 0.03609022556390978 0.025395033860045147
0 0.618421052631579 0.46557562076749437 0.039097744360902256 0.028216704288939052
0 0.6710526315789473 0.45936794582392776 0.041353383458646614 0.030474040632054177
0 0.7011278195488722 0.46360045146726864 0.041353383458646614 0.02878103837471783
0 0.4236842105263158 0.46698645598194133 0.03383458646616541 0.02708803611738149
0 0.35676691729323307 0.4675507900677201 0.03458646616541353 0.024266365688487584
0 0.37669172932330824 0.524548532731377 0.03984962406015038 0.0327313769751693
0 0.40112781954887217 0.559255079006772 0.03458646616541353 0.024830699774266364
0 0.19210526315789472 0.5643340857787811 0.04661654135338346 0.033860045146726865
0 0.2575187969924812 0.5516365688487584 0.0406015037593985 0.025959367945823927
0 0.30639097744360905 0.5234198645598194 0.03609022556390978 0.025959367945823927
0 0.27631578947368424 0.5488148984198645 0.06315789473684211 0.04683972911963882
0 0.2924812030075188 0.4932279909706546 0.032330827067669175 0.023137697516930022
0 0.26052631578947366 0.47375846501128666 0.03383458646616541 0.024830699774266364
0 0.231203007518797 0.47234762979683975 0.032330827067669175 0.023137697516930022
0 0.23796992481203008 0.43961625282167044 0.03383458646616541 0.024266365688487584
0 0.17030075187969926 0.47404063205417607 0.05413533834586466 0.03216704288939052
0 0.6646616541353384 0.916196388261851 0.0443609022556391 0.03329571106094808
0 0.6334586466165414 0.9012415349887133 0.038345864661654135 0.03216704288939052
0 0.6011278195488722 0.856941309255079 0.04360902255639098 0.034424379232505645
0 0.7203007518796992 0.8888261851015802 0.038345864661654135 0.027652370203160272
0 0.5984962406015037 0.9483634311512416 0.03458646616541353 0.025959367945823927
0 0.6458646616541354 0.9497742663656885 0.038345864661654135 0.029345372460496615
0 0.6199248120300752 0.9799661399548533 0.032330827067669175 0.025395033860045147
0 0.6958646616541353 0.9551354401805869 0.041353383458646614 0.024830699774266364
0 0.7 0.9207110609480813 0.03759398496240601 0.02144469525959368
0 0.7537593984962406 0.9173250564334086 0.03984962406015038 0.029345372460496615
0 0.7548872180451128 0.9370767494356659 0.02706766917293233 0.020316027088036117
0 0.7323308270676692 0.9441309255079007 0.0406015037593985 0.027652370203160272
0 0.7360902255639098 0.9757336343115124 0.03458646616541353 0.023702031602708805
0 0.5981203007518797 0.9926636568848759 0.032330827067669175 0.007900677200902935
0 0.8620300751879699 0.9644469525959368 0.0406015037593985 0.029345372460496615
0 0.8571428571428571 0.9556997742663657 0.030827067669172932 0.024830699774266364
0 0.869172932330827 0.970372460496614 0.027819548872180452 0.01636568848758465
0 0.8308270676691729 0.8566591422121896 0.03007518796992481 0.0208803611738149
0 0.7657894736842106 0.869920993227991 0.03684210526315789 0.024266365688487584
0 0.7285714285714285 0.8106659142212189 0.03383458646616541 0.023702031602708805
0 0.7725563909774437 0.8055869074492099 0.03984962406015038 0.02708803611738149
0 0.8075187969924812 0.8123589164785553 0.041353383458646614 0.033860045146726865
0 0.887593984962406 0.7889390519187359 0.032330827067669175 0.019187358916478554
0 0.8484962406015037 0.840293453724605 0.03684210526315789 0.023702031602708805
0 0.6928571428571428 0.7813205417607223 0.027819548872180452 0.019187358916478554
0 0.6951127819548872 0.8349322799097065 0.027819548872180452 0.024266365688487584
0 0.8116541353383459 0.5973476297968398 0.029323308270676692 0.02200902934537246
0 0.7703007518796993 0.49520316027088035 0.03759398496240601 0.029345372460496615
0 0.7221804511278196 0.5076185101580135 0.038345864661654135 0.02708803611738149
0 0.8458646616541353 0.5259593679458239 0.029323308270676692 0.0208803611738149
0 0.9398496240601504 0.6659142212189616 0.029323308270676692 0.018623024830699775
0 0.9883458646616541 0.7516930022573364 0.02330827067669173 0.019187358916478554
0 0.9402255639097744 0.7423814898419865 0.02857142857142857 0.0208803611738149
0 0.9736842105263158 0.8281602708803611 0.03609022556390978 0.023137697516930022
0 0.9417293233082706 0.8527088036117382 0.03609022556390978 0.025959367945823927
0 0.9026315789473685 0.8518623024830699 0.030827067669172932 0.023702031602708805
0 0.880827067669173 0.8459367945823928 0.02706766917293233 0.023702031602708805
0 0.9947368421052631 0.8978555304740407 0.010526315789473684 0.023702031602708805
0 0.9706766917293234 0.9517494356659142 0.02481203007518797 0.019187358916478554