0 0.7596685082872928 0.9109730848861284 0.029696132596685083 0.035196687370600416
0 0.7361878453038674 0.9112318840579711 0.029696132596685083 0.03260869565217391
0 0.6968232044198895 0.9262422360248447 0.031767955801104975 0.038302277432712216
0 0.7403314917127072 0.9518633540372671 0.031077348066298343 0.03674948240165631
0 0.680939226519337 0.9549689440993789 0.029696132596685083 0.03260869565217391
0 0.7047651933701657 0.8540372670807453 0.028314917127071824 0.03778467908902691
0 0.6916436464088398 0.8760351966873706 0.03038674033149171 0.03157349896480331
0 0.6674723756906077 0.864648033126294 0.03867403314917127 0.045548654244306416
0 0.7147790055248618 0.8059006211180124 0.031767955801104975 0.03674948240165631
0 0.6484806629834254 0.7784679089026915 0.0324585635359116 0.037267080745341616
0 0.6167127071823204 0.8289337474120083 0.03383977900552486 0.038302277432712216
0 0.6453729281767956 0.8294513457556936 0.027624309392265192 0.034161490683229816
0 0.6464088397790055 0.8053830227743272 0.025552486187845305 0.03157349896480331
0 0.6339779005524862 0.8858695652173914 0.026933701657458564 0.03157349896480331
0 0.5338397790055248 0.9153726708074534 0.03729281767955801 0.04710144927536232
0 0.5738950276243094 0.7947722567287785 0.031767955801104975 0.038302277432712216
0 0.5476519337016574 0.7851966873706004 0.029696132596685083 0.034161490683229816
0 0.5072513812154696 0.848343685300207 0.03038674033149171 0.03571428571428571
0 0.48687845303867405 0.7924430641821946 0.026933701657458564 0.032091097308488616
0 0.48204419889502764 0.8421325051759835 0.026933701657458564 0.030538302277432712
0 0.4633977900552486 0.8744824016563147 0.026243093922651933 0.030020703933747412
0 0.449585635359116 0.9133022774327122 0.0324585635359116 0.038302277432712216
0 0.406767955801105 0.9218426501035196 0.031077348066298343 0.03571428571428571
0 0.4395718232044199 0.7660455486542443 0.026243093922651933 0.03157349896480331
0 0.44613259668508287 0.8059006211180124 0.024171270718232045 0.026397515527950312
0 0.4078038674033149 0.8170289855072463 0.016574585635359115 0.018633540372670808
0 0.375 0.854296066252588 0.023480662983425413 0.028985507246376812
0 0.3342541436464088 0.900103519668737 0.026933701657458564 0.033126293995859216
0 0.3166436464088398 0.849120082815735 0.025552486187845305 0.030020703933747412
0 0.30006906077348067 0.797360248447205 0.024171270718232045 0.029503105590062112
0 0.2779696132596685 0.8366977225672878 0.023480662983425413 0.029503105590062112
0 0.2779696132596685 0.755175983436853 0.03383977900552486 0.04089026915113872
0 0.2824585635359116 0.7665631469979296 0.024171270718232045 0.028985507246376812
0 0.2745165745856354 0.7427536231884058 0.024171270718232045 0.029503105590062112
0 0.255524861878453 0.7883022774327122 0.022790055248618785 0.023809523809523808
0 0.19302486187845305 0.735248447204969 0.026243093922651933 0.03260869565217391
0 0.1595303867403315 0.8084886128364389 0.026933701657458564 0.033126293995859216
0 0.22755524861878454 0.8674948240165632 0.022790055248618785 0.027950310559006212
0 0.20303867403314918 0.8643892339544513 0.025552486187845305 0.027432712215320912
0 0.16747237569060774 0.900879917184265 0.026933701657458564 0.028985507246376812
0 0.18922651933701656 0.9109730848861284 0.020718232044198894 0.021221532091097308
0 0.08287292817679558 0.8951863354037267 0.028314917127071824 0.030020703933747412
0 0.15124309392265192 0.727743271221532 0.024171270718232045 0.03157349896480331
0 0.12879834254143646 0.7393892339544513 0.022099447513812154 0.028467908902691512
0 0.062154696132596686 0.7083333333333334 0.029696132596685083 0.03571428571428571
0 0.07493093922651933 0.8059006211180124 0.026243093922651933 0.026397515527950312
0 0.08494475138121547 0.8436853002070394 0.022099447513812154 0.024844720496894408
0 0.14053867403314918 0.4078674948240166 0.025552486187845305 0.030538302277432712
0 0.27658839779005523 0.30408902691511386 0.025552486187845305 0.029503105590062112
0 0.27417127071823205 0.27976190476190477 0.024861878453038673 0.030538302277432712
0 0.3791436464088398 0.2776915113871636 0.026243093922651933 0.029503105590062112
0 0.36222375690607733 0.2153209109730849 0.026243093922651933 0.024844720496894408
0 0.39019337016574585 0.3682712215320911 0.027624309392265192 0.032091097308488616
0 0.4471685082872928 0.44280538302277433 0.029005524861878452 0.032091097308488616
0 0.4837707182320442 0.4756728778467909 0.031077348066298343 0.03571428571428571
0 0.4816988950276243 0.4756728778467909 0.020718232044198894 0.022256728778467908
0 0.6446823204419889 0.41278467908902694 0.029005524861878452 0.033126293995859216
0 0.6533149171270718 0.3887163561076605 0.020718232044198894 0.024844720496894408
0 0.6947513812154696 0.44254658385093165 0.026243093922651933 0.03157349896480331
0 0.7158149171270718 0.29063146997929606 0.023480662983425413 0.027432712215320912
0 0.7016574585635359 0.21765010351966874 0.026933701657458564 0.03157349896480331
0 0.75103591160221 0.3258281573498965 0.026243093922651933 0.033126293995859216
0 0.7237569060773481 0.36257763975155277 0.024861878453038673 0.032091097308488616
0 0.5290055248618785 0.26733954451345754 0.0462707182320442 0.05227743271221532
0 0.5362569060773481 0.2769151138716356 0.017265193370165747 0.020703933747412008
0 0.5386740331491713 0.2567287784679089 0.018646408839779006 0.022774327122153208
0 0.5183011049723757 0.2751035196687371 0.019337016574585635 0.023291925465838508
0 0.5093232044198895 0.21972049689440995 0.025552486187845305 0.031055900621118012
0 0.4419889502762431 0.09549689440993789 0.025552486187845305 0.030538302277432712
0 0.4633977900552486 0.15993788819875776 0.024861878453038673 0.029503105590062112
0 0.5172651933701657 0.19616977225672877 0.020027624309392266 0.025879917184265012
0 0.6367403314917127 0.09782608695652174 0.03038674033149171 0.032091097308488616
0 0.7354972375690608 0.1332815734989648 0.027624309392265192 0.032091097308488616
0 0.7178867403314917 0.12629399585921325 0.027624309392265192 0.035196687370600416
0 0.7033839779005525 0.09912008281573499 0.024171270718232045 0.026397515527950312
0 0.6919889502762431 0.11982401656314699 0.029696132596685083 0.032091097308488616
0 0.22306629834254144 0.5307971014492754 0.0324585635359116 0.036231884057971016
0 0.23549723756906077 0.2593167701863354 0.028314917127071824 0.032091097308488616
0 0.4164364640883978 0.6824534161490683 0.03314917127071823 0.039337474120082816
0 0.44060773480662985 0.6677018633540373 0.026933701657458564 0.033126293995859216
0 0.4823895027624309 0.6762422360248447 0.025552486187845305 0.026915113871635612