0 0.4036458333333333 0.15771484375 0.044921875 0.03564453125
0 0.3541666666666667 0.21240234375 0.044270833333333336 0.033203125
0 0.4036458333333333 0.25146484375 0.044270833333333336 0.03076171875
0 0.4375 0.20947265625 0.033203125 0.02685546875
0 0.4947916666666667 0.20849609375 0.036458333333333336 0.02734375
0 0.4869791666666667 0.166015625 0.029296875 0.02294921875
0 0.4498697916666667 0.10693359375 0.033203125 0.0234375
0 0.4407552083333333 0.13232421875 0.032552083333333336 0.02685546875
0 0.4088541666666667 0.10693359375 0.040364583333333336 0.02685546875
0 0.5 0.11669921875 0.03515625 0.03125
0 0.375 0.09912109375 0.02734375 0.02001953125
0 0.16015625 0.07080078125 0.035807291666666664 0.02490234375
0 0.2688802083333333 0.154296875 0.029947916666666668 0.0244140625
0 0.19010416666666666 0.140625 0.026041666666666668 0.0205078125
0 0.17903645833333334 0.18212890625 0.034505208333333336 0.02294921875
0 0.19075520833333334 0.21923828125 0.053385416666666664 0.03857421875
0 0.2571614583333333 0.19775390625 0.035807291666666664 0.02392578125
0 0.14127604166666666 0.21044921875 0.046223958333333336 0.02880859375
0 0.279296875 0.279296875 0.03515625 0.03271484375
0 0.3203125 0.26318359375 0.034505208333333336 0.0244140625
0 0.3424479166666667 0.291015625 0.03515625 0.02685546875
0 0.3216145833333333 0.23974609375 0.034505208333333336 0.02587890625
0 0.21223958333333334 0.28515625 0.041015625 0.0302734375
0 0.24479166666666666 0.2958984375 0.029947916666666668 0.0224609375
0 0.271484375 0.34765625 0.0234375 0.0185546875
0 0.29296875 0.35986328125 0.036458333333333336 0.02099609375
0 0.3333333333333333 0.3583984375 0.034505208333333336 0.0283203125
0 0.22721354166666666 0.337890625 0.028645833333333332 0.01806640625
0 0.18815104166666666 0.32958984375 0.051432291666666664 0.0283203125
0 0.20638020833333334 0.4296875 0.034505208333333336 0.02978515625
0 0.20703125 0.45654296875 0.036458333333333336 0.0263671875
0 0.13151041666666666 0.435546875 0.03515625 0.02880859375
0 0.14192708333333334 0.48583984375 0.034505208333333336 0.02880859375
0 0.22265625 0.5 0.035807291666666664 0.0302734375
0 0.451171875 0.400390625 0.024739583333333332 0.0185546875
0 0.5559895833333334 0.38623046875 0.033203125 0.0244140625
0 0.6399739583333334 0.35888671875 0.029296875 0.0244140625
0 0.61328125 0.39404296875 0.029296875 0.01953125
0 0.646484375 0.41796875 0.02734375 0.02099609375
0 0.6536458333333334 0.32568359375 0.024739583333333332 0.01953125
0 0.583984375 0.43701171875 0.025390625 0.01953125
0 0.5358072916666666 0.46044921875 0.020833333333333332 0.0146484375
0 0.640625 0.47509765625 0.024739583333333332 0.0205078125
0 0.685546875 0.51171875 0.020833333333333332 0.02197265625
0 0.6783854166666666 0.5302734375 0.022135416666666668 0.01806640625
0 0.453125 0.3642578125 0.026692708333333332 0.02001953125
0 0.4557291666666667 0.3837890625 0.022135416666666668 0.02001953125
0 0.6966145833333334 0.2529296875 0.026041666666666668 0.02197265625
0 0.65625 0.2333984375 0.020182291666666668 0.0205078125
0 0.671875 0.19873046875 0.026041666666666668 0.02197265625
0 0.65234375 0.15625 0.021484375 0.01708984375
0 0.689453125 0.16455078125 0.022135416666666668 0.0185546875
0 0.7005208333333334 0.17822265625 0.020833333333333332 0.01953125
0 0.64453125 0.169921875 0.024088541666666668 0.0185546875
0 0.595703125 0.18359375 0.028645833333333332 0.025390625
0 0.5807291666666666 0.1982421875 0.024739583333333332 0.02099609375
0 0.5240885416666666 0.1650390625 0.029947916666666668 0.017578125
0 0.5247395833333334 0.5419921875 0.017578125 0.01220703125
0 0.5520833333333334 0.50927734375 0.025390625 0.01806640625
0 0.5703125 0.4716796875 0.022135416666666668 0.01611328125
0 0.6529947916666666 0.55419921875 0.018880208333333332 0.01318359375
0 0.560546875 0.5537109375 0.024088541666666668 0.01806640625