0 0.7686737804878049 0.9822654462242563 0.03429878048780488 0.03546910755148741
0 0.7427591463414634 0.982837528604119 0.03429878048780488 0.034324942791762014
0 0.6993140243902439 0.9891304347826086 0.037347560975609755 0.021739130434782608
0 0.7115091463414634 0.9201945080091534 0.03277439024390244 0.04233409610983982
0 0.6958841463414634 0.9442219679633868 0.03429878048780488 0.03546910755148741
0 0.6695884146341463 0.9307780320366132 0.04496951219512195 0.05148741418764302
0 0.7248475609756098 0.8672768878718535 0.036585365853658534 0.041189931350114416
0 0.6535823170731707 0.8352402745995423 0.037347560975609755 0.041762013729977114
0 0.6158536585365854 0.8898741418764302 0.038871951219512195 0.04290617848970252
0 0.6471036585365854 0.8913043478260869 0.03201219512195122 0.03832951945080092
0 0.649390243902439 0.8649885583524027 0.02972560975609756 0.03546910755148741
0 0.631859756097561 0.9530892448512586 0.03048780487804878 0.03546910755148741
0 0.5198170731707317 0.9782608695652174 0.042682926829268296 0.043478260869565216
0 0.5701219512195121 0.8509725400457666 0.037347560975609755 0.04290617848970252
0 0.541920731707317 0.8395308924485125 0.03429878048780488 0.03832951945080092
0 0.49390243902439024 0.9081807780320366 0.0350609756097561 0.04004576659038902
0 0.47446646341463417 0.8458237986270023 0.03125 0.036041189931350116
0 0.46646341463414637 0.9004576659038902 0.03125 0.034324942791762014
0 0.44397865853658536 0.9359267734553776 0.03048780487804878 0.033752860411899316
0 0.4272103658536585 0.977974828375286 0.037347560975609755 0.04290617848970252
0 0.38109756097560976 0.9796910755148741 0.03277439024390244 0.02745995423340961
0 0.42378048780487804 0.8152173913043478 0.02972560975609756 0.03489702517162471
0 0.42873475609756095 0.8595537757437071 0.028201219512195123 0.02917620137299771
0 0.3856707317073171 0.8707093821510298 0.019054878048780487 0.02116704805491991
0 0.3475609756097561 0.9107551487414187 0.027439024390243903 0.03260869565217391
0 0.3006859756097561 0.9605263157894737 0.03125 0.036613272311212815
0 0.28353658536585363 0.903604118993135 0.02972560975609756 0.03318077803203661
0 0.26791158536585363 0.8458237986270023 0.028201219512195123 0.03318077803203661
0 0.24161585365853658 0.8887299771167048 0.027439024390243903 0.03318077803203661
0 0.2458079268292683 0.7986270022883295 0.038871951219512195 0.04576659038901602
0 0.2503810975609756 0.8114988558352403 0.028201219512195123 0.03260869565217391
0 0.24275914634146342 0.7848970251716247 0.028201219512195123 0.03318077803203661
0 0.21951219512195122 0.8346681922196796 0.025914634146341462 0.02688787185354691
0 0.15320121951219512 0.7740274599542334 0.03048780487804878 0.036041189931350116
0 0.11280487804878049 0.8541189931350115 0.03125 0.036613272311212815
0 0.18445121951219512 0.9213386727688787 0.025914634146341462 0.031464530892448515
0 0.15739329268292682 0.9170480549199085 0.028963414634146343 0.03032036613272311
0 0.11814024390243902 0.9493707093821511 0.027439024390243903 0.018306636155606407
0 0.025533536585365852 0.9385011441647597 0.028201219512195123 0.016018306636155607
0 0.10746951219512195 0.7645881006864989 0.028201219512195123 0.03546910755148741
0 0.0819359756097561 0.7768878718535469 0.025914634146341462 0.032036613272311214
0 0.013338414634146341 0.7408466819221968 0.026676829268292682 0.04004576659038902
0 0.019435975609756097 0.8489702517162472 0.03048780487804878 0.029748283752860413
0 0.028201219512195123 0.8907322654462243 0.025152439024390245 0.02803203661327231
0 0.11242378048780488 0.41104118993135014 0.02972560975609756 0.033752860411899316
0 0.26753048780487804 0.30005720823798626 0.02972560975609756 0.03260869565217391
0 0.2660060975609756 0.27316933638443935 0.028201219512195123 0.034324942791762014
0 0.38185975609756095 0.2740274599542334 0.03048780487804878 0.03318077803203661
0 0.3666158536585366 0.2048054919908467 0.02972560975609756 0.02803203661327231
0 0.38948170731707316 0.3744279176201373 0.03201219512195122 0.036041189931350116
0 0.4485518292682927 0.4582379862700229 0.03353658536585366 0.036041189931350116
0 0.4870426829268293 0.4959954233409611 0.035823170731707314 0.04004576659038902
0 0.4847560975609756 0.4957093821510298 0.024390243902439025 0.02517162471395881
0 0.6680640243902439 0.4310640732265446 0.03353658536585366 0.03718535469107551
0 0.678734756097561 0.40446224256292906 0.023628048780487805 0.02745995423340961
0 0.7217987804878049 0.4653890160183066 0.02972560975609756 0.03489702517162471
0 0.7526676829268293 0.29805491990846683 0.026676829268292682 0.030892448512585814
0 0.7404725609756098 0.21710526315789475 0.03048780487804878 0.03546910755148741
0 0.7896341463414634 0.33781464530892447 0.03048780487804878 0.036613272311212815
0 0.7576219512195121 0.3778604118993135 0.028963414634146343 0.036041189931350116
0 0.5476371951219512 0.26687643020594964 0.053353658536585365 0.05835240274599542
0 0.5552591463414634 0.27774599542334094 0.019817073170731708 0.02345537757437071
0 0.5590701219512195 0.255720823798627 0.021341463414634148 0.02517162471395881
0 0.5358231707317073 0.2751716247139588 0.022103658536585365 0.02574370709382151
0 0.5285823170731707 0.2139588100686499 0.028963414634146343 0.03489702517162471
0 0.4607469512195122 0.07465675057208238 0.02972560975609756 0.033752860411899316
0 0.4809451219512195 0.14673913043478262 0.028963414634146343 0.03260869565217391
0 0.5384908536585366 0.18792906178489702 0.023628048780487805 0.028604118993135013
0 0.6753048780487805 0.08295194508009153 0.0350609756097561 0.036041189931350116
0 0.7823932926829268 0.125 0.03201219512195122 0.036041189931350116
0 0.7633384146341463 0.11670480549199085 0.03201219512195122 0.038901601830663615
0 0.7488567073170732 0.08609839816933638 0.028201219512195123 0.02917620137299771
0 0.7351371951219512 0.10869565217391304 0.03429878048780488 0.036041189931350116
0 0.19664634146341464 0.5491990846681922 0.037347560975609755 0.04061784897025172
0 0.22446646341463414 0.24971395881006864 0.03277439024390244 0.036041189931350116
0 0.4020579268292683 0.722254004576659 0.038109756097560975 0.044050343249427915
0 0.4298780487804878 0.7068077803203662 0.03125 0.036613272311212815
0 0.47522865853658536 0.717391304347826 0.02972560975609756 0.03032036613272311