0 0.24486803519061584 0.39862637362637365 0.028592375366568914 0.026923076923076925
0 0.25146627565982405 0.41703296703296705 0.03225806451612903 0.02912087912087912
0 0.1942815249266862 0.40494505494505495 0.024926686217008796 0.023076923076923078
0 0.16092375366568915 0.46181318681318684 0.03812316715542522 0.03406593406593406
0 0.24303519061583578 0.5167582417582418 0.04105571847507331 0.03736263736263736
0 0.2899560117302053 0.45714285714285713 0.03519061583577713 0.03241758241758242
0 0.35777126099706746 0.4315934065934066 0.0469208211143695 0.04285714285714286
0 0.30058651026392963 0.2936813186813187 0.03519061583577713 0.03241758241758242
0 0.2723607038123167 0.32060439560439563 0.03152492668621701 0.02912087912087912
0 0.2925219941348974 0.33873626373626375 0.03592375366568915 0.033516483516483515
0 0.3559384164222874 0.33763736263736266 0.0469208211143695 0.04285714285714286
0 0.3486070381231672 0.34093406593406594 0.045454545454545456 0.04120879120879121
0 0.3588709677419355 0.3269230769230769 0.04985337243401759 0.0456043956043956
0 0.44501466275659823 0.3695054945054945 0.03519061583577713 0.031868131868131866
0 0.41678885630498536 0.4024725274725275 0.03225806451612903 0.02967032967032967
0 0.4013929618768328 0.42967032967032964 0.032991202346041054 0.03021978021978022
0 0.531891495601173 0.42967032967032964 0.038856304985337244 0.035164835164835165
0 0.5711143695014663 0.435989010989011 0.03225806451612903 0.02967032967032967
0 0.31341642228739003 0.43434065934065935 0.03152492668621701 0.02912087912087912
0 0.3618035190615836 0.5068681318681318 0.036656891495601175 0.033516483516483515
0 0.41019061583577715 0.4868131868131868 0.03225806451612903 0.02967032967032967
0 0.38306451612903225 0.47637362637362635 0.047653958944281524 0.043406593406593405
0 0.5538856304985337 0.4623626373626374 0.04252199413489736 0.03901098901098901
0 0.5821114369501467 0.46401098901098903 0.03152492668621701 0.02857142857142857
0 0.5153958944281525 0.525 0.036656891495601175 0.033516483516483515
0 0.530425219941349 0.5332417582417582 0.036656891495601175 0.033516483516483515
0 0.4318181818181818 0.496978021978022 0.02932551319648094 0.027472527472527472
0 0.4006598240469208 0.45357142857142857 0.0344574780058651 0.03131868131868132
0 0.4079912023460411 0.3445054945054945 0.04325513196480939 0.03956043956043956
0 0.4662756598240469 0.35192307692307695 0.038856304985337244 0.035164835164835165
0 0.4409824046920821 0.34203296703296704 0.04618768328445748 0.04230769230769231
0 0.43328445747800587 0.33379120879120877 0.039589442815249266 0.03626373626373627
0 0.3951612903225806 0.3791208791208791 0.03152492668621701 0.02912087912087912
0 0.3852639296187683 0.39368131868131867 0.038856304985337244 0.035164835164835165
0 0.36400293255131966 0.382967032967033 0.03592375366568915 0.033516483516483515
0 0.2785923753665689 0.3662087912087912 0.03152492668621701 0.02912087912087912
0 0.2558651026392962 0.3868131868131868 0.038856304985337244 0.03571428571428571
0 0.2965542521994135 0.39368131868131867 0.032991202346041054 0.03021978021978022
0 0.5417888563049853 0.3546703296703297 0.04838709677419355 0.04395604395604396
0 0.5205278592375366 0.3131868131868132 0.045454545454545456 0.041758241758241756
0 0.5109970674486803 0.368956043956044 0.03592375366568915 0.033516483516483515
0 0.5711143695014663 0.2914835164835165 0.03812316715542522 0.03406593406593406
0 0.5432551319648093 0.2695054945054945 0.04912023460410557 0.04450549450549451
0 0.5395894428152492 0.27692307692307694 0.036656891495601175 0.033516483516483515
0 0.5428885630498533 0.25769230769230766 0.04032258064516129 0.036813186813186814
0 0.46517595307917886 0.264010989010989 0.04105571847507331 0.03736263736263736
0 0.4178885630498534 0.18681318681318682 0.038856304985337244 0.035164835164835165
0 0.3841642228739003 0.21565934065934067 0.04252199413489736 0.03901098901098901
0 0.2969208211143695 0.20137362637362638 0.0469208211143695 0.043406593406593405
0 0.4970674486803519 0.5741758241758241 0.026392961876832845 0.024175824175824177
0 0.4666422287390029 0.6200549450549451 0.030058651026392963 0.027472527472527472
0 0.47910557184750735 0.5695054945054945 0.02785923753665689 0.025274725274725275
0 0.43328445747800587 0.6076923076923076 0.030058651026392963 0.027472527472527472
0 0.43585043988269795 0.5832417582417583 0.036656891495601175 0.03296703296703297
0 0.42888563049853373 0.5774725274725274 0.030058651026392963 0.027472527472527472
0 0.4182551319648094 0.5928571428571429 0.028592375366568914 0.026373626373626374
0 0.4270527859237537 0.5255494505494506 0.028592375366568914 0.026923076923076925
0 0.4112903225806452 0.5461538461538461 0.030791788856304986 0.028021978021978023
0 0.3918621700879765 0.542032967032967 0.028592375366568914 0.026373626373626374
0 0.3874633431085044 0.573076923076923 0.026392961876832845 0.024175824175824177
0 0.3346774193548387 0.5593406593406594 0.03225806451612903 0.02967032967032967
0 0.35703812316715544 0.45879120879120877 0.0344574780058651 0.03131868131868132
0 0.23790322580645162 0.4480769230769231 0.025659824046920823 0.023626373626373626
0 0.24633431085043989 0.4612637362637363 0.028592375366568914 0.026373626373626374
0 0.2837243401759531 0.253021978021978 0.021994134897360705 0.02032967032967033
0 0.2972873900293255 0.23406593406593407 0.032991202346041054 0.02967032967032967
0 0.2789589442815249 0.2173076923076923 0.03152492668621701 0.02912087912087912
0 0.311950146627566 0.1728021978021978 0.030791788856304986 0.028021978021978023
0 0.3229472140762463 0.18434065934065935 0.030058651026392963 0.027472527472527472
0 0.32111436950146627 0.20494505494505494 0.03592375366568915 0.03296703296703297
0 0.31085043988269795 0.2239010989010989 0.03592375366568915 0.03296703296703297
0 0.29508797653958946 0.20851648351648353 0.030058651026392963 0.027472527472527472
0 0.36363636363636365 0.23626373626373626 0.028592375366568914 0.026373626373626374
0 0.36950146627565983 0.2989010989010989 0.03152492668621701 0.028021978021978023
0 0.3936950146627566 0.2541208791208791 0.03152492668621701 0.02857142857142857
0 0.40615835777126097 0.26153846153846155 0.02785923753665689 0.024725274725274724
0 0.40615835777126097 0.22774725274725274 0.0344574780058651 0.03131868131868132
0 0.42008797653958946 0.2554945054945055 0.024193548387096774 0.02197802197802198
0 0.4303519061583578 0.2598901098901099 0.02932551319648094 0.026923076923076925
0 0.5087976539589443 0.2846153846153846 0.036656891495601175 0.033516483516483515
0 0.5157624633431085 0.23351648351648352 0.02932551319648094 0.027472527472527472
0 0.5080645161290323 0.21153846153846154 0.028592375366568914 0.026373626373626374
0 0.5340909090909091 0.23461538461538461 0.03592375366568915 0.03296703296703297
0 0.5835777126099707 0.26043956043956046 0.03519061583577713 0.031868131868131866
0 0.5949413489736071 0.34615384615384615 0.036656891495601175 0.033516483516483515
0 0.6631231671554252 0.3436813186813187 0.03225806451612903 0.02912087912087912
0 0.6466275659824047 0.40412087912087913 0.03152492668621701 0.02857142857142857
0 0.6653225806451613 0.39615384615384613 0.03519061583577713 0.03131868131868132
0 0.6917155425219942 0.4126373626373626 0.02785923753665689 0.024725274725274724
0 0.6876832844574781 0.3269230769230769 0.02932551319648094 0.026923076923076925
0 0.7327712609970675 0.3557692307692308 0.030791788856304986 0.028021978021978023
0 0.7272727272727273 0.4054945054945055 0.03225806451612903 0.02967032967032967
0 0.4446480938416422 0.43626373626373627 0.02346041055718475 0.020879120879120878
0 0.46810850439882695 0.4478021978021978 0.026392961876832845 0.024175824175824177
0 0.5989736070381232 0.5269230769230769 0.02785923753665689 0.024725274725274724
0 0.6623900293255132 0.554945054945055 0.03812316715542522 0.03461538461538462
0 0.625366568914956 0.7019230769230769 0.02932551319648094 0.026923076923076925
0 0.32404692082111436 0.3629120879120879 0.0373900293255132 0.03406593406593406
0 0.33064516129032256 0.37032967032967035 0.025659824046920823 0.023626373626373626
0 0.20637829912023462 0.4445054945054945 0.03152492668621701 0.02857142857142857
0 0.438049853372434 0.6464285714285715 0.04325513196480939 0.03956043956043956
0 0.4666422287390029 0.6626373626373626 0.03152492668621701 0.02857142857142857
0 0.41678885630498536 0.6642857142857143 0.02126099706744868 0.019230769230769232
0 0.3903958944281525 0.6478021978021978 0.03152492668621701 0.02857142857142857
0 0.3848973607038123 0.6282967032967033 0.03225806451612903 0.02857142857142857
0 0.39332844574780057 0.6046703296703296 0.039589442815249266 0.03626373626373627
0 0.3680351906158358 0.5997252747252747 0.024926686217008796 0.022527472527472527
0 0.2873900293255132 0.5832417582417583 0.03225806451612903 0.02967032967032967
0 0.26502932551319647 0.5997252747252747 0.0344574780058651 0.03131868131868132
0 0.6605571847507331 0.7332417582417582 0.03519061583577713 0.03296703296703297
0 0.6015395894428153 0.7629120879120879 0.032991202346041054 0.02967032967032967
0 0.5780791788856305 0.7436813186813187 0.03152492668621701 0.028021978021978023
0 0.5601173020527859 0.7431318681318682 0.028592375366568914 0.026373626373626374
0 0.5971407624633431 0.7868131868131868 0.03225806451612903 0.02912087912087912
0 0.656524926686217 0.6895604395604396 0.026392961876832845 0.024175824175824177
0 0.6319648093841642 0.6431318681318682 0.0344574780058651 0.03131868131868132
0 0.6081378299120235 0.6304945054945055 0.03152492668621701 0.02857142857142857
0 0.5670821114369502 0.5881868131868132 0.03225806451612903 0.02857142857142857
0 0.5410557184750733 0.593956043956044 0.02785923753665689 0.025274725274725275