0 0.4759078212290503 0.40680628272251307 0.05656424581005587 0.031413612565445025
0 0.5418994413407822 0.38848167539267014 0.046089385474860335 0.03717277486910995
0 0.5949720670391061 0.3332460732984293 0.04329608938547486 0.03769633507853403
0 0.4884776536312849 0.32225130890052356 0.04120111731843575 0.027225130890052355
0 0.38442737430167595 0.381151832460733 0.04748603351955307 0.032984293193717276
0 0.6057960893854749 0.40706806282722513 0.04888268156424581 0.031413612565445025
0 0.6134776536312849 0.21780104712041884 0.04399441340782123 0.032984293193717276
0 0.6766759776536313 0.2212041884816754 0.05377094972067039 0.03507853403141361
0 0.67981843575419 0.25863874345549737 0.05656424581005587 0.03769633507853403
0 0.5373603351955307 0.1774869109947644 0.04539106145251397 0.032984293193717276
0 0.5300279329608939 0.14947643979057593 0.05307262569832402 0.03455497382198953
0 0.6365223463687151 0.14895287958115183 0.04329608938547486 0.02774869109947644
0 0.6745810055865922 0.09319371727748692 0.03910614525139665 0.025654450261780103
0 0.5178072625698324 0.10549738219895288 0.052374301675977654 0.03717277486910995
0 0.34287709497206703 0.14842931937172774 0.046089385474860335 0.031413612565445025
0 0.3715083798882682 0.18821989528795813 0.037011173184357544 0.028272251308900525
0 0.3683659217877095 0.21335078534031413 0.039804469273743016 0.028272251308900525
0 0.3823324022346369 0.5036649214659686 0.03770949720670391 0.02774869109947644
0 0.5192039106145251 0.49345549738219896 0.030726256983240222 0.026701570680628273
0 0.30691340782122906 0.4212041884816754 0.036312849162011177 0.026701570680628273
0 0.3467178770949721 0.3837696335078534 0.030027932960893854 0.0193717277486911
0 0.2744413407821229 0.393717277486911 0.03840782122905028 0.023036649214659685
0 0.2838687150837989 0.3505235602094241 0.03212290502793296 0.025130890052356022
0 0.25488826815642457 0.3256544502617801 0.04259776536312849 0.02931937172774869
0 0.3687150837988827 0.26780104712041886 0.040502793296089384 0.028272251308900525
0 0.41794692737430167 0.2719895287958115 0.04259776536312849 0.02774869109947644
0 0.43924581005586594 0.9170157068062827 0.036312849162011177 0.026701570680628273
0 0.35230446927374304 0.8445026178010471 0.037011173184357544 0.025130890052356022
0 0.3477653631284916 0.8950261780104712 0.031424581005586594 0.02617801047120419
0 0.31773743016759776 0.9049738219895288 0.046089385474860335 0.034031413612565446
0 0.27339385474860334 0.8696335078534031 0.0356145251396648 0.026701570680628273
0 0.2297486033519553 0.8568062827225131 0.03282122905027933 0.027225130890052355
0 0.21438547486033518 0.8960732984293194 0.04958100558659218 0.03664921465968586
0 0.21613128491620112 0.8819371727748692 0.030726256983240222 0.023036649214659685
0 0.19972067039106145 0.9018324607329843 0.031424581005586594 0.02617801047120419
0 0.22381284916201116 0.9018324607329843 0.034217877094972066 0.024607329842931937
0 0.1672486033519553 0.8287958115183246 0.03212290502793296 0.023036649214659685
0 0.14455307262569833 0.7811518324607329 0.034217877094972066 0.02356020942408377
0 0.08589385474860335 0.7222513089005236 0.04189944134078212 0.02774869109947644
0 0.07995810055865922 0.6968586387434555 0.04189944134078212 0.027225130890052355
0 0.19134078212290503 0.7259162303664921 0.031424581005586594 0.025654450261780103
0 0.2744413407821229 0.6945026178010472 0.031424581005586594 0.025130890052356022
0 0.2943435754189944 0.7031413612565445 0.025139664804469275 0.022513089005235604
0 0.7730446927374302 0.34345549738219894 0.0335195530726257 0.026701570680628273
0 0.7489525139664804 0.2801047120418848 0.039804469273743016 0.0356020942408377
0 0.8365921787709497 0.3170157068062827 0.034217877094972066 0.025130890052356022
0 0.6050977653631285 0.24921465968586387 0.02863128491620112 0.02356020942408377
0 0.5645949720670391 0.20628272251308902 0.039804469273743016 0.033507853403141365
0 0.8100558659217877 0.1337696335078534 0.030027932960893854 0.025654450261780103
0 0.8488128491620112 0.09005235602094241 0.05027932960893855 0.03926701570680628
0 0.3816340782122905 0.09109947643979058 0.025139664804469275 0.021465968586387434
0 0.3610335195530726 0.10654450261780105 0.0335195530726257 0.025654450261780103
0 0.38268156424581007 0.04869109947643979 0.0356145251396648 0.027225130890052355
0 0.2789804469273743 0.030366492146596858 0.03840782122905028 0.025654450261780103
0 0.3159916201117318 0.032460732984293195 0.03212290502793296 0.02617801047120419
0 0.24476256983240224 0.049476439790575914 0.039804469273743016 0.032984293193717276
0 0.28002793296089384 0.06727748691099476 0.03770949720670391 0.02774869109947644
0 0.27339385474860334 0.048167539267015703 0.034217877094972066 0.023036649214659685
0 0.2388268156424581 0.11492146596858639 0.03910614525139665 0.029842931937172777
0 0.25593575418994413 0.17172774869109947 0.034217877094972066 0.026701570680628273
0 0.24196927374301677 0.19842931937172775 0.034916201117318434 0.025130890052356022
0 0.2527932960893855 0.21596858638743455 0.029329608938547486 0.025654450261780103
0 0.33554469273743015 0.22408376963350785 0.036312849162011177 0.030366492146596858
0 0.2772346368715084 0.2568062827225131 0.034217877094972066 0.027225130890052355
0 0.24615921787709497 0.2510471204188482 0.02863128491620112 0.02617801047120419
0 0.486731843575419 0.29921465968586386 0.027932960893854747 0.02356020942408377
0 0.528282122905028 0.28403141361256545 0.034217877094972066 0.02774869109947644
0 0.5960195530726257 0.5468586387434555 0.03212290502793296 0.02356020942408377
0 0.5618016759776536 0.5544502617801047 0.039804469273743016 0.0356020942408377
0 0.3334497206703911 0.5609947643979057 0.04539106145251397 0.02931937172774869
0 0.08100558659217877 0.643979057591623 0.03910614525139665 0.030890052356020943
0 0.18016759776536312 0.6630890052356021 0.036312849162011177 0.027225130890052355
0 0.2014664804469274 0.6769633507853403 0.034916201117318434 0.024607329842931937
0 0.1581703910614525 0.7183246073298429 0.03212290502793296 0.02356020942408377
0 0.18470670391061453 0.5897905759162304 0.037011173184357544 0.028272251308900525
0 0.2032122905027933 0.5424083769633508 0.04189944134078212 0.031413612565445025
0 0.12465083798882681 0.4175392670157068 0.034217877094972066 0.02931937172774869
0 0.22136871508379888 0.406282722513089 0.037011173184357544 0.03193717277486911
0 0.10335195530726257 0.44293193717277485 0.0335195530726257 0.02617801047120419
0 0.2629189944134078 0.3712041884816754 0.0356145251396648 0.028795811518324606
0 0.17981843575418993 0.30863874345549736 0.034217877094972066 0.027225130890052355
0 0.19797486033519554 0.24842931937172774 0.037011173184357544 0.030890052356020943
0 0.12988826815642457 0.23115183246073298 0.02863128491620112 0.020942408376963352
0 0.09671787709497207 0.17853403141361257 0.04539106145251397 0.03717277486910995
0 0.0960195530726257 0.16701570680628272 0.030027932960893854 0.023036649214659685
0 0.0939245810055866 0.18612565445026177 0.029329608938547486 0.02356020942408377
0 0.15048882681564246 0.10785340314136126 0.034916201117318434 0.027225130890052355
0 0.16759776536312848 0.13507853403141362 0.04259776536312849 0.03455497382198953
0 0.1581703910614525 0.17984293193717277 0.03910614525139665 0.02617801047120419
0 0.20635474860335196 0.17905759162303664 0.034217877094972066 0.027225130890052355
0 0.4025837988826816 0.12277486910994764 0.036312849162011177 0.031413612565445025
0 0.4312150837988827 0.061518324607329845 0.03910614525139665 0.03193717277486911
0 0.4420391061452514 0.09031413612565445 0.027932960893854747 0.024083769633507852
0 0.4755586592178771 0.0905759162303665 0.039804469273743016 0.029842931937172777
0 0.4549581005586592 0.11492146596858639 0.055865921787709494 0.041361256544502616
0 0.4514664804469274 0.10392670157068062 0.025837988826815643 0.019895287958115182
0 0.46089385474860334 0.12146596858638743 0.029329608938547486 0.02356020942408377
0 0.4825418994413408 0.13717277486910995 0.030726256983240222 0.023036649214659685
0 0.3509078212290503 0.0306282722513089 0.030726256983240222 0.024607329842931937