0 0.5181451612903226 0.5362903225806451 0.05174731182795699 0.04233870967741935
0 0.5581317204301075 0.522429435483871 0.049059139784946235 0.04233870967741935
0 0.614247311827957 0.5355342741935484 0.04704301075268817 0.041834677419354836
0 0.5739247311827957 0.5814012096774194 0.0396505376344086 0.03377016129032258
0 0.49294354838709675 0.5844254032258065 0.04704301075268817 0.04032258064516129
0 0.5749327956989247 0.4881552419354839 0.04704301075268817 0.039818548387096774
0 0.6911962365591398 0.5967741935483871 0.04502688172043011 0.03881048387096774
0 0.7170698924731183 0.5715725806451613 0.05174731182795699 0.043850806451612906
0 0.6955645161290323 0.5483870967741935 0.05443548387096774 0.046875
0 0.6814516129032258 0.6486895161290323 0.0456989247311828 0.03881048387096774
0 0.6952284946236559 0.6678427419354839 0.051075268817204304 0.04284274193548387
0 0.7415994623655914 0.6287802419354839 0.04099462365591398 0.03477822580645161
0 0.7923387096774194 0.6479334677419355 0.03763440860215054 0.031754032258064516
0 0.7160618279569892 0.6978326612903226 0.05241935483870968 0.04485887096774194
0 0.6129032258064516 0.7368951612903226 0.04502688172043011 0.038306451612903226
0 0.602486559139785 0.703125 0.03763440860215054 0.03276209677419355
0 0.5860215053763441 0.6895161290322581 0.0396505376344086 0.03377016129032258
0 0.41935483870967744 0.5133568548387096 0.03763440860215054 0.03276209677419355
0 0.48588709677419356 0.4692540322580645 0.03293010752688172 0.029233870967741934
0 0.43514784946236557 0.5897177419354839 0.03696236559139785 0.031754032258064516
0 0.4747983870967742 0.5970262096774194 0.02889784946236559 0.02469758064516129
0 0.43716397849462363 0.6179435483870968 0.03494623655913978 0.029233870967741934
0 0.46706989247311825 0.639616935483871 0.033602150537634407 0.029233870967741934
0 0.4694220430107527 0.665070564516129 0.041666666666666664 0.03578629032258065
0 0.553763440860215 0.657258064516129 0.04032258064516129 0.03377016129032258
0 0.573252688172043 0.6368447580645161 0.04032258064516129 0.034274193548387094
0 0.19858870967741934 0.24899193548387097 0.03696236559139785 0.031754032258064516
0 0.20362903225806453 0.3235887096774194 0.036290322580645164 0.03024193548387097
0 0.17137096774193547 0.2951108870967742 0.033602150537634407 0.029737903225806453
0 0.15255376344086022 0.3009072580645161 0.046370967741935484 0.04032258064516129
0 0.15423387096774194 0.33744959677419356 0.036290322580645164 0.03125
0 0.14146505376344087 0.36139112903225806 0.03494623655913978 0.030745967741935484
0 0.11189516129032258 0.34375 0.05040322580645161 0.043850806451612906
0 0.12096774193548387 0.3515625 0.030913978494623656 0.026713709677419355
0 0.10215053763440861 0.3460181451612903 0.033602150537634407 0.029737903225806453
0 0.11256720430107527 0.33744959677419356 0.034274193548387094 0.029737903225806453
0 0.13138440860215053 0.40095766129032256 0.03225806451612903 0.027721774193548387
0 0.14952956989247312 0.4369959677419355 0.033602150537634407 0.029233870967741934
0 0.1586021505376344 0.4934475806451613 0.04032258064516129 0.03377016129032258
0 0.17170698924731181 0.5108366935483871 0.04032258064516129 0.03377016129032258
0 0.20262096774193547 0.4526209677419355 0.033602150537634407 0.029737903225806453
0 0.25806451612903225 0.4405241935483871 0.03293010752688172 0.028729838709677418
0 0.2620967741935484 0.4279233870967742 0.027553763440860215 0.024193548387096774
0 0.6868279569892473 0.4639616935483871 0.03494623655913978 0.030745967741935484
0 0.7137096774193549 0.5105846774193549 0.043682795698924734 0.03881048387096774
0 0.7301747311827957 0.4566532258064516 0.035618279569892476 0.03024193548387097
0 0.6686827956989247 0.5814012096774194 0.03024193548387097 0.026713709677419355
0 0.6760752688172043 0.6214717741935484 0.04233870967741935 0.03780241935483871
0 0.8276209677419355 0.5740927419354839 0.03225806451612903 0.028729838709677418
0 0.8706317204301075 0.5859375 0.05241935483870968 0.04536290322580645
0 0.6646505376344086 0.7565524193548387 0.026881720430107527 0.023689516129032258
0 0.6461693548387096 0.7550403225806451 0.03494623655913978 0.03024193548387097
0 0.6898521505376344 0.7809979838709677 0.036290322580645164 0.03125
0 0.655241935483871 0.8301411290322581 0.03696236559139785 0.031754032258064516
0 0.6700268817204301 0.8150201612903226 0.03494623655913978 0.03024193548387097
0 0.6286962365591398 0.8308971774193549 0.04233870967741935 0.037298387096774195
0 0.6340725806451613 0.8079637096774194 0.03763440860215054 0.03276209677419355
0 0.6424731182795699 0.821320564516129 0.033602150537634407 0.028729838709677418
0 0.5873655913978495 0.7948588709677419 0.0396505376344086 0.034274193548387094
0 0.561491935483871 0.7552923387096774 0.035618279569892476 0.030745967741935484
0 0.5393145161290323 0.7442036290322581 0.03494623655913978 0.029737903225806453
0 0.5329301075268817 0.7300907258064516 0.03225806451612903 0.028225806451612902
0 0.5655241935483871 0.6950604838709677 0.038978494623655914 0.034274193548387094
0 0.5201612903225806 0.6973286290322581 0.035618279569892476 0.03125
0 0.5094086021505376 0.7124495967741935 0.03225806451612903 0.028225806451612902
0 0.5873655913978495 0.5955141129032258 0.02956989247311828 0.02620967741935484
0 0.614247311827957 0.5892137096774194 0.035618279569892476 0.03125
0 0.4879032258064516 0.4095262096774194 0.03225806451612903 0.027721774193548387
0 0.46841397849462363 0.4180947580645161 0.04435483870967742 0.03931451612903226
0 0.3635752688172043 0.4977318548387097 0.043682795698924734 0.036290322580645164
0 0.20295698924731181 0.5415826612903226 0.04032258064516129 0.03528225806451613
0 0.23588709677419356 0.4939516129032258 0.03696236559139785 0.031754032258064516
0 0.23655913978494625 0.4778225806451613 0.03494623655913978 0.029737903225806453
0 0.19321236559139784 0.4692540322580645 0.03225806451612903 0.027721774193548387
0 0.28125 0.5352822580645161 0.038306451612903226 0.03326612903225806
0 0.3172043010752688 0.5564516129032258 0.04233870967741935 0.03679435483870968
0 0.35685483870967744 0.6582661290322581 0.03696236559139785 0.03276209677419355
0 0.40625 0.6300403225806451 0.04032258064516129 0.03528225806451613
0 0.3323252688172043 0.6517137096774194 0.035618279569892476 0.030745967741935484
0 0.4459005376344086 0.6355846774193549 0.03763440860215054 0.03276209677419355
0 0.44623655913978494 0.702116935483871 0.035618279569892476 0.03125
0 0.4899193548387097 0.7313508064516129 0.038978494623655914 0.034274193548387094
0 0.47043010752688175 0.7663810483870968 0.02889784946236559 0.025201612903225805
0 0.48689516129032256 0.8094758064516129 0.04838709677419355 0.04233870967741935
0 0.4939516129032258 0.8165322580645161 0.030913978494623656 0.026713709677419355
0 0.48118279569892475 0.8064516129032258 0.030913978494623656 0.026713709677419355
0 0.5524193548387096 0.8319052419354839 0.035618279569892476 0.03125
0 0.5443548387096774 0.8094758064516129 0.04502688172043011 0.03931451612903226
0 0.5137768817204301 0.7862903225806451 0.038306451612903226 0.03225806451612903
0 0.5346102150537635 0.7691532258064516 0.035618279569892476 0.030745967741935484
0 0.6549059139784946 0.7303427419354839 0.038978494623655914 0.03477822580645161
0 0.7043010752688172 0.7552923387096774 0.041666666666666664 0.03578629032258065
0 0.6915322580645161 0.7348790322580645 0.03024193548387097 0.026713709677419355
0 0.7063172043010753 0.7222782258064516 0.04032258064516129 0.03477822580645161
0 0.6821236559139785 0.7157258064516129 0.056451612903225805 0.04889112903225806
0 0.6875 0.7235383064516129 0.02620967741935484 0.022681451612903226
0 0.6811155913978495 0.7096774193548387 0.031586021505376344 0.02721774193548387
0 0.6814516129032258 0.6925403225806451 0.03225806451612903 0.02721774193548387
0 0.6871639784946236 0.8034274193548387 0.03225806451612903 0.028225806451612902