0 0.48565573770491804 0.5478995901639344 0.04644808743169399 0.03944672131147541
0 0.5297131147540983 0.5440573770491803 0.04371584699453552 0.039959016393442626
0 0.5788934426229508 0.5699282786885246 0.041666666666666664 0.03944672131147541
0 0.5208333333333334 0.6047643442622951 0.03551912568306011 0.031762295081967214
0 0.44091530054644806 0.5886270491803278 0.04234972677595628 0.03790983606557377
0 0.5607923497267759 0.5148565573770492 0.04234972677595628 0.03739754098360656
0 0.6273907103825137 0.6472848360655737 0.040300546448087435 0.03637295081967213
0 0.6632513661202186 0.6290983606557377 0.04644808743169399 0.040983606557377046
0 0.6519808743169399 0.6014344262295082 0.04918032786885246 0.043545081967213115
0 0.5966530054644809 0.6951844262295082 0.040983606557377046 0.03637295081967213
0 0.6014344262295082 0.7169569672131147 0.045765027322404374 0.039959016393442626
0 0.6629098360655737 0.6900614754098361 0.036885245901639344 0.03227459016393443
0 0.7038934426229508 0.7205430327868853 0.03415300546448088 0.02971311475409836
0 0.6092896174863388 0.7510245901639344 0.04644808743169399 0.042008196721311473
0 0.4931693989071038 0.764344262295082 0.040983606557377046 0.035860655737704916
0 0.4972677595628415 0.7292520491803278 0.03415300546448088 0.030737704918032786
0 0.4870218579234973 0.7120901639344263 0.03551912568306011 0.031762295081967214
0 0.39959016393442626 0.5025614754098361 0.03415300546448088 0.030737704918032786
0 0.4822404371584699 0.4756659836065574 0.029371584699453553 0.027663934426229508
0 0.3828551912568306 0.5801741803278688 0.03346994535519126 0.02971311475409836
0 0.4180327868852459 0.5965676229508197 0.025956284153005466 0.02305327868852459
0 0.3729508196721312 0.6078381147540983 0.031420765027322405 0.027151639344262294
0 0.39310109289617484 0.6360143442622951 0.030054644808743168 0.027151639344262294
0 0.38456284153005466 0.6611168032786885 0.03756830601092896 0.033299180327868855
0 0.46960382513661203 0.6734118852459017 0.036202185792349725 0.031762295081967214
0 0.49658469945355194 0.6580430327868853 0.036202185792349725 0.03227459016393443
0 0.2967896174863388 0.19518442622950818 0.03346994535519126 0.02971311475409836
0 0.27049180327868855 0.26844262295081966 0.03210382513661202 0.028688524590163935
0 0.25136612021857924 0.2333504098360656 0.030054644808743168 0.027663934426229508
0 0.2305327868852459 0.234375 0.041666666666666664 0.03790983606557377
0 0.21687158469945356 0.2699795081967213 0.03278688524590164 0.02971311475409836
0 0.19467213114754098 0.29021516393442626 0.030737704918032786 0.028688524590163935
0 0.17349726775956284 0.2661372950819672 0.045081967213114756 0.040983606557377046
0 0.17930327868852458 0.27587090163934425 0.028005464480874317 0.025102459016393443
0 0.16325136612021857 0.2661372950819672 0.030054644808743168 0.027663934426229508
0 0.17691256830601093 0.26024590163934425 0.030737704918032786 0.027663934426229508
0 0.1687158469945355 0.3260758196721312 0.028688524590163935 0.02612704918032787
0 0.17076502732240437 0.36526639344262296 0.030054644808743168 0.027151639344262294
0 0.1560792349726776 0.421875 0.036202185792349725 0.031762295081967214
0 0.16120218579234974 0.4418545081967213 0.036202185792349725 0.031762295081967214
0 0.21550546448087432 0.39293032786885246 0.030054644808743168 0.027663934426229508
0 0.27424863387978143 0.3942110655737705 0.029371584699453553 0.027151639344262294
0 0.28312841530054644 0.3829405737704918 0.02459016393442623 0.02305327868852459
0 0.6789617486338798 0.5179303278688525 0.030737704918032786 0.028688524590163935
0 0.6854508196721312 0.5691598360655737 0.0389344262295082 0.03637295081967213
0 0.7237021857923497 0.5207479508196722 0.031420765027322405 0.02817622950819672
0 0.6120218579234973 0.6270491803278688 0.0273224043715847 0.025102459016393443
0 0.6024590163934426 0.6677766393442623 0.03756830601092896 0.0353483606557377
0 0.7687841530054644 0.657530737704918 0.028688524590163935 0.027151639344262294
0 0.8056693989071039 0.679047131147541 0.0471311475409836 0.04252049180327869
0 0.5348360655737705 0.7953381147540983 0.02390710382513661 0.022540983606557378
0 0.51775956284153 0.789702868852459 0.030737704918032786 0.02817622950819672
0 0.5491803278688525 0.8250512295081968 0.03278688524590164 0.02971311475409836
0 0.4952185792349727 0.8642418032786885 0.03346994535519126 0.02971311475409836
0 0.5157103825136612 0.8532274590163934 0.030737704918032786 0.02817622950819672
0 0.4692622950819672 0.8588627049180327 0.03756830601092896 0.03483606557377049
0 0.483948087431694 0.8378586065573771 0.03415300546448088 0.030737704918032786
0 0.48633879781420764 0.8529713114754098 0.030054644808743168 0.02663934426229508
0 0.44398907103825136 0.8140368852459017 0.03551912568306011 0.03227459016393443
0 0.4354508196721312 0.7699795081967213 0.031420765027322405 0.028688524590163935
0 0.41905737704918034 0.7538422131147541 0.031420765027322405 0.027663934426229508
0 0.4187158469945355 0.7389856557377049 0.028688524590163935 0.02663934426229508
0 0.4648224043715847 0.7126024590163934 0.03483606557377049 0.03227459016393443
0 0.42008196721311475 0.7041495901639344 0.03210382513661202 0.02920081967213115
0 0.40334699453551914 0.7164446721311475 0.028688524590163935 0.02663934426229508
0 0.5276639344262295 0.6216700819672131 0.02663934426229508 0.02459016393442623
0 0.5563524590163934 0.6219262295081968 0.03210382513661202 0.02920081967213115
0 0.5095628415300546 0.4182889344262295 0.028688524590163935 0.02612704918032787
0 0.4870218579234973 0.42213114754098363 0.03961748633879782 0.036885245901639344
0 0.3521174863387978 0.47438524590163933 0.0389344262295082 0.03381147540983607
0 0.17896174863387979 0.47899590163934425 0.036202185792349725 0.033299180327868855
0 0.2305327868852459 0.4405737704918033 0.03346994535519126 0.030225409836065573
0 0.2380464480874317 0.42520491803278687 0.031420765027322405 0.027663934426229508
0 0.1994535519125683 0.4067622950819672 0.028688524590163935 0.02612704918032787
0 0.2568306010928962 0.4912909836065574 0.03415300546448088 0.03125
0 0.28312841530054644 0.5202356557377049 0.03756830601092896 0.03432377049180328
0 0.2786885245901639 0.6278176229508197 0.03278688524590164 0.03125
0 0.33811475409836067 0.6121926229508197 0.03551912568306011 0.033299180327868855
0 0.2575136612021858 0.6157786885245902 0.031420765027322405 0.028688524590163935
0 0.3739754098360656 0.6270491803278688 0.03346994535519126 0.03125
0 0.34665300546448086 0.6915983606557377 0.03210382513661202 0.02920081967213115
0 0.37636612021857924 0.7300204918032787 0.03483606557377049 0.03227459016393443
0 0.34289617486338797 0.7592213114754098 0.025956284153005466 0.0235655737704918
0 0.3411885245901639 0.8048155737704918 0.0430327868852459 0.039959016393442626
0 0.34494535519125685 0.8132684426229508 0.028005464480874317 0.025102459016393443
0 0.33674863387978143 0.8004610655737705 0.028005464480874317 0.025102459016393443
0 0.3951502732240437 0.8417008196721312 0.03210382513661202 0.02920081967213115
0 0.39651639344262296 0.8181352459016393 0.040300546448087435 0.036885245901639344
0 0.37636612021857924 0.7886782786885246 0.03483606557377049 0.030225409836065573
0 0.40403005464480873 0.7771516393442623 0.031420765027322405 0.028688524590163935
0 0.5365437158469946 0.7676741803278688 0.03483606557377049 0.03278688524590164
0 0.5737704918032787 0.8035348360655737 0.036885245901639344 0.03381147540983607
0 0.5700136612021858 0.7807377049180327 0.0273224043715847 0.025102459016393443
0 0.5894808743169399 0.7722848360655737 0.036202185792349725 0.03278688524590164
0 0.5689890710382514 0.7599897540983607 0.050546448087431695 0.04610655737704918
0 0.5706967213114754 0.7689549180327869 0.023224043715846996 0.02151639344262295
0 0.5703551912568307 0.7540983606557377 0.028005464480874317 0.025614754098360656
0 0.5778688524590164 0.7374487704918032 0.028688524590163935 0.025614754098360656
0 0.5372267759562842 0.8460553278688525 0.028688524590163935 0.02663934426229508