0 0.7205340699815838 0.2983425414364641 0.03959484346224678 0.03038674033149171
0 0.7523020257826888 0.31629834254143646 0.0423572744014733 0.03383977900552486
0 0.7730202578268877 0.2285911602209945 0.03683241252302026 0.024171270718232045
0 0.9125230202578268 0.20511049723756905 0.04788213627992634 0.03798342541436464
0 0.9534990791896869 0.34668508287292815 0.040515653775322284 0.04074585635359116
0 0.8029465930018416 0.387085635359116 0.053406998158379376 0.0324585635359116
0 0.6975138121546961 0.47341160220994477 0.06445672191528545 0.049723756906077346
0 0.464548802946593 0.3342541436464088 0.049723756906077346 0.034530386740331494
0 0.5414364640883977 0.30455801104972374 0.04604051565377532 0.031077348066298343
0 0.5612338858195212 0.34185082872928174 0.055248618784530384 0.034530386740331494
0 0.5101289134438306 0.430939226519337 0.06813996316758748 0.04696132596685083
0 0.5220994475138122 0.42230662983425415 0.05985267034990792 0.04765193370165746
0 0.48572744014732966 0.430939226519337 0.06721915285451197 0.052486187845303865
0 0.503683241252302 0.5718232044198895 0.05156537753222836 0.03383977900552486
0 0.5925414364640884 0.5455801104972375 0.04696132596685083 0.03314917127071823
0 0.6602209944751382 0.5352209944751382 0.04788213627992634 0.03314917127071823
0 0.5557090239410681 0.7220303867403315 0.058931860036832415 0.03591160220994475
0 0.5386740331491713 0.7800414364640884 0.04419889502762431 0.03383977900552486
0 0.7384898710865562 0.41091160220994477 0.04604051565377532 0.031767955801104975
0 0.8453038674033149 0.5113950276243094 0.053406998158379376 0.03591160220994475
0 0.7679558011049724 0.5714779005524862 0.04419889502762431 0.03383977900552486
0 0.7684162062615101 0.5290055248618785 0.06353591160220995 0.05110497237569061
0 0.6054327808471455 0.7658839779005525 0.058931860036832415 0.04419889502762431
0 0.5860957642725598 0.8076657458563536 0.0432780847145488 0.0324585635359116
0 0.7624309392265194 0.7382596685082873 0.05064456721915286 0.03798342541436464
0 0.7661141804788214 0.7638121546961326 0.05156537753222836 0.03729281767955801
0 0.7711786372007366 0.6060082872928176 0.0432780847145488 0.028314917127071824
0 0.7076427255985267 0.5441988950276243 0.04511970534069982 0.034530386740331494
0 0.48250460405156537 0.5082872928176796 0.061694290976058934 0.04419889502762431
0 0.4507366482504604 0.5959944751381215 0.053406998158379376 0.04005524861878453
0 0.45119705340699817 0.5549033149171271 0.06261510128913444 0.049723756906077346
0 0.44014732965009207 0.5404005524861878 0.05432780847145488 0.04212707182320442
0 0.5621546961325967 0.5048342541436464 0.04419889502762431 0.0324585635359116
0 0.5999079189686924 0.4975828729281768 0.052486187845303865 0.03867403314917127
0 0.5943830570902394 0.46236187845303867 0.05156537753222836 0.03660220994475138
0 0.6284530386740331 0.3328729281767956 0.0432780847145488 0.03314917127071823
0 0.6878453038674033 0.30939226519337015 0.053406998158379376 0.04074585635359116
0 0.669889502762431 0.36982044198895025 0.04419889502762431 0.03591160220994475
0 0.39732965009208104 0.7040745856353591 0.06813996316758748 0.04765193370165746
0 0.3296500920810313 0.6564226519337016 0.06721915285451197 0.04212707182320442
0 0.45027624309392267 0.6660911602209945 0.049723756906077346 0.03798342541436464
0 0.24631675874769798 0.7199585635359116 0.05432780847145488 0.03729281767955801
0 0.22329650092081033 0.6705801104972375 0.070902394106814 0.04765193370165746
0 0.2421731123388582 0.6678176795580111 0.049723756906077346 0.0393646408839779
0 0.19935543278084714 0.6654005524861878 0.052486187845303865 0.04350828729281768
0 0.27440147329650094 0.5566298342541437 0.055248618784530384 0.04419889502762431
0 0.15653775322283608 0.4564917127071823 0.05156537753222836 0.04074585635359116
0 0.24125230202578268 0.42092541436464087 0.06261510128913444 0.04074585635359116
0 0.281767955801105 0.29040055248618785 0.06813996316758748 0.04696132596685083
0 0.8752302025782689 0.732389502762431 0.03683241252302026 0.027624309392265192
0 0.9857274401473296 0.7071823204419889 0.0285451197053407 0.031767955801104975
0 0.8798342541436464 0.7058011049723757 0.03867403314917127 0.027624309392265192
0 0.9866482504604052 0.6550414364640884 0.026703499079189688 0.031077348066298343
0 0.9419889502762431 0.6488259668508287 0.04604051565377532 0.04074585635359116
0 0.9369244935543278 0.6367403314917127 0.03959484346224678 0.031767955801104975
0 0.9760589318600368 0.6277624309392266 0.03867403314917127 0.03038674033149171
0 0.8328729281767956 0.611878453038674 0.03959484346224678 0.03038674033149171
0 0.8872007366482505 0.5977209944751382 0.0432780847145488 0.03038674033149171
0 0.8931860036832413 0.5694060773480663 0.03867403314917127 0.03038674033149171
0 0.9594843462246777 0.5752762430939227 0.034990791896869246 0.029696132596685083
0 0.9737569060773481 0.493439226519337 0.0432780847145488 0.034530386740331494
0 0.753683241252302 0.48411602209944754 0.04788213627992634 0.034530386740331494
0 0.8255064456721916 0.3090469613259669 0.03406998158379374 0.027624309392265192
0 0.8453038674033149 0.32734806629834257 0.03867403314917127 0.03038674033149171
0 0.39594843462246776 0.2935082872928177 0.03038674033149171 0.024171270718232045
0 0.34714548802946593 0.30421270718232046 0.04511970534069982 0.03383977900552486
0 0.32734806629834257 0.2717541436464088 0.0423572744014733 0.03383977900552486
0 0.21178637200736647 0.29937845303867405 0.04143646408839779 0.0324585635359116
0 0.2265193370165746 0.32113259668508287 0.03959484346224678 0.031767955801104975
0 0.27025782688766115 0.3259668508287293 0.04788213627992634 0.03867403314917127
0 0.31537753222836096 0.3200966850828729 0.04880294659300184 0.03729281767955801
0 0.2965009208103131 0.29040055248618785 0.03959484346224678 0.031767955801104975
0 0.29972375690607733 0.4005524861878453 0.03867403314917127 0.03038674033149171
0 0.4212707182320442 0.4347375690607735 0.04143646408839779 0.0324585635359116
0 0.31077348066298344 0.45027624309392267 0.040515653775322284 0.03314917127071823
0 0.31629834254143646 0.4713397790055249 0.03867403314917127 0.026933701657458564
0 0.24861878453038674 0.457182320441989 0.04511970534069982 0.03591160220994475
0 0.2932780847145488 0.4886049723756906 0.034990791896869246 0.023480662983425413
0 0.2932780847145488 0.505524861878453 0.040515653775322284 0.03038674033149171
0 0.2826887661141805 0.6274171270718232 0.049723756906077346 0.03867403314917127
0 0.17265193370165746 0.6167127071823204 0.04419889502762431 0.027624309392265192
0 0.13489871086556168 0.5963397790055248 0.037753222836095765 0.029696132596685083
0 0.16068139963167588 0.6429558011049724 0.04880294659300184 0.03798342541436464
0 0.17357274401473297 0.7241022099447514 0.04511970534069982 0.03798342541436464
0 0.3374769797421731 0.7769337016574586 0.05156537753222836 0.03798342541436464
0 0.27900552486187846 0.8736187845303868 0.0432780847145488 0.03383977900552486
0 0.4143646408839779 0.8746546961325967 0.0423572744014733 0.03383977900552486
0 0.3825966850828729 0.8984806629834254 0.04696132596685083 0.03591160220994475
0 0.39548802946593004 0.943024861878453 0.03683241252302026 0.029005524861878452
0 0.22513812154696133 0.9015883977900553 0.0423572744014733 0.029005524861878452
0 0.24769797421731124 0.9779005524861878 0.040515653775322284 0.0324585635359116
0 0.35267034990791896 0.986878453038674 0.04419889502762431 0.026243093922651933
0 0.6385819521178637 0.6001381215469613 0.03222836095764273 0.024171270718232045
0 0.643646408839779 0.638121546961326 0.037753222836095765 0.025552486187845305
0 0.6988950276243094 0.8587707182320442 0.03867403314917127 0.027624309392265192
0 0.7058011049723757 0.9609806629834254 0.052486187845303865 0.03867403314917127
0 0.5865561694290976 0.3960635359116022 0.05064456721915286 0.03867403314917127
0 0.5962246777163904 0.40849447513812154 0.03683241252302026 0.026933701657458564
0 0.8439226519337016 0.26277624309392267 0.04143646408839779 0.03314917127071823
0 0.9060773480662984 0.944060773480663 0.040515653775322284 0.017265193370165747
0 0.901012891344383 0.9150552486187845 0.03867403314917127 0.03660220994475138
0 0.8476058931860037 0.8383977900552486 0.03683241252302026 0.03798342541436464
0 0.8816758747697975 0.8031767955801105 0.03959484346224678 0.027624309392265192