0 0.27786032689450224 0.10050111358574611 0.04234769687964339 0.030623608017817373
0 0.26820208023774145 0.12388641425389756 0.03937592867756315 0.030623608017817373
0 0.2362555720653789 0.15840757238307349 0.046805349182763745 0.0334075723830735
0 0.22994056463595838 0.10467706013363029 0.04457652303120357 0.03229398663697105
0 0.20170876671619614 0.16425389755011136 0.03937592867756315 0.030623608017817373
0 0.3109212481426449 0.17761692650334077 0.043833580980683504 0.02951002227171492
0 0.28343239227340267 0.183184855233853 0.03863298662704309 0.03173719376391982
0 0.2838038632986627 0.2118596881959911 0.0549777117384844 0.0400890868596882
0 0.362555720653789 0.18596881959910913 0.04457652303120357 0.03285077951002227
0 0.3610698365527489 0.2633630289532294 0.04457652303120357 0.03396436525612472
0 0.2975482912332838 0.27644766146993316 0.04606240713224369 0.03507795100222717
0 0.30943536404160477 0.24693763919821826 0.04011887072808321 0.02839643652561247
0 0.33358098068350667 0.25584632516703787 0.03714710252600297 0.026169265033407572
0 0.24888558692421991 0.2383073496659243 0.03714710252600297 0.02783964365256125
0 0.1775631500742942 0.32934298440979953 0.05646359583952452 0.03897550111358575
0 0.31315007429420505 0.33407572383073497 0.046805349182763745 0.03396436525612472
0 0.31166419019316494 0.3638641425389755 0.04086181277860327 0.031180400890868598
0 0.23216939078751858 0.3816815144766147 0.04309063893016345 0.03173719376391982
0 0.2789747399702823 0.4228841870824053 0.03863298662704309 0.02783964365256125
0 0.22808320950965824 0.41007795100222716 0.036404160475482915 0.02783964365256125
0 0.18722139673105498 0.41675946547884185 0.036404160475482915 0.02783964365256125
0 0.14301634472511143 0.41592427616926503 0.04606240713224369 0.0334075723830735
0 0.11701337295690936 0.45657015590200445 0.043833580980683504 0.03285077951002227
0 0.28454680534918275 0.48106904231625836 0.03714710252600297 0.026726057906458798
0 0.2485141158989599 0.460467706013363 0.03194650817236255 0.02505567928730512
0 0.22102526002971767 0.49471046770601335 0.023031203566121844 0.017260579064587972
0 0.17013372956909362 0.5141982182628062 0.034918276374442794 0.024498886414253896
0 0.10735512630014858 0.5389755011135857 0.03937592867756315 0.02839643652561247
0 0.150074294205052 0.5760022271714922 0.036404160475482915 0.026726057906458798
0 0.19390787518573552 0.612750556792873 0.03566121842496285 0.025612472160356347
0 0.14561664190193166 0.6205456570155902 0.03566121842496285 0.02505567928730512
0 0.22659732540861813 0.6503340757238307 0.04903417533432392 0.03507795100222717
0 0.21693907875185736 0.6414253897550112 0.03566121842496285 0.025612472160356347
0 0.23699851411589895 0.6584075723830735 0.03566121842496285 0.025612472160356347
0 0.18424962852897475 0.660913140311804 0.029717682020802376 0.023942093541202674
0 0.20950965824665677 0.7452672605790646 0.03863298662704309 0.027282850779510023
0 0.1236998514115899 0.751391982182628 0.03937592867756315 0.02839643652561247
0 0.09398216939078752 0.6600779510022272 0.033432392273402674 0.023942093541202674
0 0.08655274888558692 0.6862472160356348 0.03268945022288262 0.026169265033407572
0 0.03603268945022288 0.7093541202672605 0.03566121842496285 0.02839643652561247
0 0.034918276374442794 0.6829064587973274 0.02674591381872214 0.022271714922048998
0 0.01188707280832095 0.7978841870824054 0.0237741456166419 0.030066815144766147
0 0.19910846953937592 0.7909242761692651 0.03789004457652303 0.02505567928730512
0 0.17830609212481427 0.8095768374164811 0.03417533432392273 0.02338530066815145
0 0.18053491827637444 0.8880846325167038 0.04309063893016345 0.030623608017817373
0 0.08989598811292719 0.8388084632516704 0.03268945022288262 0.027282850779510023
0 0.056835066864784546 0.8148663697104677 0.030460624071322436 0.02338530066815145
0 0.5100297176820208 0.9201002227171492 0.036404160475482915 0.026726057906458798
0 0.6697622585438335 0.8207126948775055 0.03566121842496285 0.026726057906458798
0 0.6920505200594353 0.8315701559020044 0.036404160475482915 0.025612472160356347
0 0.7392273402674592 0.7255011135857461 0.03566121842496285 0.027282850779510023
0 0.7930906389301634 0.7661469933184856 0.031203566121842496 0.027282850779510023
0 0.6549034175334324 0.6798440979955457 0.03937592867756315 0.028953229398663696
0 0.6058692421991084 0.5943763919821826 0.03863298662704309 0.030066815144766147
0 0.5891530460624071 0.544543429844098 0.043833580980683504 0.03229398663697105
0 0.587667161961367 0.5470489977728286 0.0274888558692422 0.021714922048997772
0 0.7195393759286776 0.4042316258351893 0.04011887072808321 0.030066815144766147
0 0.7470282317979198 0.4039532293986637 0.029717682020802376 0.021714922048997772
0 0.7113670133729569 0.34103563474387527 0.03714710252600297 0.026726057906458798
0 0.8696136701337296 0.3766703786191537 0.03268945022288262 0.023942093541202674
0 0.9361069836552749 0.41898663697104677 0.03714710252600297 0.027282850779510023
0 0.850297176820208 0.3279510022271715 0.03937592867756315 0.026726057906458798
0 0.8023774145616642 0.3421492204899777 0.03789004457652303 0.026169265033407572
0 0.8135215453194651 0.5760022271714922 0.06240713224368499 0.04788418708240535
0 0.8072065378900446 0.5651447661469933 0.02526002971768202 0.018374164810690423
0 0.8276374442793462 0.5698775055679287 0.0274888558692422 0.01893095768374165
0 0.8012630014858841 0.5840757238307349 0.0274888558692422 0.019487750556792874
0 0.8514115898959881 0.6138641425389755 0.036404160475482915 0.025612472160356347
0 0.9364784546805349 0.7274498886414253 0.019316493313521546 0.023942093541202674
0 0.8911589895988113 0.683184855233853 0.03566121842496285 0.025612472160356347
0 0.8781575037147102 0.6144209354120267 0.030460624071322436 0.021158129175946547
0 0.4234769687964339 0.7906458797327395 0.043833580980683504 0.0334075723830735
0 0.6965081723625557 0.8791759465478842 0.03863298662704309 0.02951002227171492
0 0.35698365527488857 0.5364699331848553 0.046805349182763745 0.03396436525612472
0 0.38112927191679047 0.5167037861915368 0.03937592867756315 0.02839643652561247
0 0.39078751857355126 0.4713251670378619 0.033432392273402674 0.027282850779510023