0 0.9412442396313364 0.15581797235023043 0.041474654377880185 0.029953917050691243
0 0.9381720430107527 0.1811635944700461 0.03917050691244239 0.029953917050691243
0 0.9512288786482335 0.22350230414746544 0.04608294930875576 0.032834101382488476
0 0.9815668202764977 0.17367511520737328 0.03686635944700461 0.03168202764976959
0 0.9807987711213517 0.2390552995391705 0.03840245775729647 0.029953917050691243
0 0.869431643625192 0.2203341013824885 0.04377880184331797 0.02880184331797235
0 0.8928571428571429 0.23358294930875576 0.03763440860215054 0.03168202764976959
0 0.8778801843317973 0.2609447004608295 0.054531490015360985 0.039746543778801845
0 0.815668202764977 0.21313364055299538 0.04377880184331797 0.03225806451612903
0 0.7772657450076805 0.2880184331797235 0.04377880184331797 0.03341013824884793
0 0.8314132104454686 0.3188364055299539 0.04531490015360983 0.03456221198156682
0 0.8348694316436251 0.28715437788018433 0.039938556067588324 0.028225806451612902
0 0.8076036866359447 0.28859447004608296 0.03686635944700461 0.02534562211981567
0 0.8974654377880185 0.2963709677419355 0.03686635944700461 0.027649769585253458
0 0.9189708141321045 0.4046658986175115 0.05606758832565284 0.038018433179723504
0 0.7864823348694316 0.36952764976958524 0.04608294930875576 0.03341013824884793
0 0.7726574500768049 0.39890552995391704 0.040706605222734255 0.03110599078341014
0 0.8394777265745008 0.43894009216589863 0.043010752688172046 0.03110599078341014
0 0.7734254992319508 0.46486175115207373 0.03840245775729647 0.02707373271889401
0 0.8287250384024577 0.4674539170506912 0.03609831029185868 0.027649769585253458
0 0.8648233486943164 0.48559907834101385 0.03609831029185868 0.027649769585253458
0 0.9070660522273426 0.4976958525345622 0.04531490015360983 0.03341013824884793
0 0.9112903225806451 0.5440668202764977 0.043010752688172046 0.03225806451612903
0 0.7377112135176651 0.5190092165898618 0.03686635944700461 0.026497695852534562
0 0.783410138248848 0.5097926267281107 0.0314900153609831 0.02476958525345622
0 0.7918586789554531 0.5504032258064516 0.02304147465437788 0.01728110599078341
0 0.8306451612903226 0.5841013824884793 0.03456221198156682 0.024193548387096774
0 0.8778801843317973 0.6258640552995391 0.03917050691244239 0.028225806451612902
0 0.8175883256528418 0.6491935483870968 0.03609831029185868 0.026497695852534562
0 0.7569124423963134 0.6716589861751152 0.03533026113671275 0.02534562211981567
0 0.7991551459293394 0.6929723502304147 0.03533026113671275 0.02476958525345622
0 0.706221198156682 0.6981566820276498 0.04838709677419355 0.03456221198156682
0 0.7200460829493087 0.6923963133640553 0.03456221198156682 0.02534562211981567
0 0.6920122887864824 0.7030529953917051 0.03533026113671275 0.02534562211981567
0 0.7411674347158218 0.7206221198156681 0.028417818740399385 0.024193548387096774
0 0.67357910906298 0.7940668202764977 0.03840245775729647 0.026497695852534562
0 0.7526881720430108 0.8251728110599078 0.03917050691244239 0.028225806451612902
0 0.8283410138248848 0.7459677419354839 0.03302611367127496 0.023617511520737326
0 0.8218125960061444 0.7733294930875576 0.03225806451612903 0.025921658986175114
0 0.8582949308755761 0.8101958525345622 0.03456221198156682 0.028225806451612902
0 0.8728878648233487 0.7851382488479263 0.026113671274961597 0.021889400921658985
0 0.8417818740399385 0.9038018433179723 0.03609831029185868 0.029953917050691243
0 0.6597542242703534 0.8410138248847926 0.03763440860215054 0.024193548387096774
0 0.6701228878648233 0.8649193548387096 0.03379416282642089 0.02304147465437788
0 0.6271121351766513 0.9398041474654378 0.042242703533026116 0.029953917050691243
0 0.7396313364055299 0.918778801843318 0.0314900153609831 0.02707373271889401
0 0.7837941628264209 0.905241935483871 0.029953917050691243 0.02304147465437788
0 0.29493087557603687 0.8744239631336406 0.03609831029185868 0.026497695852534562
0 0.1935483870967742 0.7330069124423964 0.03533026113671275 0.026497695852534562
0 0.1662826420890937 0.7367511520737328 0.03609831029185868 0.02534562211981567
0 0.17588325652841783 0.6212557603686636 0.03533026113671275 0.02707373271889401
0 0.1033026113671275 0.6448732718894009 0.029953917050691243 0.027649769585253458
0 0.2799539170506912 0.6022465437788018 0.03840245775729647 0.028225806451612902
0 0.37135176651305685 0.5342741935483871 0.03840245775729647 0.029953917050691243
0 0.41321044546851 0.4913594470046083 0.043010752688172046 0.03168202764976959
0 0.41321044546851 0.4942396313364055 0.026881720430107527 0.02131336405529954
0 0.36098310291858676 0.3191244239631336 0.03917050691244239 0.0293778801843318
0 0.3348694316436252 0.31077188940092165 0.029953917050691243 0.02131336405529954
0 0.4013056835637481 0.2609447004608295 0.03686635944700461 0.026497695852534562
0 0.23118279569892472 0.2488479262672811 0.03225806451612903 0.023617511520737326
0 0.1455453149001536 0.2701612903225806 0.03686635944700461 0.02707373271889401
0 0.2745775729646697 0.20794930875576037 0.03917050691244239 0.026497695852534562
0 0.31336405529953915 0.2353110599078341 0.03763440860215054 0.02534562211981567
0 0.1816436251920123 0.45650921658986177 0.06144393241167435 0.04723502304147465
0 0.1935483870967742 0.44786866359447003 0.02534562211981567 0.017857142857142856
0 0.1716589861751152 0.44642857142857145 0.026881720430107527 0.019009216589861752
0 0.18970814132104455 0.46774193548387094 0.026881720430107527 0.019009216589861752
0 0.1259600614439324 0.48185483870967744 0.03609831029185868 0.02534562211981567
0 0.05222734254992319 0.5365783410138248 0.03456221198156682 0.02534562211981567
0 0.10023041474654378 0.47465437788018433 0.029953917050691243 0.020737327188940093
0 0.059907834101382486 0.23876728110599077 0.026113671274961597 0.02707373271889401
0 0.05337941628264209 0.25921658986175117 0.02227342549923195 0.025921658986175114
0 0.044162826420890935 0.28859447004608296 0.016897081413210446 0.028225806451612902
0 0.4447004608294931 0.7756336405529954 0.043010752688172046 0.032834101382488476
0 0.13748079877112135 0.7811059907834101 0.03763440860215054 0.02880184331797235
0 0.6401689708141322 0.550979262672811 0.04608294930875576 0.03341013824884793
0 0.6267281105990783 0.5250576036866359 0.03917050691244239 0.028225806451612902
0 0.641321044546851 0.47897465437788017 0.03225806451612903 0.02707373271889401