0 0.43156424581005587 0.13507853403141362 0.04888268156424581 0.0387434554973822
0 0.3770949720670391 0.1931937172774869 0.04818435754189944 0.03612565445026178
0 0.42946927374301674 0.2356020942408377 0.04818435754189944 0.033507853403141365
0 0.46682960893854747 0.19109947643979058 0.036312849162011177 0.02931937172774869
0 0.528282122905028 0.19083769633507852 0.039804469273743016 0.029842931937172777
0 0.520949720670391 0.14528795811518325 0.03212290502793296 0.025130890052356022
0 0.4825418994413408 0.08141361256544502 0.036312849162011177 0.025654450261780103
0 0.4720670391061452 0.10837696335078534 0.0356145251396648 0.02931937172774869
0 0.43854748603351956 0.08089005235602094 0.04399441340782123 0.02931937172774869
0 0.535963687150838 0.09267015706806282 0.03840782122905028 0.034031413612565446
0 0.4022346368715084 0.07198952879581152 0.030027932960893854 0.02198952879581152
0 0.17283519553072627 0.03848167539267016 0.03910614525139665 0.027225130890052355
0 0.2873603351955307 0.12958115183246074 0.03282122905027933 0.026701570680628273
0 0.2032122905027933 0.11387434554973822 0.02863128491620112 0.022513089005235604
0 0.19029329608938547 0.1581151832460733 0.03770949720670391 0.025130890052356022
0 0.20181564245810055 0.19816753926701572 0.057960893854748605 0.041884816753926704
0 0.27339385474860334 0.17591623036649215 0.03910614525139665 0.02617801047120419
0 0.1490921787709497 0.18795811518324607 0.05027932960893855 0.031413612565445025
0 0.295391061452514 0.2638743455497382 0.03840782122905028 0.0356020942408377
0 0.3397346368715084 0.24712041884816754 0.03770949720670391 0.026701570680628273
0 0.36277932960893855 0.27722513089005235 0.03840782122905028 0.02931937172774869
0 0.3414804469273743 0.22198952879581152 0.03770949720670391 0.028272251308900525
0 0.22311452513966482 0.26910994764397905 0.0446927374301676 0.032984293193717276
0 0.25768156424581007 0.281151832460733 0.03282122905027933 0.024607329842931937
0 0.2852653631284916 0.3369109947643979 0.025837988826815643 0.020418848167539267
0 0.3079608938547486 0.35026178010471204 0.039804469273743016 0.023036649214659685
0 0.3512569832402235 0.34921465968586385 0.03770949720670391 0.030890052356020943
0 0.23777932960893855 0.32591623036649214 0.031424581005586594 0.019895287958115182
0 0.1962290502793296 0.31649214659685865 0.055865921787709494 0.030890052356020943
0 0.21333798882681565 0.42408376963350786 0.03770949720670391 0.032460732984293195
0 0.21333798882681565 0.45287958115183247 0.039804469273743016 0.028795811518324606
0 0.13303072625698323 0.4293193717277487 0.03840782122905028 0.031413612565445025
0 0.1428072625698324 0.48324607329842934 0.03770949720670391 0.031413612565445025
0 0.22905027932960895 0.49947643979057593 0.03910614525139665 0.032984293193717276
0 0.47660614525139666 0.3960732984293194 0.02723463687150838 0.020418848167539267
0 0.5893854748603352 0.38219895287958117 0.036312849162011177 0.026701570680628273
0 0.6801675977653632 0.3541884816753927 0.03212290502793296 0.026701570680628273
0 0.6504888268156425 0.3913612565445026 0.03212290502793296 0.021465968586387434
0 0.6857541899441341 0.4175392670157068 0.030027932960893854 0.023036649214659685
0 0.6955307262569832 0.31884816753926704 0.02723463687150838 0.021465968586387434
0 0.6180167597765364 0.43717277486910994 0.027932960893854747 0.021465968586387434
0 0.5659916201117319 0.46151832460732983 0.023044692737430168 0.016230366492146597
0 0.6777234636871509 0.4787958115183246 0.02723463687150838 0.022513089005235604
0 0.7252094972067039 0.518586387434555 0.023044692737430168 0.024083769633507852
0 0.7171787709497207 0.5384816753926701 0.024441340782122904 0.019895287958115182
0 0.4797486033519553 0.35732984293193715 0.029329608938547486 0.02198952879581152
0 0.4818435754189944 0.3782722513089005 0.024441340782122904 0.02198952879581152
0 0.7433659217877095 0.2413612565445026 0.02863128491620112 0.024083769633507852
0 0.700768156424581 0.2198952879581152 0.0223463687150838 0.022513089005235604
0 0.7182262569832403 0.18298429319371728 0.02863128491620112 0.024083769633507852
0 0.6983240223463687 0.13717277486910995 0.023743016759776536 0.018848167539267015
0 0.7381284916201117 0.14659685863874344 0.024441340782122904 0.020418848167539267
0 0.7496508379888268 0.1612565445026178 0.023044692737430168 0.021465968586387434
0 0.6895949720670391 0.15157068062827225 0.02653631284916201 0.020418848167539267
0 0.6368715083798883 0.16570680628272252 0.031424581005586594 0.02774869109947644
0 0.6204608938547486 0.181151832460733 0.02723463687150838 0.023036649214659685
0 0.5607541899441341 0.14476439790575915 0.03282122905027933 0.0193717277486911
0 0.5520251396648045 0.5489528795811518 0.018854748603351956 0.013089005235602094
0 0.5820530726256983 0.5141361256544502 0.027932960893854747 0.019895287958115182
0 0.6026536312849162 0.47408376963350785 0.024441340782122904 0.01780104712041885
0 0.6892458100558659 0.5636125654450261 0.020251396648044692 0.014659685863874346
0 0.5900837988826816 0.5620418848167539 0.02653631284916201 0.019895287958115182