0 0.7630331753554502 0.8661137440758294 0.05608214849921011 0.052132701421800945
0 0.6970774091627172 0.8530805687203792 0.053712480252764615 0.04976303317535545
0 0.693127962085308 0.8009478672985783 0.05134281200631911 0.046800947867298576
0 0.7413112164296999 0.8130924170616114 0.04186413902053712 0.03850710900473934
0 0.7717219589257504 0.7840639810426541 0.044233807266982623 0.04087677725118483
0 0.7993680884676145 0.818127962085308 0.036334913112164295 0.03317535545023697
0 0.8246445497630331 0.8776658767772512 0.03949447077409163 0.03613744075829384
0 0.8009478672985783 0.8649289099526066 0.04107424960505529 0.037914691943127965
0 0.8041074249605056 0.898696682464455 0.04660347551342812 0.04206161137440758
0 0.8424170616113744 0.845675355450237 0.04660347551342812 0.043246445497630334
0 0.792654028436019 0.9212085308056872 0.03238546603475513 0.02962085308056872
0 0.6970774091627172 0.9366113744075829 0.037914691943127965 0.03495260663507109
0 0.6666666666666666 0.9804502369668247 0.030015797788309637 0.018364928909952605
0 0.6307266982622433 0.9623815165876777 0.03949447077409163 0.03613744075829384
0 0.6093996840442338 0.9309834123222749 0.0631911532385466 0.058056872037914695
0 0.6591627172195893 0.9120260663507109 0.04107424960505529 0.037322274881516584
0 0.5908372827804107 0.9620853080568721 0.05134281200631911 0.046800947867298576
0 0.6097946287519748 0.8444905213270142 0.04739336492890995 0.04443127962085308
0 0.6421800947867299 0.8347156398104265 0.04107424960505529 0.037322274881516584
0 0.6327014218009479 0.8042061611374408 0.04265402843601896 0.039691943127962086
0 0.659952606635071 0.8504146919431279 0.04186413902053712 0.03850710900473934
0 0.5706951026856241 0.8744075829383886 0.04897314375987362 0.045023696682464455
0 0.5797788309636651 0.8501184834123223 0.036334913112164295 0.03317535545023697
0 0.5541074249605056 0.8012440758293838 0.029225908372827805 0.027251184834123223
0 0.556477093206951 0.7813981042654028 0.03949447077409163 0.035545023696682464
0 0.5778041074249605 0.7621445497630331 0.04344391785150079 0.04028436018957346
0 0.5390995260663507 0.830568720379147 0.0315955766192733 0.029028436018957347
0 0.5256714060031595 0.8557464454976303 0.05529225908372828 0.04917061611374408
0 0.46011058451816744 0.7769549763033176 0.045023696682464455 0.041469194312796206
0 0.4411532385466035 0.7579976303317536 0.04344391785150079 0.039691943127962086
0 0.4178515007898894 0.8107227488151659 0.044233807266982623 0.04087677725118483
0 0.3858609794628752 0.7707345971563981 0.04344391785150079 0.04028436018957346
0 0.4158767772511848 0.7200829383886256 0.045813586097946286 0.04265402843601896
0 0.6062401263823065 0.6735781990521327 0.030015797788309637 0.027251184834123223
0 0.6702211690363349 0.6300355450236966 0.04028436018957346 0.03672985781990521
0 0.7322274881516587 0.6063388625592417 0.03712480252764613 0.03495260663507109
0 0.6939178515007899 0.595675355450237 0.0339652448657188 0.030805687203791468
0 0.6923380726698263 0.5622037914691943 0.0339652448657188 0.030805687203791468
0 0.764218009478673 0.6226303317535545 0.030805687203791468 0.029028436018957347
0 0.6461295418641391 0.5808649289099526 0.030805687203791468 0.029028436018957347
0 0.6046603475513428 0.5888625592417062 0.02448657187993681 0.022511848341232227
0 0.6465244865718799 0.5251777251184834 0.030805687203791468 0.029028436018957347
0 0.641785150078989 0.4774881516587678 0.030015797788309637 0.02843601895734597
0 0.6244075829383886 0.46830568720379145 0.02843601895734597 0.0254739336492891
0 0.6342812006319115 0.6978672985781991 0.0315955766192733 0.02962085308056872
0 0.6208530805687204 0.682760663507109 0.029225908372827805 0.027251184834123223
0 0.8408372827804107 0.6513625592417062 0.0339652448657188 0.030805687203791468
0 0.8353080568720379 0.6851303317535545 0.02843601895734597 0.02665876777251185
0 0.8688783570300158 0.701718009478673 0.0339652448657188 0.030805687203791468
0 0.8906003159557662 0.7411137440758294 0.026066350710900472 0.02428909952606635
0 0.9032385466034755 0.7165284360189573 0.02843601895734597 0.026066350710900472
0 0.8981042654028436 0.7014218009478673 0.02843601895734597 0.026066350710900472
0 0.8767772511848341 0.7351895734597157 0.030015797788309637 0.027251184834123223
0 0.8412322274881516 0.7508886255924171 0.03712480252764613 0.03495260663507109
0 0.8222748815165877 0.7485189573459715 0.0315955766192733 0.02962085308056872
0 0.8187203791469194 0.7994668246445498 0.03238546603475513 0.02962085308056872
0 0.5379146919431279 0.5376184834123223 0.020537124802527645 0.018957345971563982
0 0.5762243285939969 0.5468009478672986 0.030015797788309637 0.027843601895734597
0 0.6137440758293838 0.5633886255924171 0.026066350710900472 0.02428909952606635
0 0.594391785150079 0.46445497630331756 0.022906793048973143 0.020734597156398103
0 0.54739336492891 0.5118483412322274 0.029225908372827805 0.027251184834123223