0 0.16276041666666666 0.2119140625 0.03125 0.02197265625
0 0.16080729166666666 0.2333984375 0.028645833333333332 0.0224609375
0 0.142578125 0.267578125 0.034505208333333336 0.02392578125
0 0.123046875 0.22265625 0.032552083333333336 0.0234375
0 0.11458333333333333 0.27783203125 0.028645833333333332 0.0224609375
0 0.21158854166666666 0.27294921875 0.033203125 0.02099609375
0 0.189453125 0.28173828125 0.02734375 0.02392578125
0 0.197265625 0.30615234375 0.040364583333333336 0.029296875
0 0.2578125 0.2724609375 0.032552083333333336 0.02392578125
0 0.2766927083333333 0.3388671875 0.032552083333333336 0.02490234375
0 0.22591145833333334 0.359375 0.033203125 0.02587890625
0 0.228515625 0.33251953125 0.029947916666666668 0.0205078125
0 0.2513020833333333 0.33642578125 0.027994791666666668 0.0185546875
0 0.17447916666666666 0.333984375 0.02734375 0.0205078125
0 0.13736979166666666 0.42236328125 0.042317708333333336 0.02783203125
0 0.2545572916666667 0.40625 0.034505208333333336 0.0244140625
0 0.2610677083333333 0.43212890625 0.029947916666666668 0.02294921875
0 0.19791666666666666 0.458984375 0.031901041666666664 0.02294921875
0 0.24869791666666666 0.4873046875 0.028645833333333332 0.02001953125
0 0.20182291666666666 0.48388671875 0.026692708333333332 0.0205078125
0 0.16861979166666666 0.49560546875 0.026692708333333332 0.0205078125
0 0.130859375 0.50146484375 0.033854166666666664 0.0244140625
0 0.119140625 0.5400390625 0.031901041666666664 0.02392578125
0 0.2688802083333333 0.5361328125 0.02734375 0.01953125
0 0.232421875 0.52392578125 0.022786458333333332 0.0185546875
0 0.21809895833333334 0.55712890625 0.016927083333333332 0.0126953125
0 0.1796875 0.58154296875 0.026041666666666668 0.017578125
0 0.1328125 0.61181640625 0.029296875 0.0205078125
0 0.17903645833333334 0.63720703125 0.026692708333333332 0.01953125
0 0.22591145833333334 0.662109375 0.026692708333333332 0.0185546875
0 0.18684895833333334 0.67578125 0.026692708333333332 0.01806640625
0 0.263671875 0.689453125 0.036458333333333336 0.025390625
0 0.2532552083333333 0.68310546875 0.026041666666666668 0.0185546875
0 0.2747395833333333 0.69482421875 0.026692708333333332 0.0185546875
0 0.23046875 0.70458984375 0.020833333333333332 0.01806640625
0 0.2740885416666667 0.77294921875 0.028645833333333332 0.01953125
0 0.20247395833333334 0.791015625 0.029296875 0.0205078125
0 0.15299479166666666 0.71728515625 0.024739583333333332 0.01708984375
0 0.15364583333333334 0.74072265625 0.0234375 0.01953125
0 0.11653645833333333 0.76806640625 0.025390625 0.02099609375
0 0.10872395833333333 0.74560546875 0.018880208333333332 0.0166015625
0 0.11393229166666667 0.84814453125 0.026041666666666668 0.0224609375
0 0.27734375 0.8134765625 0.028645833333333332 0.017578125
0 0.2643229166666667 0.83251953125 0.025390625 0.0166015625
0 0.287109375 0.8994140625 0.031901041666666664 0.02197265625
0 0.19661458333333334 0.87060546875 0.022786458333333332 0.0205078125
0 0.162109375 0.85498046875 0.022135416666666668 0.01708984375
0 0.5768229166666666 0.8779296875 0.026692708333333332 0.01953125
0 0.6868489583333334 0.76953125 0.026041666666666668 0.01953125
0 0.708984375 0.775390625 0.02734375 0.0185546875
0 0.7213541666666666 0.677734375 0.026041666666666668 0.02001953125
0 0.7779947916666666 0.70458984375 0.021484375 0.02099609375
0 0.6373697916666666 0.6513671875 0.028645833333333332 0.02099609375
0 0.5729166666666666 0.58544921875 0.027994791666666668 0.0224609375
0 0.5455729166666666 0.54541015625 0.031901041666666664 0.0234375
0 0.544921875 0.5478515625 0.01953125 0.01611328125
0 0.6197916666666666 0.40625 0.029296875 0.02197265625
0 0.6432291666666666 0.40185546875 0.022135416666666668 0.015625
0 0.5963541666666666 0.353515625 0.02734375 0.01953125
0 0.7408854166666666 0.3603515625 0.024088541666666668 0.017578125
0 0.80859375 0.38671875 0.02734375 0.02001953125
0 0.7115885416666666 0.32177734375 0.029296875 0.01904296875
0 0.6744791666666666 0.3408203125 0.028645833333333332 0.0185546875
0 0.7454427083333334 0.5390625 0.045572916666666664 0.03515625
0 0.7369791666666666 0.53076171875 0.018880208333333332 0.01318359375
0 0.755859375 0.53173828125 0.020182291666666668 0.013671875
0 0.7369791666666666 0.5478515625 0.020182291666666668 0.01416015625
0 0.7877604166666666 0.56591796875 0.02734375 0.0185546875
0 0.8984375 0.650390625 0.026692708333333332 0.01953125
0 0.83984375 0.619140625 0.026041666666666668 0.0185546875
0 0.810546875 0.5625 0.022786458333333332 0.01513671875
0 0.9140625 0.4677734375 0.028645833333333332 0.0234375
0 0.890625 0.369140625 0.027994791666666668 0.02099609375
0 0.8958333333333334 0.38671875 0.03125 0.0205078125
0 0.9192708333333334 0.4052734375 0.022786458333333332 0.0185546875
0 0.8990885416666666 0.41259765625 0.027994791666666668 0.02294921875
0 0.46875 0.7802734375 0.031901041666666664 0.0244140625
0 0.7252604166666666 0.8154296875 0.027994791666666668 0.021484375
0 0.3450520833333333 0.57275390625 0.034505208333333336 0.0244140625
0 0.3606770833333333 0.55224609375 0.029296875 0.0205078125
0 0.3567708333333333 0.51220703125 0.0234375 0.0205078125