0 0.51171875 0.54541015625 0.040364583333333336 0.03515625
0 0.5533854166666666 0.5390625 0.037760416666666664 0.03564453125
0 0.6028645833333334 0.560546875 0.035807291666666664 0.03515625
0 0.5514322916666666 0.59716796875 0.030598958333333332 0.0283203125
0 0.4739583333333333 0.5869140625 0.036458333333333336 0.03369140625
0 0.5794270833333334 0.50927734375 0.036458333333333336 0.033203125
0 0.6575520833333334 0.630859375 0.034505208333333336 0.03271484375
0 0.689453125 0.611328125 0.040364583333333336 0.03662109375
0 0.67578125 0.5859375 0.042317708333333336 0.0390625
0 0.6334635416666666 0.67822265625 0.03515625 0.03271484375
0 0.640625 0.69873046875 0.039713541666666664 0.03564453125
0 0.6959635416666666 0.66943359375 0.031901041666666664 0.02880859375
0 0.73828125 0.69580078125 0.029296875 0.0263671875
0 0.6516927083333334 0.73046875 0.040364583333333336 0.03759765625
0 0.54296875 0.75048828125 0.03515625 0.0322265625
0 0.54296875 0.716796875 0.029296875 0.02734375
0 0.53125 0.701171875 0.030598958333333332 0.0283203125
0 0.4251302083333333 0.5078125 0.029296875 0.02734375
0 0.5006510416666666 0.47705078125 0.025390625 0.02490234375
0 0.41796875 0.58251953125 0.028645833333333332 0.0263671875
0 0.453125 0.595703125 0.022135416666666668 0.0205078125
0 0.4114583333333333 0.609375 0.02734375 0.0244140625
0 0.43359375 0.634765625 0.026041666666666668 0.0244140625
0 0.4283854166666667 0.6591796875 0.032552083333333336 0.02978515625
0 0.5104166666666666 0.66552734375 0.03125 0.0283203125
0 0.5345052083333334 0.6494140625 0.03125 0.02880859375
0 0.2936197916666667 0.22216796875 0.028645833333333332 0.0263671875
0 0.2766927083333333 0.29345703125 0.027994791666666668 0.025390625
0 0.2545572916666667 0.26123046875 0.026041666666666668 0.02490234375
0 0.23502604166666666 0.263671875 0.035807291666666664 0.03369140625
0 0.22591145833333334 0.29833984375 0.027994791666666668 0.0263671875
0 0.20703125 0.31884765625 0.026692708333333332 0.02587890625
0 0.18424479166666666 0.29736328125 0.0390625 0.03662109375
0 0.19075520833333334 0.30615234375 0.024088541666666668 0.0224609375
0 0.17447916666666666 0.2978515625 0.026041666666666668 0.02490234375
0 0.18684895833333334 0.29150390625 0.026692708333333332 0.02490234375
0 0.18619791666666666 0.3544921875 0.024739583333333332 0.0234375
0 0.19270833333333334 0.3916015625 0.026041666666666668 0.0244140625
0 0.18489583333333334 0.4462890625 0.03125 0.0283203125
0 0.19205729166666666 0.46484375 0.03125 0.0283203125
0 0.23828125 0.4150390625 0.026041666666666668 0.02490234375
0 0.2942708333333333 0.41259765625 0.025390625 0.0244140625
0 0.3014322916666667 0.4013671875 0.020833333333333332 0.0205078125
0 0.6920572916666666 0.5048828125 0.026692708333333332 0.02587890625
0 0.7037760416666666 0.55322265625 0.033203125 0.03271484375
0 0.7350260416666666 0.5048828125 0.02734375 0.025390625
0 0.640625 0.61279296875 0.0234375 0.0224609375
0 0.6360677083333334 0.65185546875 0.032552083333333336 0.03173828125
0 0.79296875 0.6318359375 0.024739583333333332 0.0244140625
0 0.830078125 0.64990234375 0.040364583333333336 0.0380859375
0 0.5859375 0.77734375 0.020833333333333332 0.02001953125
0 0.5690104166666666 0.77294921875 0.026692708333333332 0.025390625
0 0.6028645833333334 0.8046875 0.027994791666666668 0.0263671875
0 0.5559895833333334 0.84521484375 0.028645833333333332 0.0263671875
0 0.57421875 0.83349609375 0.026692708333333332 0.025390625
0 0.5305989583333334 0.841796875 0.032552083333333336 0.03125
0 0.5423177083333334 0.82080078125 0.029296875 0.02734375
0 0.5462239583333334 0.8349609375 0.026041666666666668 0.02392578125
0 0.501953125 0.80078125 0.030598958333333332 0.02880859375
0 0.4889322916666667 0.75927734375 0.02734375 0.02587890625
0 0.4713541666666667 0.7451171875 0.02734375 0.02490234375
0 0.4694010416666667 0.73095703125 0.024739583333333332 0.02392578125
0 0.5104166666666666 0.703125 0.029947916666666668 0.02880859375
0 0.466796875 0.69775390625 0.02734375 0.0263671875
0 0.4524739583333333 0.71044921875 0.024739583333333332 0.02392578125
0 0.5598958333333334 0.61279296875 0.022786458333333332 0.02197265625
0 0.5872395833333334 0.611328125 0.02734375 0.0263671875
0 0.5201822916666666 0.4208984375 0.024739583333333332 0.0234375
0 0.4993489583333333 0.42578125 0.033854166666666664 0.033203125
0 0.376953125 0.48388671875 0.033854166666666664 0.0302734375
0 0.212890625 0.4990234375 0.03125 0.02978515625
0 0.2578125 0.45947265625 0.028645833333333332 0.02685546875
0 0.2630208333333333 0.4443359375 0.02734375 0.02490234375
0 0.224609375 0.42919921875 0.024739583333333332 0.0234375
0 0.2884114583333333 0.505859375 0.029296875 0.02783203125
0 0.31640625 0.53173828125 0.032552083333333336 0.03076171875
0 0.32421875 0.63427734375 0.027994791666666668 0.02783203125
0 0.37890625 0.61572265625 0.030598958333333332 0.02978515625
0 0.302734375 0.6240234375 0.02734375 0.02587890625
0 0.4147135416666667 0.62744140625 0.028645833333333332 0.02783203125
0 0.3958333333333333 0.6904296875 0.02734375 0.0263671875
0 0.4283854166666667 0.72509765625 0.029947916666666668 0.02880859375
0 0.3997395833333333 0.7548828125 0.022135416666666668 0.02099609375
0 0.4029947916666667 0.79833984375 0.037109375 0.03564453125
0 0.4075520833333333 0.80615234375 0.024088541666666668 0.0224609375
0 0.3984375 0.79443359375 0.024088541666666668 0.0224609375
0 0.4583333333333333 0.830078125 0.02734375 0.0263671875
0 0.45703125 0.8076171875 0.034505208333333336 0.033203125
0 0.4348958333333333 0.78076171875 0.029947916666666668 0.02685546875
0 0.4596354166666667 0.76806640625 0.02734375 0.02587890625
0 0.5846354166666666 0.7509765625 0.029947916666666668 0.029296875
0 0.6236979166666666 0.78271484375 0.031901041666666664 0.0302734375
0 0.6178385416666666 0.76123046875 0.0234375 0.0224609375
0 0.6354166666666666 0.751953125 0.03125 0.029296875
0 0.6145833333333334 0.74169921875 0.043619791666666664 0.041015625
0 0.6171875 0.75 0.020182291666666668 0.01904296875
0 0.615234375 0.73583984375 0.024088541666666668 0.02294921875
0 0.6204427083333334 0.7197265625 0.024739583333333332 0.02294921875
0 0.59375 0.8251953125 0.024739583333333332 0.02392578125