0 0.4945945945945946 0.44224924012158057 0.05337837837837838 0.028875379939209727
0 0.5577702702702703 0.4227456940222898 0.043243243243243246 0.034954407294832825
0 0.606418918918919 0.3680344478216819 0.03986486486486487 0.03546099290780142
0 0.5033783783783784 0.3601823708206687 0.03918918918918919 0.025329280648429583
0 0.40506756756756757 0.4197061803444782 0.0445945945945946 0.03090172239108409
0 0.6202702702702703 0.439209726443769 0.04594594594594595 0.029381965552178316
0 0.6192567567567567 0.2558257345491388 0.04121621621621622 0.03090172239108409
0 0.6807432432432432 0.25759878419452886 0.05067567567567568 0.03242147922998987
0 0.6851351351351351 0.2935663627152989 0.05337837837837838 0.034954407294832825
0 0.543581081081081 0.2188449848024316 0.04256756756756757 0.03090172239108409
0 0.535472972972973 0.19199594731509625 0.05 0.031914893617021274
0 0.6385135135135135 0.1887031408308004 0.04054054054054054 0.025835866261398176
0 0.6726351351351352 0.1339918946301925 0.037162162162162164 0.023809523809523808
0 0.5216216216216216 0.14969604863221886 0.04932432432432433 0.034447821681864235
0 0.3543918918918919 0.1955420466058764 0.043243243243243246 0.029381965552178316
0 0.3837837837837838 0.23353596757852077 0.03445945945945946 0.02634245187436677
0 0.3820945945945946 0.25785207700101315 0.037162162162162164 0.02634245187436677
0 0.40844594594594597 0.5382472137791287 0.03513513513513514 0.025835866261398176
0 0.5405405405405406 0.524822695035461 0.02837837837837838 0.025329280648429583
0 0.3320945945945946 0.46023302938196553 0.03445945945945946 0.024822695035460994
0 0.36858108108108106 0.42325227963525835 0.02837837837837838 0.0182370820668693
0 0.2993243243243243 0.43465045592705165 0.03648648648648649 0.02127659574468085
0 0.3064189189189189 0.39260385005065856 0.030405405405405407 0.023809523809523808
0 0.2773648648648649 0.36930091185410335 0.03986486486486487 0.02735562310030395
0 0.3847972972972973 0.3105369807497467 0.03783783783783784 0.02634245187436677
0 0.43277027027027026 0.3130699088145897 0.03986486486486487 0.025835866261398176
0 0.48243243243243245 0.9364235055724417 0.03445945945945946 0.024822695035460994
0 0.3949324324324324 0.8685410334346505 0.03513513513513514 0.02330293819655522
0 0.3929054054054054 0.9176798378926039 0.02972972972972973 0.024822695035460994
0 0.3641891891891892 0.9278115501519757 0.043243243243243246 0.031914893617021274
0 0.3199324324324324 0.8948834853090172 0.033783783783783786 0.025329280648429583
0 0.27668918918918917 0.8837386018237082 0.030405405405405407 0.025835866261398176
0 0.26385135135135135 0.9219858156028369 0.046621621621621624 0.034447821681864235
0 0.2648648648648649 0.9083080040526849 0.029054054054054056 0.021783181357649443
0 0.25 0.9278115501519757 0.02972972972972973 0.024822695035460994
0 0.27297297297297296 0.9273049645390071 0.032432432432432434 0.02330293819655522
0 0.2152027027027027 0.8581560283687943 0.030405405405405407 0.021783181357649443
0 0.1912162162162162 0.8125633232016211 0.032432432432432434 0.022289766970618033
0 0.13175675675675674 0.7570921985815603 0.03918918918918919 0.025835866261398176
0 0.125 0.7327760891590679 0.03986486486486487 0.025329280648429583
0 0.23378378378378378 0.7578520770010132 0.02972972972972973 0.0243161094224924
0 0.31283783783783786 0.7254305977710233 0.02972972972972973 0.023809523809523808
0 0.3324324324324324 0.7332826747720365 0.02364864864864865 0.02127659574468085
0 0.7793918918918918 0.37335359675785207 0.031081081081081083 0.025329280648429583
0 0.7530405405405406 0.3128166160081054 0.037162162162162164 0.03343465045592705
0 0.839527027027027 0.3462512664640324 0.032432432432432434 0.023809523809523808
0 0.6125 0.2867274569402229 0.02702702702702703 0.022289766970618033
0 0.5716216216216217 0.24620060790273557 0.037162162162162164 0.031408308004052685
0 0.8057432432432432 0.1697061803444782 0.02837837837837838 0.0243161094224924
0 0.8412162162162162 0.12639311043566362 0.046621621621621624 0.036980749746707196
0 0.389527027027027 0.1393110435663627 0.02364864864864865 0.020263424518743668
0 0.37027027027027026 0.15476190476190477 0.03175675675675676 0.0243161094224924
0 0.3885135135135135 0.09827760891590678 0.03310810810810811 0.025835866261398176
0 0.2875 0.08333333333333333 0.03648648648648649 0.023809523809523808
0 0.3233108108108108 0.08434650455927052 0.030405405405405407 0.024822695035460994
0 0.25506756756756754 0.10258358662613981 0.037162162162162164 0.03090172239108409
0 0.28986486486486485 0.11879432624113476 0.03513513513513514 0.025835866261398176
0 0.2827702702702703 0.10055724417426545 0.032432432432432434 0.021783181357649443
0 0.25236486486486487 0.16590678824721378 0.03648648648648649 0.027862208713272545
0 0.27128378378378376 0.22036474164133737 0.03175675675675676 0.025329280648429583
0 0.2591216216216216 0.24645390070921985 0.03310810810810811 0.023809523809523808
0 0.2702702702702703 0.2634245187436677 0.027702702702702704 0.0243161094224924
0 0.3506756756756757 0.2689969604863222 0.033783783783783786 0.028875379939209727
0 0.2959459459459459 0.30217831813576496 0.03175675675675676 0.025835866261398176
0 0.26554054054054055 0.29736575481256333 0.02702702702702703 0.024822695035460994
0 0.5003378378378378 0.33789260385005065 0.026351351351351353 0.022289766970618033
0 0.5398648648648648 0.3221884498480243 0.03175675675675676 0.02634245187436677
0 0.6172297297297298 0.574468085106383 0.030405405405405407 0.022289766970618033
0 0.5844594594594594 0.5825734549138805 0.037162162162162164 0.03343465045592705
0 0.3638513513513513 0.5949848024316109 0.04256756756756757 0.02735562310030395
0 0.12331081081081081 0.6816109422492401 0.03648648648648649 0.028875379939209727
0 0.22027027027027027 0.6975683890577508 0.033783783783783786 0.025835866261398176
0 0.24155405405405406 0.7104863221884499 0.03310810810810811 0.02330293819655522
0 0.20168918918918918 0.7515197568389058 0.030405405405405407 0.022289766970618033
0 0.22128378378378377 0.6266464032421479 0.03445945945945946 0.02634245187436677
0 0.23716216216216215 0.5800405268490375 0.03918918918918919 0.029381965552178316
0 0.1554054054054054 0.461499493414387 0.03175675675675676 0.027862208713272545
0 0.2483108108108108 0.44807497467071933 0.03445945945945946 0.02988855116514691
0 0.13614864864864865 0.4865754812563323 0.03175675675675676 0.024822695035460994
0 0.28716216216216217 0.41312056737588654 0.03310810810810811 0.02735562310030395
0 0.20405405405405405 0.3548632218844985 0.03175675675675676 0.025835866261398176
0 0.21891891891891893 0.29609929078014185 0.03445945945945946 0.028875379939209727
0 0.15236486486486486 0.2811550151975684 0.02702702702702703 0.019756838905775075
0 0.11756756756756757 0.23100303951367782 0.04256756756756757 0.034954407294832825
0 0.11655405405405406 0.2198581560283688 0.02837837837837838 0.021783181357649443
0 0.11554054054054054 0.23860182370820668 0.027702702702702704 0.022289766970618033
0 0.16655405405405405 0.16134751773049646 0.032432432432432434 0.025835866261398176
0 0.18412162162162163 0.18743667679837892 0.03986486486486487 0.03242147922998987
0 0.17702702702702702 0.2307497467071935 0.037162162162162164 0.0243161094224924
0 0.22398648648648647 0.22897669706180346 0.03175675675675676 0.025835866261398176
0 0.41114864864864864 0.16945288753799392 0.033783783783783786 0.02988855116514691
0 0.43614864864864866 0.1094224924012158 0.03648648648648649 0.02988855116514691
0 0.44763513513513514 0.13703140830800406 0.026351351351351353 0.022796352583586626
0 0.4800675675675676 0.13652482269503546 0.037162162162162164 0.027862208713272545
0 0.46114864864864863 0.16058763931104356 0.05202702702702703 0.03850050658561297
0 0.4574324324324324 0.14994934143870314 0.024324324324324326 0.018743667679837893
0 0.4672297297297297 0.16666666666666666 0.027702702702702704 0.022289766970618033
0 0.4891891891891892 0.18110435663627153 0.029054054054054056 0.021783181357649443
0 0.3570945945945946 0.08156028368794327 0.029054054054054056 0.02330293819655522