0 0.3881195335276968 0.16775956284153004 0.05102040816326531 0.040437158469945354
0 0.33126822157434405 0.2284153005464481 0.05029154518950437 0.03770491803278689
0 0.38556851311953355 0.2726775956284153 0.05029154518950437 0.034972677595628415
0 0.42456268221574345 0.2262295081967213 0.037900874635568516 0.030601092896174863
0 0.48870262390670555 0.22595628415300548 0.04154518950437318 0.03114754098360656
0 0.4814139941690962 0.17841530054644808 0.033527696793002916 0.02622950819672131
0 0.4413265306122449 0.11174863387978141 0.037900874635568516 0.026775956284153007
0 0.4303935860058309 0.13989071038251366 0.03717201166180758 0.030601092896174863
0 0.39540816326530615 0.11120218579234972 0.04591836734693878 0.030601092896174863
0 0.4970845481049563 0.12349726775956284 0.04008746355685131 0.03551912568306011
0 0.35750728862973763 0.10191256830601093 0.03134110787172012 0.022950819672131147
0 0.11771137026239067 0.06693989071038252 0.04081632653061224 0.02841530054644809
0 0.2372448979591837 0.16202185792349727 0.034256559766763846 0.027868852459016394
0 0.14941690962099125 0.14562841530054646 0.02988338192419825 0.023497267759562842
0 0.13629737609329445 0.1918032786885246 0.03935860058309038 0.02622950819672131
0 0.14832361516034986 0.2336065573770492 0.060495626822157436 0.04371584699453552
0 0.2230320699708455 0.21065573770491802 0.04081632653061224 0.0273224043715847
0 0.09329446064139942 0.22295081967213115 0.052478134110787174 0.03278688524590164
0 0.24599125364431487 0.30218579234972676 0.04008746355685131 0.03715846994535519
0 0.2922740524781341 0.28469945355191256 0.03935860058309038 0.027868852459016394
0 0.3163265306122449 0.31612021857923495 0.04008746355685131 0.030601092896174863
0 0.29409620991253643 0.25846994535519124 0.03935860058309038 0.029508196721311476
0 0.17055393586005832 0.3076502732240437 0.04664723032069971 0.03442622950819672
0 0.2066326530612245 0.32021857923497266 0.034256559766763846 0.025683060109289616
0 0.23542274052478135 0.37841530054644806 0.02696793002915452 0.021311475409836064
0 0.25911078717201164 0.3923497267759563 0.04154518950437318 0.024043715846994537
0 0.3043002915451895 0.3915300546448087 0.03935860058309038 0.03224043715846994
0 0.1858600583090379 0.3669398907103825 0.03279883381924198 0.020765027322404372
0 0.1424927113702624 0.35710382513661204 0.05830903790087463 0.03224043715846994
0 0.16034985422740525 0.46939890710382515 0.03935860058309038 0.033879781420765025
0 0.16034985422740525 0.4994535519125683 0.04154518950437318 0.030054644808743168
0 0.0761661807580175 0.4748633879781421 0.04008746355685131 0.03278688524590164
0 0.08673469387755102 0.5311475409836065 0.03935860058309038 0.03278688524590164
0 0.17674927113702624 0.5483606557377049 0.04081632653061224 0.03442622950819672
0 0.43513119533527694 0.44016393442622953 0.028425655976676383 0.021311475409836064
0 0.5528425655976676 0.42568306010928963 0.037900874635568516 0.027868852459016394
0 0.6475947521865889 0.39644808743169396 0.033527696793002916 0.027868852459016394
0 0.6166180758017493 0.4355191256830601 0.033527696793002916 0.022404371584699455
0 0.6530612244897959 0.46256830601092896 0.03134110787172012 0.024043715846994537
0 0.6636297376093294 0.35956284153005463 0.028425655976676383 0.022404371584699455
0 0.5827259475218659 0.4830601092896175 0.029154518950437316 0.022404371584699455
0 0.5280612244897959 0.5084699453551913 0.024052478134110787 0.016939890710382512
0 0.6450437317784257 0.5265027322404372 0.028425655976676383 0.023497267759562842
0 0.6946064139941691 0.5680327868852459 0.024052478134110787 0.025136612021857924
0 0.6858600583090378 0.5887978142076503 0.025510204081632654 0.020765027322404372
0 0.4380466472303207 0.39972677595628414 0.030612244897959183 0.022950819672131147
0 0.44059766763848396 0.4215846994535519 0.025510204081632654 0.022950819672131147
0 0.7135568513119533 0.2786885245901639 0.02988338192419825 0.025136612021857924
0 0.6690962099125365 0.2562841530054645 0.023323615160349854 0.023497267759562842
0 0.6873177842565598 0.21775956284153006 0.02988338192419825 0.025136612021857924
0 0.6665451895043731 0.16994535519125684 0.02478134110787172 0.019672131147540985
0 0.7080903790087464 0.17978142076502732 0.025510204081632654 0.021311475409836064
0 0.7201166180758017 0.19508196721311474 0.024052478134110787 0.022404371584699455
0 0.6574344023323615 0.1849726775956284 0.027696793002915453 0.021311475409836064
0 0.6024052478134111 0.19972677595628416 0.03279883381924198 0.02896174863387978
0 0.5852769679300291 0.21584699453551912 0.028425655976676383 0.024043715846994537
0 0.5229591836734694 0.1778688524590164 0.034256559766763846 0.020218579234972677
0 0.5138483965014577 0.5997267759562842 0.01967930029154519 0.01366120218579235
0 0.5451895043731778 0.5633879781420765 0.029154518950437316 0.020765027322404372
0 0.5666909620991254 0.5215846994535519 0.025510204081632654 0.018579234972677595
0 0.657069970845481 0.6153005464480874 0.021137026239067054 0.015300546448087432
0 0.5535714285714286 0.6133879781420765 0.027696793002915453 0.020765027322404372