0 0.8774436090225564 0.07590293453724604 0.039097744360902256 0.028216704288939052
0 0.8834586466165414 0.10045146726862303 0.03684210526315789 0.028216704288939052
0 0.9097744360902256 0.13797968397291197 0.04360902255639098 0.030474040632054177
0 0.924812030075188 0.08465011286681716 0.041353383458646614 0.029909706546275394
0 0.9402255639097744 0.14757336343115124 0.03007518796992481 0.027652370203160272
0 0.8312030075187969 0.15039503386004516 0.041353383458646614 0.02708803611738149
0 0.8582706766917293 0.15857787810383747 0.035338345864661655 0.029909706546275394
0 0.8530075187969924 0.1873589164785553 0.05112781954887218 0.03724604966139955
0 0.7781954887218046 0.15406320541760724 0.041353383458646614 0.030474040632054177
0 0.7672932330827068 0.23222347629796838 0.041353383458646614 0.03160270880361174
0 0.8289473684210527 0.25112866817155755 0.042105263157894736 0.0327313769751693
0 0.8214285714285714 0.220372460496614 0.03759398496240601 0.02652370203160271
0 0.7958646616541354 0.22686230248307 0.035338345864661655 0.023702031602708805
0 0.8838345864661654 0.2172686230248307 0.03458646616541353 0.025959367945823927
0 0.9406015037593985 0.3154627539503386 0.05338345864661654 0.035553047404063204
0 0.8033834586466165 0.30756207674943564 0.04360902255639098 0.031038374717832957
0 0.8 0.33775395033860045 0.038345864661654135 0.029345372460496615
0 0.8770676691729323 0.3631489841986456 0.0406015037593985 0.029345372460496615
0 0.8233082706766918 0.40011286681715574 0.03609022556390978 0.025395033860045147
0 0.8763157894736842 0.39193002257336346 0.03383458646616541 0.025959367945823927
0 0.9165413533834587 0.4023702031602709 0.03383458646616541 0.025959367945823927
0 0.9609022556390977 0.4057562076749436 0.04285714285714286 0.031038374717832957
0 0.9785714285714285 0.4489277652370203 0.03759398496240601 0.029909706546275394
0 0.8078947368421052 0.4582392776523702 0.03458646616541353 0.024830699774266364
0 0.8477443609022557 0.440744920993228 0.029323308270676692 0.023137697516930022
0 0.8695488721804512 0.4777088036117382 0.02180451127819549 0.01636568848758465
0 0.9176691729323309 0.5022573363431151 0.03308270676691729 0.022573363431151242
0 0.9763157894736842 0.5327313769751693 0.03684210526315789 0.025959367945823927
0 0.9274436090225564 0.5660270880361173 0.03383458646616541 0.024830699774266364
0 0.8774436090225564 0.5990406320541761 0.03383458646616541 0.023702031602708805
0 0.924436090225564 0.6111738148984198 0.03383458646616541 0.023137697516930022
0 0.8387218045112782 0.6337471783295711 0.04586466165413534 0.0327313769751693
0 0.849624060150376 0.6255643340857788 0.03308270676691729 0.023702031602708805
0 0.8266917293233083 0.6410835214446953 0.03383458646616541 0.023702031602708805
0 0.8789473684210526 0.6481376975169301 0.02706766917293233 0.022573363431151242
0 0.8398496240601504 0.7308126410835214 0.03609022556390978 0.024830699774266364
0 0.925187969924812 0.7452031602708804 0.03684210526315789 0.025959367945823927
0 0.9703007518796992 0.6557562076749436 0.030827067669172932 0.02200902934537246
0 0.9733082706766917 0.6828442437923251 0.03007518796992481 0.024830699774266364
0 0.8428571428571429 0.7776523702031602 0.03609022556390978 0.022573363431151242
0 0.8609022556390977 0.7982505643340858 0.031578947368421054 0.02144469525959368
0 0.8454887218045113 0.8772573363431151 0.03984962406015038 0.028216704288939052
0 0.9447368421052632 0.8360609480812641 0.029323308270676692 0.025395033860045147
0 0.9819548872180451 0.8148984198645598 0.027819548872180452 0.02144469525959368
0 0.5090225563909775 0.8789503386004515 0.03383458646616541 0.024830699774266364
0 0.36541353383458647 0.7643905191873589 0.03308270676691729 0.024830699774266364
0 0.34097744360902255 0.7731376975169301 0.03458646616541353 0.023702031602708805
0 0.31090225563909774 0.6619638826185101 0.03308270676691729 0.025395033860045147
0 0.2503759398496241 0.6977990970654627 0.027819548872180452 0.025959367945823927
0 0.40338345864661657 0.6238713318284425 0.03609022556390978 0.02652370203160271
0 0.46654135338345865 0.5423250564334086 0.03609022556390978 0.028216704288939052
0 0.4917293233082707 0.4937923250564334 0.0406015037593985 0.029909706546275394
0 0.4928571428571429 0.4966139954853273 0.02481203007518797 0.020316027088036117
0 0.3838345864661654 0.34057562076749437 0.03684210526315789 0.027652370203160272
0 0.35639097744360904 0.33775395033860045 0.027819548872180452 0.019751693002257337
0 0.40225563909774437 0.27793453724604966 0.03458646616541353 0.024830699774266364
0 0.23759398496240602 0.2988148984198646 0.030827067669172932 0.022573363431151242
0 0.16390977443609023 0.33521444695259595 0.03458646616541353 0.025395033860045147
0 0.2650375939849624 0.25197516930022573 0.03684210526315789 0.024266365688487584
0 0.3105263157894737 0.2703160270880361 0.03609022556390978 0.023702031602708805
0 0.26090225563909775 0.5047968397291196 0.05789473684210526 0.044582392776523705
0 0.26954887218045115 0.49435665914221216 0.02406015037593985 0.016930022573363433
0 0.24774436090225563 0.4971783295711061 0.02556390977443609 0.017494356659142212
0 0.2721804511278195 0.5141083521444695 0.02556390977443609 0.01805869074492099
0 0.21654135338345865 0.5395033860045146 0.03458646616541353 0.023702031602708805
0 0.10300751879699248 0.6464446952595937 0.03383458646616541 0.024830699774266364
0 0.16541353383458646 0.6052483069977427 0.03308270676691729 0.023702031602708805
0 0.18984962406015038 0.537528216704289 0.02857142857142857 0.019187358916478554
0 0.05601503759398496 0.43792325056433407 0.03684210526315789 0.029345372460496615
0 0.06691729323308271 0.32251693002257337 0.035338345864661655 0.02652370203160271
0 0.06390977443609022 0.3431151241534989 0.039097744360902256 0.02652370203160271
0 0.03984962406015038 0.3665349887133183 0.029323308270676692 0.023137697516930022
0 0.06428571428571428 0.3733069977426637 0.03609022556390978 0.02878103837471783
0 0.6176691729323308 0.7567720090293454 0.0406015037593985 0.031038374717832957
0 0.32857142857142857 0.8205417607223476 0.035338345864661655 0.02708803611738149
0 0.7263157894736842 0.5070541760722348 0.04360902255639098 0.031038374717832957
0 0.7048872180451128 0.4850451467268623 0.03684210526315789 0.025959367945823927
0 0.7030075187969925 0.4384875846501129 0.03007518796992481 0.025959367945823927