0 0.45638126009693053 0.6742424242424242 0.02827140549273021 0.026060606060606062
0 0.4511308562197092 0.6533333333333333 0.030694668820678513 0.02909090909090909
0 0.3966074313408724 0.6936363636363636 0.025848142164781908 0.02181818181818182
0 0.3222940226171244 0.6575757575757576 0.03715670436187399 0.03272727272727273
0 0.3756058158319871 0.5654545454545454 0.0395799676898223 0.03575757575757576
0 0.4664781906300485 0.5975757575757575 0.035541195476575124 0.029696969696969697
0 0.5577544426494345 0.5878787878787879 0.04604200323101777 0.04181818181818182
0 0.5864297253634895 0.7436363636363637 0.034733441033925685 0.030303030303030304
0 0.5379644588045234 0.7333333333333333 0.03231017770597738 0.02727272727272727
0 0.5480613893376414 0.7063636363636364 0.03796445880452343 0.03090909090909091
0 0.617124394184168 0.6757575757575758 0.046849757673667204 0.041212121212121214
0 0.6074313408723748 0.6766666666666666 0.04361873990306947 0.040606060606060604
0 0.627221324717286 0.683939393939394 0.049273021001615507 0.04424242424242424
0 0.6934571890145396 0.6024242424242424 0.034733441033925685 0.029696969696969697
0 0.6405492730210016 0.5851515151515152 0.03231017770597738 0.028484848484848484
0 0.6062197092084006 0.5678787878787879 0.033117932148626815 0.02909090909090909
0 0.7487883683360258 0.503030303030303 0.0395799676898223 0.03212121212121212
0 0.7863489499192245 0.4772727272727273 0.03150242326332795 0.028484848484848484
0 0.5072697899838449 0.6069696969696969 0.03231017770597738 0.027878787878787878
0 0.5125201938610663 0.5157575757575757 0.03715670436187399 0.03151515151515152
0 0.5775444264943457 0.5103030303030303 0.03150242326332795 0.028484848484848484
0 0.5549273021001615 0.5330303030303031 0.04604200323101777 0.04303030303030303
0 0.75 0.4618181818181818 0.0420032310177706 0.037575757575757575
0 0.7794830371567044 0.44606060606060605 0.030694668820678513 0.027878787878787878
0 0.6672051696284329 0.4221212121212121 0.036348949919224556 0.03212121212121212
0 0.6789176090468497 0.406969696969697 0.03715670436187399 0.03212121212121212
0 0.5945072697899838 0.4903030303030303 0.02988691437802908 0.025454545454545455
0 0.5896607431340872 0.546060606060606 0.03231017770597738 0.029696969696969697
0 0.6696284329563813 0.6439393939393939 0.04281098546042003 0.038181818181818185
0 0.72859450726979 0.6072727272727273 0.03796445880452343 0.03393939393939394
0 0.7067851373182552 0.6293939393939394 0.045234248788368334 0.04181818181818182
0 0.7043618739903069 0.6409090909090909 0.03877221324717286 0.03515151515151515
0 0.6324717285945073 0.6175757575757576 0.03150242326332795 0.027878787878787878
0 0.6130856219709209 0.6087878787878788 0.03796445880452343 0.03333333333333333
0 0.5969305331179321 0.6293939393939394 0.036348949919224556 0.03151515151515152
0 0.5145395799676898 0.6881818181818182 0.030694668820678513 0.028484848484848484
0 0.4761712439418417 0.68 0.03877221324717286 0.034545454545454546
0 0.5161550888529887 0.6536363636363637 0.03231017770597738 0.029696969696969697
0 0.8081583198707593 0.5672727272727273 0.04765751211631664 0.04181818181818182
0 0.8138126009693053 0.6172727272727273 0.04604200323101777 0.038181818181818185
0 0.7661550888529887 0.57 0.036348949919224556 0.03212121212121212
0 0.882875605815832 0.6121212121212121 0.03796445880452343 0.03212121212121212
0 0.8667205169628432 0.6460606060606061 0.048465266558966075 0.04181818181818182
0 0.8574313408723748 0.6409090909090909 0.035541195476575124 0.03272727272727273
0 0.8747980613893377 0.6566666666666666 0.03877221324717286 0.03575757575757576
0 0.7851373182552503 0.6896969696969697 0.0395799676898223 0.03636363636363636
0 0.7851373182552503 0.7848484848484848 0.03796445880452343 0.034545454545454546
0 0.7289983844911146 0.7754545454545455 0.04281098546042003 0.03636363636363636
0 0.6433764135702746 0.8315151515151515 0.046849757673667204 0.041212121212121214
0 0.6138933764135702 0.38606060606060605 0.025848142164781908 0.023636363636363636
0 0.5512924071082391 0.35878787878787877 0.029079159935379646 0.02666666666666667
0 0.598546042003231 0.3987878787878788 0.027463651050080775 0.024242424242424242
0 0.5226171243941842 0.38606060606060605 0.029079159935379646 0.02666666666666667
0 0.5420032310177706 0.4081818181818182 0.034733441033925685 0.03333333333333333
0 0.5383683360258481 0.4166666666666667 0.029079159935379646 0.02666666666666667
0 0.5161550888529887 0.4078787878787879 0.027463651050080775 0.025454545454545455
0 0.5702746365105008 0.46636363636363637 0.02827140549273021 0.026060606060606062
0 0.5395799676898223 0.45484848484848484 0.02988691437802908 0.02666666666666667
0 0.5226171243941842 0.4675757575757576 0.027463651050080775 0.026060606060606062
0 0.49596122778675283 0.4415151515151515 0.025848142164781908 0.024242424242424242
0 0.44709208400646205 0.4809090909090909 0.03150242326332795 0.02909090909090909
0 0.5383683360258481 0.5621212121212121 0.033117932148626815 0.029696969696969697
0 0.41639741518578355 0.6321212121212121 0.025040387722132473 0.02303030303030303
0 0.4168012924071082 0.6151515151515151 0.027463651050080775 0.025454545454545455
0 0.5953150242326333 0.7896969696969697 0.022617124394184167 0.02
0 0.6219709208400647 0.8009090909090909 0.03231017770597738 0.02909090909090909
0 0.6138933764135702 0.8254545454545454 0.030694668820678513 0.028484848484848484
0 0.678513731825525 0.8512121212121212 0.029079159935379646 0.02727272727272727
0 0.6837641357027464 0.8342424242424242 0.029079159935379646 0.02666666666666667
0 0.6672051696284329 0.816060606060606 0.035541195476575124 0.03212121212121212
0 0.6445880452342488 0.8036363636363636 0.035541195476575124 0.03151515151515152
0 0.6365105008077544 0.8263636363636364 0.029079159935379646 0.02666666666666667
0 0.6934571890145396 0.7660606060606061 0.027463651050080775 0.026060606060606062
0 0.6579159935379645 0.7051515151515152 0.02988691437802908 0.02727272727272727
0 0.7140549273021002 0.7348484848484849 0.029079159935379646 0.027878787878787878
0 0.7221324717285945 0.7218181818181818 0.02665589660743134 0.024242424242424242
0 0.744345718901454 0.7524242424242424 0.03231017770597738 0.030303030303030304
0 0.7419224555735057 0.72 0.024232633279483037 0.02
0 0.7504038772213247 0.7112121212121212 0.029079159935379646 0.026060606060606062
0 0.818659127625202 0.649090909090909 0.036348949919224556 0.03272727272727273
0 0.8610662358642972 0.6927272727272727 0.02988691437802908 0.025454545454545455
0 0.8675282714054927 0.7178787878787879 0.027463651050080775 0.025454545454545455
0 0.8804523424878837 0.683030303030303 0.035541195476575124 0.03151515151515152
0 0.9168012924071083 0.6348484848484849 0.033925686591276254 0.03151515151515152
0 0.872778675282714 0.5487878787878788 0.036348949919224556 0.03272727272727273
0 0.9483037156704361 0.5175757575757576 0.03150242326332795 0.028484848484848484
0 0.8905492730210016 0.4690909090909091 0.02988691437802908 0.028484848484848484
0 0.9163974151857835 0.4678787878787879 0.033925686591276254 0.03090909090909091
0 0.9337641357027464 0.4393939393939394 0.02665589660743134 0.024242424242424242
0 0.9858642972536349 0.5209090909090909 0.02827140549273021 0.025454545454545455
0 0.9773828756058158 0.42848484848484847 0.03150242326332795 0.028484848484848484
0 0.6494345718901454 0.5406060606060606 0.023424878836833602 0.02
0 0.6668012924071083 0.5181818181818182 0.02665589660743134 0.02303030303030303
0 0.7576736672051696 0.3790909090909091 0.02665589660743134 0.024242424242424242
0 0.8077544426494345 0.32151515151515153 0.03715670436187399 0.03333333333333333
0 0.6704361873990307 0.20393939393939395 0.029079159935379646 0.026060606060606062
0 0.565831987075929 0.6681818181818182 0.036348949919224556 0.03272727272727273
0 0.5682552504038773 0.6581818181818182 0.025848142164781908 0.02303030303030303
0 0.38449111470113084 0.6509090909090909 0.02988691437802908 0.027878787878787878
0 0.5024232633279483 0.3484848484848485 0.0420032310177706 0.038181818181818185
0 0.5230210016155089 0.3187878787878788 0.029079159935379646 0.028484848484848484
0 0.4672859450726979 0.3421212121212121 0.020193861066235864 0.01818181818181818
0 0.4499192245557351 0.3706060606060606 0.02988691437802908 0.02727272727272727
0 0.4575928917609047 0.39090909090909093 0.02988691437802908 0.02909090909090909
0 0.481421647819063 0.4093939393939394 0.03877221324717286 0.034545454545454546
0 0.4575928917609047 0.4266666666666667 0.024232633279483037 0.02181818181818182
0 0.38004846526655894 0.4818181818181818 0.02988691437802908 0.030303030303030304
0 0.34531502423263327 0.4775757575757576 0.03231017770597738 0.030303030303030304
0 0.6873990306946688 0.15666666666666668 0.035541195476575124 0.030303030303030304
0 0.6029886914378029 0.15878787878787878 0.030694668820678513 0.03151515151515152
0 0.5904684975767367 0.18848484848484848 0.029079159935379646 0.027878787878787878
0 0.5710823909531503 0.19757575757575757 0.027463651050080775 0.025454545454545455
0 0.5827948303715671 0.1390909090909091 0.030694668820678513 0.02909090909090909
0 0.7120355411954766 0.1993939393939394 0.025848142164781908 0.024242424242424242
0 0.7160743134087237 0.25545454545454543 0.033925686591276254 0.03090909090909091
0 0.6991114701130856 0.2784848484848485 0.029079159935379646 0.02909090909090909
0 0.6821486268174475 0.3384848484848485 0.029079159935379646 0.030303030303030304
0 0.6490306946688207 0.34575757575757576 0.027463651050080775 0.024242424242424242