0 0.616234756097561 0.857837528604119 0.03353658536585366 0.029748283752860413
0 0.5846036585365854 0.8821510297482837 0.039634146341463415 0.03489702517162471
0 0.6330030487804879 0.7877574370709383 0.039634146341463415 0.034324942791762014
0 0.6330030487804879 0.8246567505720824 0.0701219512195122 0.055491990846681924
0 0.6185213414634146 0.8143592677345538 0.027439024390243903 0.02345537757437071
0 0.6471036585365854 0.823512585812357 0.028963414634146343 0.02517162471395881
0 0.6230945121951219 0.8363844393592678 0.036585365853658534 0.031464530892448515
0 0.5682164634146342 0.7837528604118993 0.03201219512195122 0.02745995423340961
0 0.604420731707317 0.784324942791762 0.038871951219512195 0.033752860411899316
0 0.5964176829268293 0.7791762013729977 0.021341463414634148 0.018306636155606407
0 0.5583079268292683 0.7445652173913043 0.041920731707317076 0.03718535469107551
0 0.6341463414634146 0.6976544622425629 0.04801829268292683 0.04061784897025172
0 0.6322408536585366 0.7216819221967964 0.041158536585365856 0.036041189931350116
0 0.665015243902439 0.6965102974828375 0.055640243902439025 0.04748283752860412
0 0.6516768292682927 0.6862128146453089 0.03353658536585366 0.03032036613272311
0 0.6627286585365854 0.7073798627002288 0.038871951219512195 0.033752860411899316
0 0.6722560975609756 0.6827803203661327 0.03201219512195122 0.028604118993135013
0 0.6646341463414634 0.6607551487414187 0.035823170731707314 0.03260869565217391
0 0.635670731707317 0.647025171624714 0.037347560975609755 0.03260869565217391
0 0.6326219512195121 0.6687643020594966 0.03353658536585366 0.029748283752860413
0 0.5525914634146342 0.6670480549199085 0.03277439024390244 0.03032036613272311
0 0.5270579268292683 0.6633295194508009 0.028963414634146343 0.02631578947368421
0 0.5910823170731707 0.6164187643020596 0.03201219512195122 0.02803203661327231
0 0.6215701219512195 0.5946796338672768 0.03277439024390244 0.029748283752860413
0 0.6269054878048781 0.6238558352402745 0.028963414634146343 0.02517162471395881
0 0.5217225609756098 0.6178489702517163 0.028963414634146343 0.02517162471395881
0 0.5754573170731707 0.5783752860411899 0.03201219512195122 0.02688787185354691
0 0.5590701219512195 0.5818077803203662 0.028963414634146343 0.02631578947368421
0 0.5438262195121951 0.5909610983981693 0.03277439024390244 0.02917620137299771
0 0.5030487804878049 0.6158466819221968 0.035823170731707314 0.03032036613272311
0 0.5609756097560976 0.6341533180778032 0.03429878048780488 0.03032036613272311
0 0.6737804878048781 0.601258581235698 0.03201219512195122 0.02803203661327231
0 0.6490091463414634 0.6026887871853547 0.03429878048780488 0.028604118993135013
0 0.6741615853658537 0.6367276887871853 0.03201219512195122 0.02745995423340961
0 0.7210365853658537 0.6578947368421053 0.03201219512195122 0.02803203661327231
0 0.7473323170731707 0.6553203661327232 0.03048780487804878 0.02688787185354691
0 0.7107469512195121 0.5866704805491991 0.03125 0.02803203661327231
0 0.7435213414634146 0.5463386727688787 0.03353658536585366 0.028604118993135013
0 0.743140243902439 0.5697940503432495 0.03201219512195122 0.02745995423340961
0 0.7686737804878049 0.5855263157894737 0.038109756097560975 0.030892448512585814
0 0.6539634146341463 0.5323226544622426 0.03277439024390244 0.028604118993135013
0 0.6189024390243902 0.5328947368421053 0.03125 0.02803203661327231
0 0.5819359756097561 0.5386155606407322 0.037347560975609755 0.031464530892448515
0 0.578125 0.5108695652173914 0.028963414634146343 0.02574370709382151
0 0.5861280487804879 0.48197940503432496 0.03353658536585366 0.028604118993135013
0 0.6295731707317073 0.45623569794050345 0.036585365853658534 0.031464530892448515
0 0.6642530487804879 0.44279176201373 0.038871951219512195 0.034324942791762014
0 0.6859756097560976 0.44107551487414187 0.038109756097560975 0.03260869565217391
0 0.49809451219512196 0.4871281464530893 0.03277439024390244 0.029748283752860413
0 0.45198170731707316 0.49742562929061784 0.03201219512195122 0.02745995423340961
0 0.47751524390243905 0.5403318077803204 0.038871951219512195 0.034324942791762014
0 0.5007621951219512 0.5643592677345538 0.03201219512195122 0.02745995423340961
0 0.359375 0.6009725400457666 0.04344512195121951 0.03718535469107551
0 0.4012957317073171 0.580091533180778 0.037347560975609755 0.029748283752860413
0 0.4294969512195122 0.5503432494279176 0.03353658536585366 0.028604118993135013
0 0.4134908536585366 0.5749427917620137 0.05945121951219512 0.05148741418764302
0 0.41310975609756095 0.5283180778032036 0.03048780487804878 0.02631578947368421
0 0.38871951219512196 0.5177345537757437 0.03125 0.02745995423340961
0 0.3673780487804878 0.5211670480549199 0.03048780487804878 0.02631578947368421
0 0.36585365853658536 0.4934210526315789 0.03201219512195122 0.02745995423340961
0 0.32698170731707316 0.5317505720823799 0.04801829268292683 0.038901601830663615
0 0.75 0.8109267734553776 0.042682926829268296 0.036613272311212815
0 0.725609756097561 0.8037757437070938 0.038109756097560975 0.033752860411899316
0 0.6947408536585366 0.7731693363844394 0.041920731707317076 0.03775743707093822
0 0.7820121951219512 0.7806064073226545 0.035823170731707314 0.03032036613272311
0 0.7111280487804879 0.8469679633867276 0.03353658536585366 0.028604118993135013
0 0.7435213414634146 0.840675057208238 0.036585365853658534 0.032036613272311214
0 0.7320884146341463 0.8687070938215103 0.03201219512195122 0.02803203661327231
0 0.7785823170731707 0.8372425629290617 0.037347560975609755 0.029748283752860413
0 0.7747713414634146 0.8086384439359268 0.03201219512195122 0.02574370709382151
0 0.8109756097560976 0.7971967963386728 0.037347560975609755 0.03260869565217391
0 0.8147865853658537 0.812929061784897 0.025914634146341462 0.02231121281464531
0 0.8014481707317073 0.8223684210526315 0.037347560975609755 0.030892448512585814
0 0.8105945121951219 0.8478260869565217 0.03353658536585366 0.028604118993135013
0 0.7210365853658537 0.8872997711670481 0.03048780487804878 0.02459954233409611
0 0.7012195121951219 0.9304919908466819 0.04725609756097561 0.041762013729977114
0 0.696265243902439 0.9422196796338673 0.03429878048780488 0.029748283752860413
0 0.7050304878048781 0.9227688787185355 0.03201219512195122 0.028604118993135013
0 0.7282774390243902 0.9219107551487414 0.028201219512195123 0.02459954233409611
0 0.7576219512195121 0.909324942791762 0.022865853658536585 0.02116704805491991
0 0.8936737804878049 0.8192219679633868 0.038109756097560975 0.03318077803203661
0 0.8883384146341463 0.8126430205949656 0.02972560975609756 0.02631578947368421
0 0.8997713414634146 0.8237986270022883 0.025152439024390245 0.020594965675057208
0 0.8990091463414634 0.8369565217391305 0.025914634146341462 0.02231121281464531
0 0.850609756097561 0.7377002288329519 0.028201219512195123 0.02345537757437071
0 0.8094512195121951 0.7580091533180778 0.03277439024390244 0.02803203661327231
0 0.772484756097561 0.7159610983981693 0.03125 0.02688787185354691
0 0.8014481707317073 0.705091533180778 0.035823170731707314 0.03032036613272311
0 0.8262195121951219 0.705091533180778 0.040396341463414635 0.036613272311212815
0 0.8765243902439024 0.6741990846681922 0.028963414634146343 0.02288329519450801
0 0.8597560975609756 0.7211098398169337 0.03277439024390244 0.02745995423340961
0 0.7427591463414634 0.6979405034324943 0.025914634146341462 0.021739130434782608
0 0.7545731707317073 0.7408466819221968 0.028201219512195123 0.02574370709382151
0 0.7873475609756098 0.5317505720823799 0.027439024390243903 0.02402745995423341
0 0.7389481707317073 0.45623569794050345 0.035823170731707314 0.031464530892448515
0 0.7092225609756098 0.47339816933638446 0.035823170731707314 0.03032036613272311
0 0.7961128048780488 0.46939359267734554 0.027439024390243903 0.02345537757437071
0 0.9188262195121951 0.4473684210526316 0.026676829268292682 0.02288329519450801
0 0.9294969512195121 0.4602402745995423 0.03125 0.02803203661327231
0 0.942454268292683 0.5411899313501144 0.021341463414634148 0.01887871853546911
0 0.8875762195121951 0.5675057208237986 0.025914634146341462 0.021739130434782608
0 0.9378810975609756 0.6284324942791762 0.022865853658536585 0.02116704805491991
0 0.9035823170731707 0.6284324942791762 0.026676829268292682 0.02288329519450801
0 0.9576981707317073 0.6413043478260869 0.025152439024390245 0.02116704805491991
0 0.9752286585365854 0.6787757437070938 0.008384146341463415 0.02288329519450801
0 0.9428353658536586 0.691933638443936 0.03201219512195122 0.02688787185354691
0 0.9256859756097561 0.7171052631578947 0.03429878048780488 0.028604118993135013
0 0.8986280487804879 0.7225400457665904 0.028963414634146343 0.02574370709382151
0 0.8830030487804879 0.7211098398169337 0.026676829268292682 0.02459954233409611
0 0.9466463414634146 0.8255148741418764 0.023628048780487805 0.02288329519450801
0 0.9394054878048781 0.8332379862700229 0.022103658536585365 0.019450800915331808
0 0.958079268292683 0.7914759725400458 0.009908536585365854 0.02002288329519451
0 0.9279725609756098 0.8535469107551488 0.022103658536585365 0.020594965675057208
0 0.9073932926829268 0.8572654462242563 0.02972560975609756 0.02517162471395881