0 0.5794270833333334 0.76220703125 0.025390625 0.0234375
0 0.5553385416666666 0.78515625 0.029947916666666668 0.02783203125
0 0.5852864583333334 0.70166015625 0.030598958333333332 0.02685546875
0 0.58984375 0.73291015625 0.054036458333333336 0.04345703125
0 0.576171875 0.72509765625 0.020833333333333332 0.0185546875
0 0.6015625 0.73095703125 0.022135416666666668 0.02001953125
0 0.5826822916666666 0.74365234375 0.027994791666666668 0.02490234375
0 0.5299479166666666 0.70263671875 0.024739583333333332 0.021484375
0 0.560546875 0.70068359375 0.029947916666666668 0.0263671875
0 0.5533854166666666 0.69677734375 0.016276041666666668 0.0146484375
0 0.5169270833333334 0.669921875 0.031901041666666664 0.029296875
0 0.5755208333333334 0.625 0.037109375 0.03173828125
0 0.5768229166666666 0.6455078125 0.03125 0.0283203125
0 0.6015625 0.6220703125 0.042317708333333336 0.03759765625
0 0.5891927083333334 0.6142578125 0.025390625 0.02392578125
0 0.6009114583333334 0.63134765625 0.029947916666666668 0.0263671875
0 0.6061197916666666 0.60986328125 0.024088541666666668 0.0224609375
0 0.5970052083333334 0.591796875 0.02734375 0.02587890625
0 0.5709635416666666 0.58203125 0.028645833333333332 0.02587890625
0 0.5709635416666666 0.6005859375 0.025390625 0.0234375
0 0.5026041666666666 0.6044921875 0.024739583333333332 0.02392578125
0 0.48046875 0.60302734375 0.022135416666666668 0.02099609375
0 0.529296875 0.55908203125 0.024088541666666668 0.02197265625
0 0.552734375 0.53857421875 0.024739583333333332 0.0234375
0 0.560546875 0.56298828125 0.022135416666666668 0.02001953125
0 0.470703125 0.56494140625 0.022135416666666668 0.02001953125
0 0.51171875 0.52783203125 0.024739583333333332 0.02099609375
0 0.498046875 0.53173828125 0.022135416666666668 0.02099609375
0 0.486328125 0.54052734375 0.024739583333333332 0.02294921875
0 0.4544270833333333 0.564453125 0.02734375 0.02392578125
0 0.505859375 0.576171875 0.026041666666666668 0.02392578125
0 0.59765625 0.54052734375 0.024088541666666668 0.02197265625
0 0.5768229166666666 0.54345703125 0.026041666666666668 0.0224609375
0 0.6022135416666666 0.57080078125 0.024739583333333332 0.021484375
0 0.64453125 0.58544921875 0.024739583333333332 0.02197265625
0 0.6666666666666666 0.58154296875 0.0234375 0.02099609375
0 0.6276041666666666 0.52587890625 0.0234375 0.02197265625
0 0.650390625 0.4892578125 0.025390625 0.0224609375
0 0.6529947916666666 0.50927734375 0.024739583333333332 0.021484375
0 0.6764322916666666 0.52099609375 0.029296875 0.0244140625
0 0.5729166666666666 0.4833984375 0.024739583333333332 0.0224609375
0 0.54296875 0.486328125 0.0234375 0.02197265625
0 0.5123697916666666 0.49365234375 0.028645833333333332 0.02490234375
0 0.505859375 0.47021484375 0.022135416666666668 0.0205078125
0 0.5091145833333334 0.4453125 0.025390625 0.0224609375
0 0.54296875 0.42041015625 0.027994791666666668 0.02490234375
0 0.5709635416666666 0.40673828125 0.029947916666666668 0.02685546875
0 0.5891927083333334 0.40380859375 0.029296875 0.02587890625
0 0.4348958333333333 0.45556640625 0.024739583333333332 0.0234375
0 0.3971354166666667 0.46728515625 0.024739583333333332 0.021484375
0 0.423828125 0.501953125 0.029296875 0.02734375
0 0.4466145833333333 0.52099609375 0.024739583333333332 0.021484375
0 0.3307291666666667 0.5615234375 0.033203125 0.029296875
0 0.3639322916666667 0.541015625 0.028645833333333332 0.0234375
0 0.3841145833333333 0.513671875 0.025390625 0.0224609375
0 0.3736979166666667 0.53564453125 0.045572916666666664 0.04052734375
0 0.3678385416666667 0.49609375 0.0234375 0.0205078125
0 0.345703125 0.48876953125 0.024088541666666668 0.021484375
0 0.328125 0.4931640625 0.0234375 0.0205078125
0 0.3235677083333333 0.4697265625 0.024739583333333332 0.021484375
0 0.294921875 0.5048828125 0.037109375 0.0302734375
0 0.6875 0.71337890625 0.032552083333333336 0.02880859375
0 0.666015625 0.708984375 0.028645833333333332 0.02685546875
0 0.6360677083333334 0.68505859375 0.031901041666666664 0.02978515625
0 0.7109375 0.685546875 0.02734375 0.02392578125
0 0.6588541666666666 0.74658203125 0.025390625 0.0224609375
0 0.685546875 0.7392578125 0.027994791666666668 0.025390625
0 0.6790364583333334 0.763671875 0.024088541666666668 0.02197265625
0 0.71484375 0.73388671875 0.028645833333333332 0.0234375
0 0.7083333333333334 0.7099609375 0.024739583333333332 0.02001953125
0 0.7376302083333334 0.69775390625 0.028645833333333332 0.02587890625
0 0.7428385416666666 0.7109375 0.01953125 0.017578125
0 0.732421875 0.7197265625 0.028645833333333332 0.0244140625
0 0.7434895833333334 0.74072265625 0.025390625 0.0224609375
0 0.671875 0.7802734375 0.0234375 0.01904296875
0 0.66015625 0.818359375 0.035807291666666664 0.033203125
0 0.6575520833333334 0.82861328125 0.026041666666666668 0.0234375
0 0.6627604166666666 0.8115234375 0.024088541666666668 0.0224609375
0 0.6822916666666666 0.80908203125 0.021484375 0.01953125
0 0.7057291666666666 0.79638671875 0.017578125 0.0166015625
0 0.810546875 0.7109375 0.029296875 0.0263671875
0 0.8053385416666666 0.70556640625 0.022786458333333332 0.02099609375
0 0.81640625 0.71435546875 0.01953125 0.01611328125
0 0.8170572916666666 0.7255859375 0.01953125 0.017578125
0 0.7643229166666666 0.64453125 0.021484375 0.0185546875
0 0.7317708333333334 0.66455078125 0.025390625 0.02197265625
0 0.6953125 0.63134765625 0.024088541666666668 0.02099609375
0 0.71875 0.6201171875 0.02734375 0.02392578125
0 0.7395833333333334 0.61865234375 0.030598958333333332 0.02880859375
0 0.7786458333333334 0.5888671875 0.022135416666666668 0.01806640625
0 0.7701822916666666 0.6298828125 0.025390625 0.021484375
0 0.66796875 0.6181640625 0.020182291666666668 0.01708984375
0 0.6829427083333334 0.65380859375 0.021484375 0.0205078125
0 0.6861979166666666 0.47412109375 0.020833333333333332 0.01904296875
0 0.6360677083333334 0.4130859375 0.02734375 0.02490234375
0 0.6126302083333334 0.4296875 0.02734375 0.02392578125
0 0.6861979166666666 0.42041015625 0.020833333333333332 0.0185546875
0 0.7877604166666666 0.3935546875 0.020182291666666668 0.01806640625
0 0.7981770833333334 0.40380859375 0.0234375 0.02197265625
0 0.8190104166666666 0.4716796875 0.016276041666666668 0.01513671875
0 0.775390625 0.49755859375 0.020182291666666668 0.01708984375
0 0.8255208333333334 0.5458984375 0.017578125 0.0166015625
0 0.7962239583333334 0.54833984375 0.020182291666666668 0.01806640625
0 0.84375 0.5556640625 0.01953125 0.0166015625
0 0.87109375 0.58642578125 0.020833333333333332 0.01904296875
0 0.8372395833333334 0.599609375 0.024739583333333332 0.02099609375
0 0.8255208333333334 0.6220703125 0.026041666666666668 0.0224609375
0 0.8033854166666666 0.62841796875 0.022135416666666668 0.0205078125
0 0.7897135416666666 0.62841796875 0.020182291666666668 0.01953125
0 0.8756510416666666 0.64013671875 0.027994791666666668 0.0224609375
0 0.8723958333333334 0.708984375 0.020182291666666668 0.0185546875
0 0.857421875 0.712890625 0.018880208333333332 0.01806640625
0 0.8509114583333334 0.7197265625 0.016927083333333332 0.01513671875
0 0.8678385416666666 0.68310546875 0.017578125 0.0166015625
0 0.9016927083333334 0.7060546875 0.021484375 0.01953125
0 0.8723958333333334 0.72705078125 0.0234375 0.02099609375
0 0.84375 0.73779296875 0.016927083333333332 0.01611328125
0 0.8268229166666666 0.7421875 0.022786458333333332 0.02001953125