0 0.7884114583333334 0.83447265625 0.022135416666666668 0.03125
0 0.7662760416666666 0.8369140625 0.022786458333333332 0.02880859375
0 0.732421875 0.85498046875 0.024088541666666668 0.0341796875
0 0.77734375 0.87451171875 0.0234375 0.03271484375
0 0.72265625 0.88330078125 0.022786458333333332 0.02880859375
0 0.7272135416666666 0.78662109375 0.020833333333333332 0.03369140625
0 0.71875 0.80859375 0.0234375 0.02783203125
0 0.6940104166666666 0.80029296875 0.029296875 0.04052734375
0 0.7278645833333334 0.74072265625 0.024088541666666668 0.03271484375
0 0.6614583333333334 0.7216796875 0.024739583333333332 0.03271484375
0 0.640625 0.77197265625 0.026041666666666668 0.03369140625
0 0.6673177083333334 0.76953125 0.020833333333333332 0.0302734375
0 0.6640625 0.7470703125 0.018880208333333332 0.0283203125
0 0.6666666666666666 0.8232421875 0.020182291666666668 0.02783203125
0 0.578125 0.86083984375 0.02734375 0.0419921875
0 0.5944010416666666 0.744140625 0.024088541666666668 0.0341796875
0 0.568359375 0.73779296875 0.022786458333333332 0.0302734375
0 0.5416666666666666 0.80078125 0.022786458333333332 0.03173828125
0 0.5130208333333334 0.75048828125 0.020182291666666668 0.0283203125
0 0.5169270833333334 0.79736328125 0.020833333333333332 0.02685546875
0 0.5052083333333334 0.82958984375 0.020182291666666668 0.0263671875
0 0.4993489583333333 0.8671875 0.024739583333333332 0.03369140625
0 0.4609375 0.87939453125 0.0234375 0.03173828125
0 0.4641927083333333 0.73046875 0.01953125 0.02783203125
0 0.4772135416666667 0.76708984375 0.018880208333333332 0.02294921875
0 0.443359375 0.78125 0.012369791666666666 0.0166015625
0 0.4192708333333333 0.8193359375 0.017578125 0.02587890625
0 0.3893229166666667 0.8662109375 0.020182291666666668 0.029296875
0 0.3639322916666667 0.8203125 0.01953125 0.0263671875
0 0.3391927083333333 0.7734375 0.018229166666666668 0.0263671875
0 0.3255208333333333 0.8125 0.017578125 0.0263671875
0 0.3111979166666667 0.736328125 0.025390625 0.0361328125
0 0.3177083333333333 0.74658203125 0.018229166666666668 0.02587890625
0 0.3059895833333333 0.72509765625 0.018229166666666668 0.0263671875
0 0.2962239583333333 0.76953125 0.017578125 0.02099609375
0 0.228515625 0.72607421875 0.01953125 0.02880859375
0 0.21028645833333334 0.7978515625 0.020182291666666668 0.029296875
0 0.2838541666666667 0.84619140625 0.016927083333333332 0.02490234375
0 0.2604166666666667 0.845703125 0.01953125 0.02392578125
0 0.23372395833333334 0.88330078125 0.020833333333333332 0.025390625
0 0.255859375 0.890625 0.016276041666666668 0.0185546875
0 0.15364583333333334 0.88623046875 0.022135416666666668 0.0263671875
0 0.18815104166666666 0.72314453125 0.017578125 0.0283203125
0 0.16927083333333334 0.736328125 0.016276041666666668 0.025390625
0 0.1015625 0.7138671875 0.022135416666666668 0.03173828125
0 0.130859375 0.8037109375 0.020833333333333332 0.02294921875
0 0.146484375 0.837890625 0.016927083333333332 0.02197265625
0 0.12239583333333333 0.42529296875 0.01953125 0.02685546875
0 0.23111979166666666 0.31494140625 0.01953125 0.02587890625
0 0.224609375 0.29248046875 0.018229166666666668 0.02734375
0 0.322265625 0.2802734375 0.020182291666666668 0.02587890625
0 0.2955729166666667 0.2236328125 0.020833333333333332 0.021484375
0 0.3483072916666667 0.36376953125 0.020833333333333332 0.0283203125
0 0.4147135416666667 0.427734375 0.022135416666666668 0.0283203125
0 0.4544270833333333 0.455078125 0.0234375 0.03173828125
0 0.4524739583333333 0.455078125 0.016276041666666668 0.01953125
0 0.59375 0.38037109375 0.022135416666666668 0.029296875
0 0.59765625 0.35693359375 0.015625 0.02197265625
0 0.6458333333333334 0.4033203125 0.01953125 0.02783203125
0 0.638671875 0.25927734375 0.017578125 0.0244140625
0 0.6126302083333334 0.1923828125 0.020182291666666668 0.02783203125
0 0.677734375 0.28857421875 0.01953125 0.029296875
0 0.6588541666666666 0.32568359375 0.018229166666666668 0.02880859375
0 0.4602864583333333 0.255859375 0.03515625 0.0458984375
0 0.46875 0.26416015625 0.013020833333333334 0.0185546875
0 0.4674479166666667 0.2451171875 0.013671875 0.02001953125
0 0.4518229166666667 0.26416015625 0.014322916666666666 0.0205078125
0 0.43359375 0.21337890625 0.018880208333333332 0.02783203125
0 0.3489583333333333 0.10400390625 0.01953125 0.02685546875
0 0.3802083333333333 0.162109375 0.018880208333333332 0.02587890625
0 0.4368489583333333 0.1904296875 0.014973958333333334 0.02294921875
0 0.53125 0.0869140625 0.0234375 0.0283203125
0 0.6295572916666666 0.1103515625 0.020833333333333332 0.0283203125
0 0.6119791666666666 0.10546875 0.020182291666666668 0.03125
0 0.59375 0.08154296875 0.018880208333333332 0.02294921875
0 0.5865885416666666 0.10205078125 0.022786458333333332 0.0283203125
0 0.220703125 0.5322265625 0.024739583333333332 0.03173828125
0 0.18489583333333334 0.27734375 0.021484375 0.0283203125
0 0.427734375 0.65478515625 0.024739583333333332 0.03466796875
0 0.4479166666666667 0.638671875 0.020182291666666668 0.029296875
0 0.48828125 0.642578125 0.020182291666666668 0.0234375