0 0.6533149171270718 0.7908902691511387 0.04350828729281768 0.042443064182194616
0 0.5987569060773481 0.7735507246376812 0.04143646408839779 0.040372670807453416
0 0.6039364640883977 0.7280020703933747 0.04005524861878453 0.038302277432712216
0 0.643646408839779 0.7430124223602484 0.0324585635359116 0.03157349896480331
0 0.674378453038674 0.7207556935817805 0.034530386740331494 0.033126293995859216
0 0.693024861878453 0.7525879917184265 0.028314917127071824 0.027432712215320912
0 0.7047651933701657 0.8066770186335404 0.03038674033149171 0.029503105590062112
0 0.68646408839779 0.7934782608695652 0.031767955801104975 0.031055900621118012
0 0.6837016574585635 0.8227225672877847 0.03591160220994475 0.034161490683229816
0 0.7254834254143646 0.7805383022774327 0.03591160220994475 0.035196687370600416
0 0.6702348066298343 0.8413561076604554 0.025552486187845305 0.024327122153209108
0 0.5732044198895028 0.9446169772256728 0.0324585635359116 0.03157349896480331
0 0.5852900552486188 0.8460144927536232 0.029696132596685083 0.028467908902691512
0 0.5517955801104972 0.8858695652173914 0.024861878453038673 0.024327122153209108
0 0.5234806629834254 0.8620600414078675 0.031077348066298343 0.029503105590062112
0 0.5103591160220995 0.8330745341614907 0.049723756906077346 0.04710144927536232
0 0.555939226519337 0.8211697722567288 0.031767955801104975 0.030538302277432712
0 0.4889502762430939 0.8581780538302277 0.04005524861878453 0.038302277432712216
0 0.5245165745856354 0.7580227743271222 0.03660220994475138 0.036231884057971016
0 0.5542127071823204 0.7528467908902692 0.031767955801104975 0.030538302277432712
0 0.5507596685082873 0.7254140786749482 0.03314917127071823 0.03260869565217391
0 0.5669889502762431 0.7681159420289855 0.0324585635359116 0.03157349896480331
0 0.4858425414364641 0.78027950310559 0.03798342541436464 0.03674948240165631
0 0.4972375690607735 0.760351966873706 0.028314917127071824 0.027432712215320912
0 0.4830801104972376 0.7155797101449275 0.022790055248618785 0.022256728778467908
0 0.4886049723756906 0.6987577639751553 0.031077348066298343 0.028985507246376812
0 0.5103591160220995 0.6840062111801242 0.03383977900552486 0.033126293995859216
0 0.4654696132596685 0.739648033126294 0.024861878453038673 0.023809523809523808
0 0.449585635359116 0.760351966873706 0.04281767955801105 0.03985507246376811
0 0.405732044198895 0.6860766045548654 0.034530386740331494 0.034161490683229816
0 0.3926104972375691 0.6679606625258799 0.03383977900552486 0.03260869565217391
0 0.3639502762430939 0.7114389233954451 0.034530386740331494 0.03364389233954451
0 0.3425414364640884 0.6739130434782609 0.03383977900552486 0.033126293995859216
0 0.37672651933701656 0.6330227743271222 0.03522099447513812 0.03467908902691511
0 0.549378453038674 0.6099896480331263 0.023480662983425413 0.022256728778467908
0 0.6115331491712708 0.5781573498964804 0.031077348066298343 0.030020703933747412
0 0.6691988950276243 0.5634057971014492 0.029005524861878452 0.028467908902691512
0 0.6377762430939227 0.5504658385093167 0.026243093922651933 0.025362318840579712
0 0.6419198895027625 0.5214803312629399 0.026243093922651933 0.025362318840579712
0 0.6944060773480663 0.5802277432712215 0.024171270718232045 0.023809523809523808
0 0.5987569060773481 0.5333850931677019 0.024171270718232045 0.023809523809523808
0 0.56146408839779 0.5364906832298136 0.019337016574585635 0.018115942028985508
0 0.6080801104972375 0.48524844720496896 0.024171270718232045 0.023809523809523808
0 0.611878453038674 0.4435817805383023 0.023480662983425413 0.023291925465838508
0 0.5980662983425414 0.4340062111801242 0.022099447513812154 0.021221532091097308
0 0.5694060773480663 0.6335403726708074 0.024861878453038673 0.024327122153209108
0 0.5600828729281768 0.6193064182194618 0.022790055248618785 0.022256728778467908
0 0.7558701657458563 0.6120600414078675 0.026243093922651933 0.025362318840579712
0 0.7455110497237569 0.6407867494824017 0.022099447513812154 0.022256728778467908
0 0.7717541436464088 0.6583850931677019 0.026243093922651933 0.025362318840579712
0 0.7841850828729282 0.6940993788819876 0.020718232044198894 0.020186335403726708
0 0.7990331491712708 0.6741718426501035 0.022099447513812154 0.021739130434782608
0 0.7973066298342542 0.6607142857142857 0.022099447513812154 0.021739130434782608
0 0.773135359116022 0.687888198757764 0.023480662983425413 0.022256728778467908
0 0.7399861878453039 0.69824016563147 0.029005524861878452 0.028467908902691512
0 0.7241022099447514 0.6943581780538303 0.024861878453038673 0.024327122153209108
0 0.712707182320442 0.7383540372670807 0.025552486187845305 0.024327122153209108
0 0.512085635359116 0.4862836438923395 0.016574585635359115 0.015010351966873706
0 0.5435082872928176 0.4974120082815735 0.023480662983425413 0.022774327122153208
0 0.573549723756906 0.515527950310559 0.020718232044198894 0.020186335403726708
0 0.5728591160220995 0.4280538302277433 0.017955801104972375 0.016563146997929608
0 0.524171270718232 0.46454451345755693 0.022790055248618785 0.022256728778467908