0 0.5703125 0.8271484375 0.02734375 0.02197265625
0 0.6178385416666666 0.84228515625 0.03125 0.0263671875
0 0.5221354166666666 0.76220703125 0.034505208333333336 0.0244140625
0 0.5364583333333334 0.79931640625 0.06510416666666667 0.03564453125
0 0.5494791666666666 0.78466796875 0.0234375 0.01708984375
0 0.51953125 0.802734375 0.024739583333333332 0.0185546875
0 0.5533854166666666 0.80810546875 0.031901041666666664 0.02294921875
0 0.595703125 0.73876953125 0.028645833333333332 0.01904296875
0 0.5540364583333334 0.75048828125 0.033203125 0.02392578125
0 0.560546875 0.74267578125 0.018229166666666668 0.01318359375
0 0.5911458333333334 0.69677734375 0.034505208333333336 0.02783203125
0 0.4830729166666667 0.6728515625 0.041666666666666664 0.02880859375
0 0.4954427083333333 0.6962890625 0.034505208333333336 0.02587890625
0 0.4466145833333333 0.681640625 0.046875 0.03466796875
0 0.4576822916666667 0.66748046875 0.02734375 0.02294921875
0 0.4537760416666667 0.69140625 0.032552083333333336 0.0244140625
0 0.4322916666666667 0.67041015625 0.026041666666666668 0.02099609375
0 0.4322916666666667 0.6455078125 0.029947916666666668 0.0244140625
0 0.4602864583333333 0.62353515625 0.03125 0.0244140625
0 0.47265625 0.6435546875 0.027994791666666668 0.02197265625
0 0.5670572916666666 0.6171875 0.024739583333333332 0.0234375
0 0.5950520833333334 0.60595703125 0.022786458333333332 0.02001953125
0 0.5006510416666666 0.57861328125 0.026692708333333332 0.0205078125
0 0.4557291666666667 0.56640625 0.02734375 0.02197265625
0 0.4615885416666667 0.59716796875 0.024739583333333332 0.01806640625
0 0.58203125 0.55908203125 0.0234375 0.0185546875
0 0.5032552083333334 0.5361328125 0.029296875 0.01806640625
0 0.5234375 0.53466796875 0.0234375 0.0205078125
0 0.5455729166666666 0.5390625 0.02734375 0.021484375
0 0.6041666666666666 0.55126953125 0.029947916666666668 0.021484375
0 0.54296875 0.58740234375 0.029296875 0.02197265625
0 0.3971354166666667 0.58935546875 0.026041666666666668 0.0205078125
0 0.4264322916666667 0.5830078125 0.029947916666666668 0.0205078125
0 0.412109375 0.625 0.02734375 0.01953125
0 0.365234375 0.66015625 0.027994791666666668 0.01953125
0 0.3326822916666667 0.666015625 0.025390625 0.01904296875
0 0.34765625 0.58642578125 0.025390625 0.02099609375
0 0.29296875 0.5556640625 0.029296875 0.02001953125
0 0.302734375 0.57958984375 0.028645833333333332 0.01904296875
0 0.279296875 0.60302734375 0.033854166666666664 0.02099609375
0 0.3919270833333333 0.5146484375 0.02734375 0.0205078125
0 0.4342447916666667 0.50390625 0.024739583333333332 0.02099609375
0 0.4791666666666667 0.4990234375 0.032552083333333336 0.0224609375
0 0.4720052083333333 0.46923828125 0.024088541666666668 0.01953125
0 0.451171875 0.443359375 0.029296875 0.02001953125
0 0.388671875 0.4306640625 0.03125 0.0224609375
0 0.3424479166666667 0.42822265625 0.033203125 0.0244140625
0 0.3170572916666667 0.43359375 0.033203125 0.02294921875
0 0.556640625 0.4208984375 0.026692708333333332 0.02197265625
0 0.6145833333333334 0.41748046875 0.027994791666666668 0.01904296875
0 0.6028645833333334 0.4677734375 0.03125 0.0263671875
0 0.5852864583333334 0.4990234375 0.027994791666666668 0.01953125
0 0.7662760416666666 0.49169921875 0.037109375 0.02685546875
0 0.7083333333333334 0.484375 0.033203125 0.0205078125
0 0.6634114583333334 0.462890625 0.029296875 0.0205078125
0 0.6920572916666666 0.48291015625 0.05078125 0.037109375
0 0.6725260416666666 0.43603515625 0.026041666666666668 0.0185546875
0 0.6979166666666666 0.41748046875 0.02734375 0.01953125
0 0.7233072916666666 0.41455078125 0.026041666666666668 0.0185546875
0 0.7141927083333334 0.38671875 0.02734375 0.01904296875
0 0.7760416666666666 0.41259765625 0.044270833333333336 0.02490234375
0 0.3938802083333333 0.82177734375 0.035807291666666664 0.0263671875
0 0.4192708333333333 0.80712890625 0.030598958333333332 0.02587890625
0 0.4427083333333333 0.76708984375 0.034505208333333336 0.02783203125
0 0.3430989583333333 0.80126953125 0.030598958333333332 0.02197265625
0 0.4544270833333333 0.845703125 0.027994791666666668 0.0205078125
0 0.4134114583333333 0.849609375 0.030598958333333332 0.0234375
0 0.4388020833333333 0.8740234375 0.025390625 0.0205078125
0 0.37109375 0.85693359375 0.033854166666666664 0.01953125
0 0.3639322916666667 0.82763671875 0.030598958333333332 0.0166015625
0 0.3170572916666667 0.82763671875 0.031901041666666664 0.0234375
0 0.318359375 0.8447265625 0.021484375 0.01611328125
0 0.3385416666666667 0.849609375 0.032552083333333336 0.02197265625
0 0.337890625 0.8779296875 0.027994791666666668 0.0205078125
0 0.458984375 0.8896484375 0.02734375 0.0166015625
0 0.5006510416666666 0.92626953125 0.038411458333333336 0.03125
0 0.5110677083333334 0.9365234375 0.029296875 0.021484375
0 0.4921875 0.91943359375 0.025390625 0.02099609375
0 0.46484375 0.92626953125 0.0234375 0.0185546875
0 0.4251302083333333 0.92236328125 0.018880208333333332 0.01611328125
0 0.228515625 0.875 0.032552083333333336 0.02392578125
0 0.23177083333333334 0.86669921875 0.024739583333333332 0.02001953125
0 0.22265625 0.880859375 0.022786458333333332 0.01416015625
0 0.22916666666666666 0.89404296875 0.022135416666666668 0.01611328125
0 0.24479166666666666 0.77978515625 0.024088541666666668 0.0166015625
0 0.3020833333333333 0.78759765625 0.029947916666666668 0.01904296875
0 0.328125 0.734375 0.02734375 0.0185546875
0 0.2897135416666667 0.732421875 0.031901041666666664 0.021484375
0 0.2604166666666667 0.740234375 0.032552083333333336 0.02734375
0 0.18880208333333334 0.724609375 0.026041666666666668 0.01513671875
0 0.22786458333333334 0.7666015625 0.029947916666666668 0.0185546875
0 0.3561197916666667 0.70703125 0.022135416666666668 0.01513671875
0 0.359375 0.75341796875 0.022135416666666668 0.01953125
0 0.23502604166666666 0.55517578125 0.0234375 0.017578125
0 0.2604166666666667 0.46484375 0.029947916666666668 0.0234375
0 0.3033854166666667 0.47265625 0.030598958333333332 0.021484375
0 0.19856770833333334 0.49560546875 0.0234375 0.0166015625
0 0.045572916666666664 0.51171875 0.022786458333333332 0.0166015625
0 0.0390625 0.52783203125 0.025390625 0.02099609375
0 0.055989583333333336 0.61279296875 0.017578125 0.0146484375
0 0.13151041666666666 0.62158203125 0.024088541666666668 0.0146484375
0 0.09765625 0.6982421875 0.01953125 0.015625
0 0.138671875 0.6875 0.022786458333333332 0.0166015625
0 0.07942708333333333 0.71728515625 0.022135416666666668 0.01513671875
0 0.064453125 0.763671875 0.022135416666666668 0.01806640625
0 0.11848958333333333 0.76318359375 0.029296875 0.01806640625
0 0.1484375 0.78271484375 0.029296875 0.0205078125
0 0.18229166666666666 0.77978515625 0.024739583333333332 0.01904296875
0 0.20052083333333334 0.7734375 0.021484375 0.01904296875
0 0.09375 0.82568359375 0.033854166666666664 0.0185546875
0 0.14453125 0.900390625 0.021484375 0.01806640625
0 0.16796875 0.8984375 0.020182291666666668 0.01708984375
0 0.18033854166666666 0.90234375 0.018229166666666668 0.0146484375
0 0.13346354166666666 0.86962890625 0.01953125 0.015625
0 0.103515625 0.91015625 0.0234375 0.01806640625
0 0.15690104166666666 0.92041015625 0.025390625 0.01953125
0 0.20182291666666666 0.919921875 0.018229166666666668 0.01513671875
0 0.22786458333333334 0.91650390625 0.026041666666666668 0.01806640625