0 0.6291058394160584 0.27393980848153215 0.07937956204379562 0.04719562243502052
0 0.718978102189781 0.25820793433652534 0.06751824817518248 0.0533515731874145
0 0.7992700729927007 0.19288645690834474 0.06295620437956205 0.0533515731874145
0 0.6637773722627737 0.1662106703146375 0.05930656934306569 0.03967168262653899
0 0.5164233576642335 0.22982216142270862 0.06751824817518248 0.047879616963064295
0 0.7979014598540146 0.29001367989056087 0.06934306569343066 0.046511627906976744
0 0.8462591240875912 0.05198358413132695 0.060218978102189784 0.03419972640218878
0 0.9279197080291971 0.06361149110807114 0.072992700729927 0.03761969904240766
0 0.9251824817518248 0.10601915184678523 0.0812043795620438 0.05540355677154583
0 0.530565693430657 0.015047879616963064 0.055656934306569344 0.030095759233926128
0 0.48722627737226276 0.38850889192886456 0.053832116788321165 0.03967168262653899
0 0.6674270072992701 0.39158686730506154 0.04470802919708029 0.03761969904240766
0 0.40693430656934304 0.2725718194254446 0.05291970802919708 0.038303693570451436
0 0.4666970802919708 0.22879616963064295 0.041970802919708027 0.028727770177838577
0 0.3708941605839416 0.23290013679890562 0.053832116788321165 0.03419972640218878
0 0.39233576642335766 0.17818057455540356 0.046532846715328466 0.03625170998632011
0 0.35994525547445255 0.14261285909712723 0.060218978102189784 0.04240766073871409
0 0.5196167883211679 0.08105335157318741 0.05748175182481752 0.04103967168262654
0 0.583029197080292 0.09199726402188782 0.060218978102189784 0.04035567715458276
0 0.47354014598540145 0.9312585499316005 0.05291970802919708 0.038303693570451436
0 0.3759124087591241 0.8266073871409029 0.05291970802919708 0.03625170998632011
0 0.3594890510948905 0.8919288645690835 0.046532846715328466 0.03761969904240766
0 0.31843065693430656 0.9011627906976745 0.0666058394160584 0.049247606019151846
0 0.2687043795620438 0.8498632010943913 0.05200729927007299 0.03898768809849521
0 0.21441605839416059 0.8283173734610123 0.04744525547445255 0.03898768809849521
0 0.18613138686131386 0.8772229822161423 0.07208029197080291 0.0533515731874145
0 0.19114963503649635 0.8590971272229823 0.04470802919708029 0.033515731874145006
0 0.16605839416058393 0.8830369357045144 0.046532846715328466 0.03761969904240766
0 0.19708029197080293 0.8857729138166894 0.04927007299270073 0.03556771545827633
0 0.1395985401459854 0.7841997264021888 0.046532846715328466 0.033515731874145006
0 0.12043795620437957 0.7199042407660738 0.04927007299270073 0.03488372093023256
0 0.05656934306569343 0.6364569083447332 0.05930656934306569 0.04035567715458276
0 0.054288321167883215 0.6029411764705882 0.060218978102189784 0.03967168262653899
0 0.19251824817518248 0.6538987688098495 0.046532846715328466 0.036935704514363885
0 0.30702554744525545 0.6231190150478796 0.04562043795620438 0.03625170998632011
0 0.33074817518248173 0.6367989056087552 0.037408759124087594 0.03146374829001368
0 0.9904197080291971 0.14192886456908343 0.01916058394160584 0.04993160054719562
0 0.8302919708029197 0.08515731874145006 0.041970802919708027 0.033515731874145006
0 0.7837591240875912 0.03761969904240766 0.05200729927007299 0.021203830369357045
0 0.38047445255474455 0.008891928864569083 0.043795620437956206 0.017783857729138167
0 0.4854014598540146 0.020861833105335157 0.05291970802919708 0.041723666210670314
0 0.4032846715328467 0.0560875512995896 0.04927007299270073 0.03898768809849521
0 0.36450729927007297 0.04445964432284542 0.04288321167883212 0.036935704514363885
0 0.666058394160584 0.13577291381668946 0.04105839416058394 0.033515731874145006
0 0.7235401459854015 0.1210670314637483 0.04927007299270073 0.03967168262653899
0 0.7554744525547445 0.46990424076607384 0.046532846715328466 0.03419972640218878
0 0.7093978102189781 0.47571819425444595 0.058394160583941604 0.04993160054719562
0 0.4119525547445255 0.457250341997264 0.06386861313868614 0.043091655266757865
0 0.0666058394160584 0.5345417236662107 0.05656934306569343 0.04377564979480164
0 0.19160583941605838 0.5711354309165527 0.05200729927007299 0.03967168262653899
0 0.21624087591240876 0.591655266757866 0.05018248175182482 0.03625170998632011
0 0.15100364963503649 0.6398768809849521 0.046532846715328466 0.03419972640218878
0 0.2125912408759124 0.47674418604651164 0.05291970802919708 0.04035567715458276
0 0.24726277372262773 0.4172366621067031 0.060218978102189784 0.04514363885088919
0 0.17153284671532848 0.24623803009575923 0.05018248175182482 0.041723666210670314
0 0.29927007299270075 0.24281805745554036 0.053832116788321165 0.04514363885088919
0 0.13822992700729927 0.2763337893296854 0.04927007299270073 0.03761969904240766
0 0.3604014598540146 0.2024623803009576 0.051094890510948905 0.041723666210670314
0 0.2664233576642336 0.11149110807113544 0.04927007299270073 0.03898768809849521
0 0.30246350364963503 0.03556771545827633 0.053832116788321165 0.04377564979480164
0 0.2176094890510949 0.009917920656634747 0.04105839416058394 0.019835841313269494