0 0.9128619153674833 0.06092124814264487 0.013363028953229399 0.014858841010401188
0 0.9220489977728286 0.03937592867756315 0.009465478841870824 0.010401188707280832
0 0.9320712694877505 0.045319465081723624 0.010579064587973273 0.010401188707280832
0 0.9295657015590201 0.10698365527488855 0.01002227171492205 0.015601783060921248
0 0.9025612472160356 0.1861069836552749 0.013363028953229399 0.015601783060921248
0 0.878619153674833 0.10921248142644874 0.011135857461024499 0.01411589895988113
0 0.9259465478841871 0.1712481426448737 0.011135857461024499 0.015601783060921248
0 0.8145879732739421 0.17459138187221396 0.013363028953229399 0.018573551263001486
0 0.8321269487750557 0.11032689450222882 0.012249443207126948 0.01411589895988113
0 0.8775055679287305 0.031575037147102525 0.011692650334075724 0.01337295690936107
0 0.8772271714922049 0.06315007429420505 0.015590200445434299 0.015601783060921248
0 0.3680400890868597 0.8777860326894502 0.012249443207126948 0.015601783060921248
0 0.3201559020044543 0.8729569093610698 0.012806236080178173 0.015601783060921248
0 0.3822383073496659 0.9086181277860327 0.01002227171492205 0.01263001485884101
0 0.36219376391982183 0.9056463595839525 0.011135857461024499 0.01337295690936107
0 0.36943207126948774 0.9338781575037147 0.008908685968819599 0.011144130757800892
0 0.392260579064588 0.9008172362555721 0.009465478841870824 0.01188707280832095
0 0.39560133630289535 0.8904160475482912 0.008351893095768375 0.01188707280832095
0 0.4304008908685969 0.888558692421991 0.012249443207126948 0.015601783060921248
0 0.42316258351893093 0.9212481426448736 0.008908685968819599 0.009658246656760773
0 0.5515033407572383 0.3112927191679049 0.021158129175946547 0.02600297176820208
0 0.5300668151447662 0.3387815750371471 0.019487750556792874 0.02451708766716196
0 0.5734966592427617 0.35921248142644874 0.019487750556792874 0.02674591381872214
0 0.5882516703786191 0.35661218424962854 0.021158129175946547 0.030460624071322436
0 0.7046213808463252 0.7540861812778603 0.012806236080178173 0.01263001485884101
0 0.7608574610244989 0.7199108469539376 0.01002227171492205 0.014858841010401188
0 0.7680957683741648 0.6289004457652303 0.009465478841870824 0.01337295690936107
0 0.6350222717149221 0.3265230312035661 0.01893095768374165 0.02526002971768202
0 0.6288975501113586 0.3209509658246657 0.008351893095768375 0.01263001485884101
0 0.6353006681514477 0.3235512630014859 0.008908685968819599 0.010401188707280832
0 0.6389198218262806 0.33358098068350667 0.013919821826280624 0.017087667161961365
0 0.8262806236080178 0.15081723625557206 0.011135857461024499 0.01263001485884101
0 0.8298997772828508 0.17719167904903418 0.009465478841870824 0.01411589895988113
0 0.8209910913140311 0.19576523031203566 0.009465478841870824 0.009658246656760773
0 0.8766703786191536 0.2526002971768202 0.01670378619153675 0.019316493313521546
0 0.8468819599109132 0.25742942050520057 0.013363028953229399 0.018573551263001486
0 0.8850222717149221 0.2938335809806835 0.012249443207126948 0.014858841010401188
0 0.8981069042316259 0.5148588410104011 0.017817371937639197 0.0274888558692422
0 0.8847438752783965 0.14561664190193166 0.014476614699331848 0.022288261515601784
0 0.8663697104677061 0.16679049034175333 0.008351893095768375 0.01263001485884101
0 0.7196547884187082 0.27080237741456165 0.02060133630289532 0.02526002971768202
0 0.6965478841870824 0.28826151560178304 0.01893095768374165 0.0237741456166419
0 0.7138084632516704 0.33469539375928675 0.01893095768374165 0.02526002971768202
0 0.6617483296213809 0.3012630014858841 0.015033407572383074 0.017087667161961365
0 0.6726057906458798 0.38930163447251115 0.017260579064587972 0.02451708766716196
0 0.6283407572383074 0.3465824665676077 0.013363028953229399 0.018573551263001486
0 0.7124164810690423 0.5393759286775631 0.015033407572383074 0.018573551263001486
0 0.7321826280623608 0.5787518573551264 0.021158129175946547 0.023031203566121844
0 0.5225501113585747 0.4416790490341753 0.014476614699331848 0.019316493313521546
0 0.512249443207127 0.5549777117384844 0.012806236080178173 0.01634472511144131
0 0.9081291759465479 0.45950965824665674 0.02783964365256125 0.03566121842496285
0 0.876391982182628 0.47585438335809804 0.025612472160356347 0.029717682020802376
0 0.933184855233853 0.4416790490341753 0.018374164810690423 0.02526002971768202
0 0.9326280623608018 0.5018573551263001 0.018374164810690423 0.023031203566121844
0 0.9217706013363028 0.5304606240713224 0.02060133630289532 0.02823179791976226
0 0.9557349665924276 0.5144873699851411 0.021158129175946547 0.03194650817236255