0 0.8187022900763359 0.0865874363327674 0.01653944020356234 0.023769100169779286
0 0.8416030534351145 0.1337011884550085 0.010814249363867684 0.01697792869269949
0 0.7703562340966921 0.08573853989813243 0.015267175572519083 0.019524617996604415
0 0.7407760814249363 0.06409168081494057 0.015267175572519083 0.016129032258064516
0 0.7156488549618321 0.006366723259762309 0.015267175572519083 0.012733446519524618
0 0.7404580152671756 0.16341256366723259 0.014631043256997456 0.01867572156196944
0 0.6494910941475827 0.08828522920203735 0.015903307888040712 0.021222410865874362
0 0.8282442748091603 0.6494057724957555 0.017811704834605598 0.021222410865874362
0 0.8231552162849872 0.6871816638370118 0.030534351145038167 0.03480475382003396
0 0.7474554707379135 0.6052631578947368 0.03816793893129771 0.04838709677419355
0 0.7929389312977099 0.6120543293718166 0.02099236641221374 0.028862478777589132
0 0.7929389312977099 0.6561969439728353 0.02480916030534351 0.03310696095076401
0 0.8858142493638677 0.7415110356536503 0.015267175572519083 0.01697792869269949
0 0.8625954198473282 0.7313242784380306 0.012086513994910942 0.015280135823429542
0 0.8524173027989822 0.7457555178268251 0.010178117048346057 0.011035653650254669
0 0.885178117048346 0.7695246179966044 0.01272264631043257 0.015280135823429542
0 0.8641857506361323 0.7678268251273345 0.012086513994910942 0.016129032258064516
0 0.8514631043256997 0.7712224108658744 0.011450381679389313 0.012733446519524618
0 0.8180661577608143 0.7198641765704584 0.01653944020356234 0.022071307300509338
0 0.7697201017811705 0.7470288624787776 0.015267175572519083 0.01867572156196944
0 0.7525445292620865 0.7533955857385399 0.018447837150127225 0.02461799660441426
0 0.861323155216285 0.8964346349745331 0.015267175572519083 0.01697792869269949
0 0.8422391857506362 0.8951612903225806 0.013358778625954198 0.017826825127334467
0 0.8317430025445293 0.8994057724957555 0.013358778625954198 0.017826825127334467
0 0.80470737913486 0.9129881154499151 0.013358778625954198 0.013582342954159592
0 0.8839058524173028 0.9125636672325976 0.012086513994910942 0.011884550084889643
0 0.7608142493638677 0.8938879456706282 0.01272264631043257 0.014431239388794566
0 0.7646310432569975 0.8607809847198642 0.012086513994910942 0.014431239388794566
0 0.7754452926208651 0.8455008488964346 0.01272264631043257 0.01867572156196944
0 0.9020356234096693 0.8255517826825127 0.013994910941475827 0.015280135823429542
0 0.8975826972010178 0.8404074702886248 0.01272264631043257 0.013582342954159592
0 0.9017175572519084 0.8535653650254669 0.008905852417302799 0.011884550084889643
0 0.8889949109414759 0.884974533106961 0.008905852417302799 0.010186757215619695
0 0.8947201017811705 0.7028862478777589 0.010178117048346057 0.012733446519524618
0 0.8861323155216285 0.6447368421052632 0.010178117048346057 0.011035653650254669
0 0.8718193384223919 0.6583191850594228 0.013358778625954198 0.01697792869269949
0 0.8266539440203562 0.6260611205432938 0.022900763358778626 0.02801358234295416
0 0.8460559796437659 0.40789473684210525 0.012086513994910942 0.014431239388794566
0 0.9064885496183206 0.39176570458404075 0.012086513994910942 0.01697792869269949
0 0.8994910941475827 0.40407470288624786 0.010178117048346057 0.013582342954159592
0 0.8320610687022901 0.39431239388794564 0.008905852417302799 0.013582342954159592
0 0.7849872773536896 0.40874363327674024 0.010178117048346057 0.013582342954159592
0 0.7948473282442748 0.42911714770797965 0.01272264631043257 0.015280135823429542
0 0.8349236641221374 0.42826825127334467 0.011450381679389313 0.014431239388794566
0 0.8902671755725191 0.2814091680814941 0.015267175572519083 0.015280135823429542
0 0.8641857506361323 0.2805602716468591 0.011450381679389313 0.01697792869269949
0 0.8705470737913485 0.26485568760611206 0.009541984732824428 0.013582342954159592
0 0.8161577608142494 0.2797113752122241 0.008905852417302799 0.011035653650254669
0 0.8317430025445293 0.26782682512733447 0.017811704834605598 0.02037351443123939
0 0.8409669211195929 0.24235993208828524 0.010814249363867684 0.016129032258064516
0 0.8870865139949109 0.299660441426146 0.010178117048346057 0.015280135823429542
0 0.8845419847328244 0.05730050933786078 0.008905852417302799 0.013582342954159592
0 0.8753180661577609 0.04881154499151104 0.008905852417302799 0.013582342954159592
0 0.791030534351145 0.042869269949066216 0.017811704834605598 0.021222410865874362
0 0.823791348600509 0.06494057724957555 0.013994910941475827 0.01697792869269949
0 0.8139312977099237 0.13794567062818336 0.012086513994910942 0.013582342954159592
0 0.8654580152671756 0.15831918505942275 0.01272264631043257 0.014431239388794566
0 0.8587786259541985 0.14855687606112053 0.013358778625954198 0.014431239388794566
0 0.7506361323155216 0.01740237691001698 0.008905852417302799 0.014431239388794566
0 0.8346055979643766 0.0038200339558573855 0.01272264631043257 0.007640067911714771
0 0.8377862595419847 0.03353140916808149 0.013994910941475827 0.019524617996604415
0 0.7073791348600509 0.025466893039049237 0.012086513994910942 0.01697792869269949
0 0.7267811704834606 0.10738539898132428 0.015267175572519083 0.02037351443123939
0 0.681615776081425 0.16341256366723259 0.010814249363867684 0.014431239388794566
0 0.7096055979643766 0.1468590831918506 0.011450381679389313 0.013582342954159592
0 0.7582697201017812 0.19821731748726656 0.01653944020356234 0.023769100169779286
0 0.7067430025445293 0.2033106960950764 0.012086513994910942 0.01697792869269949
0 0.7051526717557252 0.2270797962648557 0.01272264631043257 0.015280135823429542
0 0.7251908396946565 0.2300509337860781 0.013358778625954198 0.017826825127334467
0 0.7321882951653944 0.4235993208828523 0.012086513994910942 0.01697792869269949
0 0.7312340966921119 0.4057724957555178 0.013358778625954198 0.01697792869269949
0 0.7449109414758269 0.4456706281833616 0.015267175572519083 0.019524617996604415
0 0.7131043256997456 0.4953310696095076 0.022900763358778626 0.02631578947368421
0 0.6879770992366412 0.5012733446519525 0.029262086513994912 0.03735144312393888
0 0.7115139949109415 0.551358234295416 0.027989821882951654 0.02801358234295416
0 0.8298346055979644 0.5 0.013994910941475827 0.01697792869269949
0 0.8301526717557252 0.47198641765704585 0.024173027989821884 0.030560271646859084
0 0.7360050890585241 0.6196943972835314 0.022264631043257 0.02631578947368421
0 0.7840330788804071 0.6782682512733447 0.022900763358778626 0.02461799660441426
0 0.6965648854961832 0.5772495755517827 0.022900763358778626 0.028862478777589132
0 0.6959287531806616 0.9146859083191851 0.010814249363867684 0.014431239388794566
0 0.7146946564885496 0.902376910016978 0.015267175572519083 0.017826825127334467
0 0.5925572519083969 0.7954159592529711 0.024173027989821884 0.03310696095076401
0 0.5747455470737913 0.6876061120543294 0.02099236641221374 0.02801358234295416
0 0.5722010178117048 0.6685059422750425 0.014631043256997456 0.015280135823429542
0 0.5865139949109415 0.6417657045840407 0.035623409669211195 0.042444821731748725
0 0.6405852417302799 0.6854838709677419 0.018447837150127225 0.02037351443123939
0 0.6424936386768448 0.7041595925297114 0.008905852417302799 0.013582342954159592
0 0.6491730279898219 0.7147707979626485 0.013994910941475827 0.01697792869269949
0 0.6288167938931297 0.48514431239388794 0.010178117048346057 0.016129032258064516
0 0.6653944020356234 0.4936332767402377 0.02608142493638677 0.030560271646859084
0 0.693384223918575 0.5280135823429541 0.012086513994910942 0.016129032258064516
0 0.6154580152671756 0.43845500848896435 0.024173027989821884 0.030560271646859084
0 0.6596692111959288 0.4465195246179966 0.012086513994910942 0.01697792869269949
0 0.6243638676844784 0.3111205432937182 0.022264631043257 0.02461799660441426
0 0.6036895674300254 0.30390492359932086 0.02544529262086514 0.02801358234295416
0 0.571882951653944 0.2729202037351443 0.024173027989821884 0.030560271646859084
0 0.5852417302798982 0.02631578947368421 0.010178117048346057 0.015280135823429542
0 0.4869592875318066 0.03522920203735144 0.01272264631043257 0.015280135823429542
0 0.4541984732824427 0.04753820033955857 0.01717557251908397 0.019524617996604415
0 0.5458015267175572 0.0963497453310696 0.009541984732824428 0.011035653650254669
0 0.523854961832061 0.056451612903225805 0.013358778625954198 0.01867572156196944
0 0.4707379134860051 0.11205432937181664 0.013358778625954198 0.015280135823429542
0 0.4112595419847328 0.1731748726655348 0.01272264631043257 0.016129032258064516
0 0.3953562340966921 0.18590831918505943 0.012086513994910942 0.01697792869269949
0 0.4675572519083969 0.22835314091680814 0.013358778625954198 0.013582342954159592
0 0.4013994910941476 0.2466044142614601 0.010178117048346057 0.015280135823429542
0 0.40076335877862596 0.03353140916808149 0.015267175572519083 0.017826825127334467
0 0.40966921119592875 0.0666383701188455 0.01272264631043257 0.015280135823429542
0 0.5267175572519084 0.16044142614601017 0.015267175572519083 0.017826825127334467
0 0.5731552162849872 0.23811544991511036 0.027353689567430027 0.030560271646859084
0 0.4201653944020356 0.29796264855687604 0.010814249363867684 0.011035653650254669
0 0.5333969465648855 0.34465195246179964 0.023536895674300253 0.028862478777589132
0 0.5219465648854962 0.3769100169779287 0.026717557251908396 0.028862478777589132
0 0.4917302798982188 0.4350594227504245 0.021628498727735368 0.027164685908319185
0 0.48282442748091603 0.46477079796264853 0.027353689567430027 0.02801358234295416
0 0.4548346055979644 0.48174872665534807 0.027989821882951654 0.030560271646859084
0 0.5009541984732825 0.5101867572156197 0.027989821882951654 0.030560271646859084
0 0.5079516539440203 0.6065365025466893 0.02544529262086514 0.03395585738539898
0 0.5054071246819338 0.6570458404074703 0.02608142493638677 0.03395585738539898
0 0.4856870229007634 0.6209677419354839 0.024173027989821884 0.03395585738539898
0 0.5922391857506362 0.7563667232597623 0.02544529262086514 0.030560271646859084
0 0.580470737913486 0.8259762308998302 0.022264631043257 0.02801358234295416
0 0.6062340966921119 0.8837011884550084 0.013994910941475827 0.02037351443123939
0 0.40044529262086515 0.7364176570458404 0.01717557251908397 0.019524617996604415
0 0.4128498727735369 0.7117996604414262 0.015267175572519083 0.01697792869269949
0 0.34987277353689566 0.5216468590831919 0.013358778625954198 0.01697792869269949
0 0.37786259541984735 0.4592529711375212 0.019720101781170483 0.021222410865874362
0 0.37754452926208654 0.49490662139219016 0.013358778625954198 0.015280135823429542
0 0.3517811704834606 0.4371816638370119 0.01272264631043257 0.015280135823429542
0 0.31170483460559795 0.39261460101867574 0.015267175572519083 0.01867572156196944
0 0.31138676844783714 0.25127334465195245 0.01272264631043257 0.019524617996604415
0 0.3005725190839695 0.25891341256366723 0.010178117048346057 0.014431239388794566
0 0.3431933842239186 0.2865025466893039 0.015267175572519083 0.017826825127334467
0 0.3575063613231552 0.24235993208828524 0.01653944020356234 0.01697792869269949
0 0.42843511450381677 0.28395585738539897 0.013358778625954198 0.015280135823429542
0 0.3486005089058524 0.18251273344651953 0.013358778625954198 0.015280135823429542
0 0.3193384223918575 0.1965195246179966 0.014631043256997456 0.015280135823429542
0 0.3097964376590331 0.16808149405772496 0.010178117048346057 0.013582342954159592
0 0.3301526717557252 0.035653650254668934 0.013358778625954198 0.01867572156196944
0 0.18002544529262088 0.08531409168081494 0.01653944020356234 0.02037351443123939
0 0.17525445292620864 0.11714770797962648 0.015267175572519083 0.01697792869269949
0 0.19497455470737912 0.09804753820033955 0.014631043256997456 0.01867572156196944
0 0.27353689567430023 0.14770797962648557 0.013358778625954198 0.015280135823429542
0 0.227735368956743 0.12139219015280135 0.013358778625954198 0.01867572156196944
0 0.2738549618320611 0.11375212224108659 0.014631043256997456 0.01867572156196944
0 0.2652671755725191 0.21477079796264856 0.019083969465648856 0.019524617996604415
0 0.2541348600508906 0.5301358234295416 0.013358778625954198 0.016129032258064516
0 0.16762086513994912 0.5352292020373515 0.017811704834605598 0.019524617996604415
0 0.30661577608142493 0.91553480475382 0.01272264631043257 0.01867572156196944
0 0.2830788804071247 0.91553480475382 0.013994910941475827 0.01697792869269949
0 0.05788804071246819 0.9227504244482173 0.021628498727735368 0.029711375212224108
0 0.08587786259541985 0.919779286926995 0.014631043256997456 0.02037351443123939
0 0.08237913486005088 0.8955857385398981 0.022264631043257 0.02631578947368421
0 0.0645674300254453 0.8764855687606112 0.012086513994910942 0.013582342954159592
0 0.10368956743002544 0.8582342954159593 0.015267175572519083 0.015280135823429542
0 0.07729007633587787 0.7818336162988115 0.013994910941475827 0.02037351443123939
0 0.09796437659033079 0.7533955857385399 0.014631043256997456 0.02037351443123939
0 0.11132315521628498 0.7389643463497453 0.012086513994910942 0.01867572156196944
0 0.11641221374045801 0.769100169779287 0.018447837150127225 0.023769100169779286
0 0.11482188295165395 0.6366723259762309 0.012086513994910942 0.017826825127334467
0 0.12595419847328243 0.6443123938879457 0.013994910941475827 0.017826825127334467
0 0.06838422391857506 0.5539049235993209 0.01653944020356234 0.019524617996604415
0 0.12595419847328243 0.29923599320882854 0.010814249363867684 0.014431239388794566
0 0.09891857506361323 0.19821731748726656 0.014631043256997456 0.01867572156196944
0 0.12436386768447837 0.08149405772495756 0.014631043256997456 0.01697792869269949
0 0.04802798982188295 0.07088285229202038 0.008905852417302799 0.014431239388794566
0 0.05756997455470738 0.07173174872665534 0.012086513994910942 0.01867572156196944
0 0.0022264631043256997 0.1727504244482173 0.004452926208651399 0.014431239388794566
0 0.01272264631043257 0.07937181663837012 0.010814249363867684 0.01697792869269949
0 0.015267175572519083 0.044142614601018676 0.018447837150127225 0.022071307300509338
0 0.030216284987277353 0.05432937181663837 0.01272264631043257 0.017826825127334467
0 0.020356234096692113 0.11375212224108659 0.013994910941475827 0.019524617996604415
0 0.020356234096692113 0.09762308998302208 0.010814249363867684 0.015280135823429542
0 0.07569974554707379 0.031409168081494056 0.013994910941475827 0.005942275042444821
0 0.49681933842239184 0.17954159592529711 0.012086513994910942 0.013582342954159592
0 0.3791348600508906 0.06960950764006792 0.013358778625954198 0.01867572156196944