0 0.39081582804103565 0.8313802083333334 0.05862237420615535 0.103515625
0 0.43673668783585734 0.8020833333333334 0.071323888617489 0.103515625
0 0.46409379579872984 0.7389322916666666 0.05666829506595017 0.08072916666666667
0 0.48168050806057644 0.9192708333333334 0.06399609184171959 0.1015625
0 0.5471421592574499 0.8020833333333334 0.05129457743038593 0.07291666666666667
0 0.5955056179775281 0.92578125 0.0718124084025403 0.095703125
0 0.5852467024914509 0.849609375 0.063019052271617 0.08268229166666667
0 0.394723986321446 0.517578125 0.06204201270151441 0.08854166666666667
0 0.6072300928187592 0.5319010416666666 0.051783097215437224 0.08854166666666667
0 0.14851001465559355 0.7096354166666666 0.05129457743038593 0.07291666666666667
0 0.1714704445530044 0.5026041666666666 0.06692721055202736 0.080078125
0 0.3512457254518808 0.3235677083333333 0.045432340009770394 0.057291666666666664
0 0.7860283341475329 0.18684895833333334 0.04738641914997557 0.061848958333333336
0 0.7381533952125061 0.19466145833333334 0.04250122129946263 0.055338541666666664
0 0.6590131900341963 0.1171875 0.05569125549584758 0.06315104166666667
0 0.5227161700048852 0.10481770833333333 0.05471421592574499 0.048177083333333336
0 0.49389350268685883 0.1484375 0.04738641914997557 0.064453125
0 0.542256961406937 0.15299479166666666 0.060576453346360526 0.080078125
0 0.5539814362481681 0.21354166666666666 0.06008793356130923 0.059895833333333336
0 0.5950170981924768 0.185546875 0.039081582804103565 0.053385416666666664
0 0.5500732779677577 0.2766927083333333 0.07376648754274548 0.07096354166666667
0 0.6189545676599902 0.23502604166666666 0.04836345872007816 0.055338541666666664
0 0.6609672691744015 0.2669270833333333 0.04836345872007816 0.08919270833333333
0 0.651685393258427 0.3522135416666667 0.05911089399120664 0.08072916666666667
0 0.7010258915486077 0.4596354166666667 0.05471421592574499 0.068359375
0 0.7547630679042501 0.4609375 0.0449438202247191 0.06901041666666667
0 0.6360527601367856 0.435546875 0.055202735710796286 0.06640625
0 0.6643869076697606 0.494140625 0.034684904738641914 0.07682291666666667
0 0.7308255984367367 0.6028645833333334 0.0356619443087445 0.056640625
0 0.651685393258427 0.642578125 0.056179775280898875 0.08072916666666667
0 0.734733756717147 0.6861979166666666 0.05324865657059111 0.06770833333333333
0 0.7840742550073277 0.6432291666666666 0.043478260869565216 0.0625
0 0.7791890571568149 0.708984375 0.04396678065461651 0.07356770833333333
0 0.7366878358573522 0.7395833333333334 0.033707865168539325 0.053385416666666664
0 0.7747923790913532 0.8723958333333334 0.06790425012212994 0.09309895833333333
0 0.824132877381534 0.7005208333333334 0.04689789936492428 0.06380208333333333
0 0.8983878847093307 0.548828125 0.0723009281875916 0.07682291666666667
0 0.8593063019052272 0.3984375 0.056179775280898875 0.06770833333333333
0 0.903761602344895 0.3053385416666667 0.05764533463605276 0.08072916666666667
0 0.8290180752320468 0.4576822916666667 0.046409379579872984 0.059244791666666664
0 0.8646800195407914 0.6920572916666666 0.04689789936492428 0.07291666666666667
0 0.9198827552515877 0.708984375 0.06497313141182218 0.07291666666666667
0 0.8422081094284318 0.7473958333333334 0.038104543234000976 0.054036458333333336
0 0.8871519296531509 0.8678385416666666 0.048851978505129456 0.06380208333333333
0 0.8978993649242795 0.9296875 0.05471421592574499 0.07486979166666667
0 0.8969223253541768 0.7805989583333334 0.08304836345872008 0.095703125
0 0.7039570102589154 0.8190104166666666 0.05862237420615535 0.06705729166666667