0 0.8212242562929062 0.4253048780487805 0.02631578947368421 0.03048780487804878
0 0.7479977116704806 0.44702743902439024 0.031464530892448515 0.038109756097560975
0 0.8206521739130435 0.5373475609756098 0.02917620137299771 0.03277439024390244
0 0.847254004576659 0.47751524390243905 0.02459954233409611 0.02972560975609756
0 0.6956521739130435 0.6775914634146342 0.02574370709382151 0.03125
0 0.08237986270022883 0.7019817073170732 0.02517162471395881 0.02972560975609756
0 0.057494279176201375 0.7355182926829268 0.02517162471395881 0.02972560975609756
0 0.04519450800915332 0.7214176829268293 0.028604118993135013 0.03201219512195122
0 0.629862700228833 0.5342987804878049 0.017162471395881007 0.019817073170731708
0 0.8212242562929062 0.5076219512195121 0.02345537757437071 0.028963414634146343
0 0.8315217391304348 0.4683689024390244 0.013157894736842105 0.014481707317073171
0 0.806350114416476 0.49885670731707316 0.02574370709382151 0.03048780487804878
0 0.8220823798627003 0.4641768292682927 0.010869565217391304 0.013719512195121951
0 0.8627002288329519 0.4580792682926829 0.013157894736842105 0.014481707317073171
0 0.846395881006865 0.4496951219512195 0.014302059496567507 0.01676829268292683
0 0.8712814645308925 0.5217225609756098 0.029748283752860413 0.03277439024390244
0 0.8495423340961098 0.47789634146341464 0.012013729977116704 0.014481707317073171
0 0.8403890160183066 0.4813262195121951 0.014302059496567507 0.018292682926829267
0 0.7013729977116705 0.7229420731707317 0.02574370709382151 0.02972560975609756
0 0.6882151029748284 0.7057926829268293 0.02345537757437071 0.028201219512195123
0 0.31721967963386727 0.8715701219512195 0.014302059496567507 0.01676829268292683
0 0.2745995423340961 0.9477896341463414 0.012585812356979404 0.014481707317073171
0 0.2846109839816934 0.9474085365853658 0.014874141876430207 0.01753048780487805
0 0.7868993135011442 0.38414634146341464 0.02459954233409611 0.028963414634146343
0 0.767162471395881 0.6055640243902439 0.02345537757437071 0.028201219512195123
0 0.37242562929061784 0.6246189024390244 0.03489702517162471 0.04344512195121951
0 0.6759153318077803 0.3635670731707317 0.029748283752860413 0.035823170731707314
0 0.6075514874141876 0.49428353658536583 0.03546910755148741 0.041158536585365856
0 0.7408466819221968 0.5644054878048781 0.02402745995423341 0.028963414634146343