0 0.8707759699624531 0.24332220367278798 0.02002503128911139 0.020868113522537562
0 0.867334167709637 0.25918196994991655 0.015644555694618274 0.01669449081803005
0 0.8210262828535669 0.28046744574290483 0.015018773466833541 0.015859766277128547
0 0.9030037546933667 0.2612687813021703 0.018147684605757195 0.019198664440734557
0 0.8720275344180225 0.2854757929883139 0.024405506883604506 0.025041736227045076
0 0.8679599499374218 0.2988313856427379 0.01939924906132666 0.020868113522537562
0 0.8823529411764706 0.2929883138564274 0.010638297872340425 0.010851419031719533
0 0.9005006257822278 0.29465776293823037 0.024405506883604506 0.02671118530884808
0 0.9036295369211514 0.3126043405676127 0.015644555694618274 0.01669449081803005
0 0.9249061326658323 0.30509181969949917 0.015018773466833541 0.015859766277128547
0 0.8760951188986232 0.3409849749582638 0.01376720901126408 0.014190317195325543
0 0.9095744680851063 0.33514190317195325 0.013141426783479349 0.014190317195325543
0 0.9177096370463079 0.32303839732888145 0.016896120150187734 0.018363939899833055
0 0.9030037546933667 0.3526711185308848 0.017521902377972465 0.017529215358931552
0 0.9183354192740926 0.36602671118530883 0.017521902377972465 0.017529215358931552
0 0.6426783479349186 0.2909015025041736 0.016270337922403004 0.017529215358931552
0 0.6648936170212766 0.27128547579298834 0.024405506883604506 0.02671118530884808
0 0.6561326658322904 0.26335559265442404 0.02127659574468085 0.022537562604340568
0 0.6573842302878599 0.23414023372287146 0.030037546933667083 0.03171953255425709
0 0.6389236545682102 0.22328881469115192 0.031914893617021274 0.0333889816360601
0 0.5234668335419274 0.6494156928213689 0.013141426783479349 0.015025041736227046
0 0.4195869837296621 0.6314691151919867 0.02252816020025031 0.02337228714524207
0 0.3573216520650814 0.6277128547579299 0.018147684605757195 0.018363939899833055
0 0.3545056320400501 0.6581803005008348 0.011889862327909888 0.011686143572621035
0 0.3723404255319149 0.6444073455759599 0.008760951188986232 0.009181969949916527
0 0.40331664580725907 0.582220367278798 0.023153942428035045 0.024207011686143573
0 0.3908010012515645 0.6306343906510852 0.015644555694618274 0.01669449081803005
0 0.376720901126408 0.6690317195325542 0.015644555694618274 0.01669449081803005
0 0.5009386733416771 0.42612687813021705 0.023153942428035045 0.025041736227045076
0 0.493116395494368 0.34724540901502504 0.030663329161451813 0.030884808013355594
0 0.5172090112640801 0.30258764607679467 0.02252816020025031 0.02337228714524207
0 0.5065707133917396 0.30091819699499167 0.02127659574468085 0.022537562604340568
0 0.5397371714643304 0.31010016694490816 0.02252816020025031 0.02337228714524207
0 0.4001877346683354 0.33681135225375625 0.014392991239048811 0.015859766277128547
0 0.4311639549436796 0.31176961602671116 0.025657071339173967 0.025041736227045076
0 0.45150187734668334 0.32929883138564275 0.025657071339173967 0.025041736227045076
0 0.4067584480600751 0.26168614357262104 0.009386733416770964 0.009181969949916527
0 0.41332916145181475 0.26168614357262104 0.011889862327909888 0.012520868113522538
0 0.37546933667083854 0.28756260434056763 0.02190237797246558 0.022537562604340568
0 0.35826032540675845 0.3071786310517529 0.02252816020025031 0.02337228714524207
0 0.33917396745932415 0.35058430717863104 0.023153942428035045 0.024207011686143573
0 0.38454317897371715 0.30843071786310516 0.010638297872340425 0.011686143572621035
0 0.36545682102628285 0.22746243739565944 0.012515644555694618 0.012520868113522538
0 0.3651439299123905 0.21994991652754592 0.011889862327909888 0.012520868113522538
0 0.37359198998748433 0.20242070116861435 0.015644555694618274 0.01669449081803005
0 0.350125156445557 0.2028380634390651 0.005632040050062578 0.005843071786310518
0 0.37453066332916146 0.17195325542570952 0.02127659574468085 0.022537562604340568
0 0.4095744680851064 0.1865609348914858 0.026282853566958697 0.02671118530884808
0 0.3685857321652065 0.18948247078464106 0.01877346683354193 0.019198664440734557
0 0.37797246558197745 0.19240400667779634 0.02002503128911139 0.020868113522537562
0 0.43147684605757197 0.19323873121869783 0.011264080100125156 0.011686143572621035
0 0.3316645807259074 0.29465776293823037 0.025031289111389236 0.024207011686143573
0 0.3986232790988736 0.15525876460767946 0.02065081351689612 0.02003338898163606
0 0.39361702127659576 0.16736227045075125 0.02252816020025031 0.02337228714524207
0 0.43523153942428033 0.12604340567612687 0.015018773466833541 0.015859766277128547
0 0.4637046307884856 0.13313856427378964 0.030037546933667083 0.030884808013355594
0 0.44868585732165206 0.1686143572621035 0.026282853566958697 0.027545909849749584
0 0.509386733416771 0.13772954924874792 0.0344180225281602 0.035058430717863104
0 0.4956195244055069 0.22203672787979967 0.015644555694618274 0.015859766277128547
0 0.4881101376720901 0.23247078464106843 0.01877346683354193 0.019198664440734557
0 0.5832290362953693 0.30258764607679467 0.025031289111389236 0.025041736227045076
0 0.6392365456821026 0.1832220367278798 0.015018773466833541 0.015859766277128547
0 0.6032540675844806 0.16193656093489148 0.026282853566958697 0.02671118530884808
0 0.6220275344180225 0.169449081803005 0.02690863579474343 0.027545909849749584
0 0.6185857321652065 0.1815525876460768 0.029411764705882353 0.030884808013355594
0 0.5979349186483104 0.17779632721202004 0.030663329161451813 0.03171953255425709
0 0.6564455569461827 0.19449081803005008 0.028785982478097622 0.03005008347245409
0 0.6279724655819775 0.25125208681135225 0.026282853566958697 0.02587646076794658
0 0.6648936170212766 0.1798831385642738 0.01877346683354193 0.02003338898163606
0 0.6742803504380476 0.18948247078464106 0.010638297872340425 0.010851419031719533
0 0.6846057571964956 0.19532554257095158 0.013141426783479349 0.012520868113522538
0 0.7759699624530664 0.2934056761268781 0.024405506883604506 0.024207011686143573
0 0.7352941176470589 0.26168614357262104 0.024405506883604506 0.02587646076794658
0 0.7587609511889862 0.2036727879799666 0.024405506883604506 0.02587646076794658
0 0.7869211514392991 0.2182804674457429 0.02252816020025031 0.02337228714524207
0 0.7725281602002503 0.2579298831385643 0.029411764705882353 0.030884808013355594
0 0.909261576971214 0.2742070116861436 0.01376720901126408 0.014190317195325543
0 0.9427409261576971 0.27212020033388984 0.014392991239048811 0.014190317195325543
0 0.9627659574468085 0.2717028380634391 0.013141426783479349 0.014190317195325543
0 0.8113266583229036 0.46160267111853087 0.015644555694618274 0.015859766277128547
0 0.40801001251564456 0.23163606010016694 0.011889862327909888 0.011686143572621035
0 0.704630788485607 0.3468280467445743 0.015644555694618274 0.01669449081803005
0 0.6589486858573217 0.30843071786310516 0.016270337922403004 0.015859766277128547
0 0.6736545682102628 0.333889816360601 0.015644555694618274 0.015025041736227046
0 0.7643929912390488 0.3614357262103506 0.016896120150187734 0.01669449081803005
0 0.7021276595744681 0.25918196994991655 0.01939924906132666 0.019198664440734557
0 0.6886733416770964 0.27003338898163604 0.025031289111389236 0.02671118530884808
0 0.6911764705882353 0.22120200333889817 0.029411764705882353 0.030884808013355594
0 0.7396745932415519 0.2182804674457429 0.01877346683354193 0.019198664440734557
0 0.7112015018773467 0.20868113522537562 0.02127659574468085 0.021702838063439065
0 0.6429912390488111 0.2637729549248748 0.02690863579474343 0.027545909849749584
0 0.6145181476846058 0.2278797996661102 0.026282853566958697 0.027545909849749584
0 0.5969962453066333 0.256677796327212 0.03128911138923655 0.034223706176961605
0 0.5441176470588235 0.26752921535893154 0.013141426783479349 0.014190317195325543
0 0.5131414267834794 0.24332220367278798 0.026282853566958697 0.02587646076794658
0 0.4934292866082603 0.26752921535893154 0.014392991239048811 0.01335559265442404
0 0.7246558197747184 0.6803005008347245 0.018147684605757195 0.017529215358931552
0 0.8200876095118899 0.6035058430717863 0.026282853566958697 0.025041736227045076
0 0.8050688360450563 0.6936560934891486 0.02127659574468085 0.02003338898163606
0 0.6289111389236546 0.6427378964941569 0.017521902377972465 0.017529215358931552
0 0.6983729662077597 0.760016694490818 0.01939924906132666 0.02003338898163606
0 0.36295369211514394 0.6218697829716193 0.03128911138923655 0.034223706176961605
0 0.3125782227784731 0.667779632721202 0.023779724655819776 0.024207011686143573
0 0.28754693366708384 0.6569282136894825 0.023153942428035045 0.024207011686143573
0 0.5600750938673341 0.5179465776293823 0.023779724655819776 0.024207011686143573
0 0.52909887359199 0.5701168614357263 0.025657071339173967 0.025041736227045076
0 0.5463078848560701 0.5287979966611018 0.023779724655819776 0.025041736227045076
0 0.5425531914893617 0.577212020033389 0.02690863579474343 0.02671118530884808
0 0.5369211514392991 0.5575959933222037 0.02690863579474343 0.027545909849749584
0 0.5378598247809763 0.4895659432387312 0.028785982478097622 0.02921535893155259
0 0.55819774718398 0.41151919866444076 0.025657071339173967 0.02587646076794658
0 0.5913642052565707 0.42696160267111855 0.03128911138923655 0.030884808013355594
0 0.6689612015018773 0.24499165275459098 0.031914893617021274 0.0325542570951586
0 0.7259073842302879 0.21285475792988315 0.030037546933667083 0.030884808013355594
0 0.6408010012515645 0.20993322203672787 0.030037546933667083 0.03171953255425709
0 0.6433041301627034 0.166110183639399 0.028785982478097622 0.030884808013355594
0 0.4865456821026283 0.5463272120200334 0.031914893617021274 0.034223706176961605
0 0.44899874843554444 0.5271285475792988 0.028785982478097622 0.03005008347245409
0 0.47027534418022526 0.5300500834724541 0.03504380475594493 0.035058430717863104
0 0.64549436795995 0.8309682804674458 0.02127659574468085 0.021702838063439065
0 0.6317271589486858 0.7658597662771286 0.018147684605757195 0.019198664440734557
0 0.6351689612015019 0.7767111853088481 0.02065081351689612 0.020868113522537562
0 0.6874217772215269 0.7679465776293823 0.01939924906132666 0.02003338898163606
0 0.718397997496871 0.8301335559265443 0.01939924906132666 0.020868113522537562
0 0.7287234042553191 0.7775459098497496 0.01939924906132666 0.02003338898163606
0 0.7493742177722152 0.7846410684474123 0.018147684605757195 0.018363939899833055
0 0.6414267834793492 0.9499165275459098 0.01939924906132666 0.019198664440734557
0 0.6113892365456821 0.9332220367278798 0.02002503128911139 0.020868113522537562
0 0.6098247809762203 0.9469949916527546 0.01877346683354193 0.018363939899833055
0 0.6223404255319149 0.9010851419031719 0.016896120150187734 0.01669449081803005
0 0.6570713391739674 0.8664440734557596 0.025031289111389236 0.02671118530884808
0 0.5215894868585732 0.8451585976627712 0.02002503128911139 0.020868113522537562
0 0.285982478097622 0.7654424040066778 0.02190237797246558 0.021702838063439065
0 0.27503128911138924 0.9853923205342237 0.01877346683354193 0.019198664440734557
0 0.3141426783479349 0.9549248747913188 0.02127659574468085 0.021702838063439065
0 0.519712140175219 0.989983305509182 0.023153942428035045 0.02003338898163606
0 0.5096996245306633 0.9586811352253757 0.02065081351689612 0.020868113522537562
0 0.5481852315394243 0.9599332220367279 0.025657071339173967 0.02587646076794658