0 0.7421144859813084 0.3442367601246106 0.014018691588785047 0.01791277258566978
0 0.833820093457944 0.3364485981308411 0.011682242990654205 0.012461059190031152
0 0.1328855140186916 0.117601246105919 0.029789719626168224 0.03426791277258567
0 0.06980140186915888 0.11954828660436137 0.026869158878504672 0.035046728971962614
0 0.08323598130841121 0.10475077881619937 0.02044392523364486 0.016355140186915886
0 0.21904205607476634 0.9236760124610592 0.015771028037383176 0.02102803738317757
0 0.24912383177570094 0.8687694704049844 0.015186915887850467 0.016355140186915886
0 0.17085280373831777 0.9575545171339563 0.01985981308411215 0.028037383177570093
0 0.16559579439252337 0.9127725856697819 0.02336448598130841 0.029595015576323987
0 0.19480140186915887 0.9898753894080997 0.0227803738317757 0.020249221183800622
0 0.24182242990654207 0.9871495327102804 0.02102803738317757 0.02570093457943925
0 0.20998831775700935 0.9431464174454829 0.012850467289719626 0.017133956386292833
0 0.20882009345794392 0.9158878504672897 0.015186915887850467 0.016355140186915886
0 0.13113317757009346 0.9279595015576324 0.02102803738317757 0.02881619937694704
0 0.15858644859813084 0.9415887850467289 0.02044392523364486 0.028037383177570093
0 0.13901869158878505 0.8761682242990654 0.02102803738317757 0.028037383177570093
0 0.15975467289719625 0.889018691588785 0.0227803738317757 0.0264797507788162
0 0.11419392523364486 0.8341121495327103 0.0344626168224299 0.040498442367601244
0 0.9944509345794392 0.7309190031152648 0.011098130841121495 0.016355140186915886
0 0.9009929906542056 0.6744548286604362 0.02161214953271028 0.02570093457943925
0 0.6182827102803738 0.8208722741433022 0.018691588785046728 0.024922118380062305
0 0.6071845794392523 0.8761682242990654 0.012850467289719626 0.019470404984423675
0 0.6279205607476636 0.8835669781931464 0.014018691588785047 0.018691588785046728
0 0.5432242990654206 0.8243769470404985 0.012266355140186916 0.014018691588785047
0 0.5516939252336449 0.883177570093458 0.014602803738317757 0.019470404984423675
0 0.5347546728971962 0.8084112149532711 0.016939252336448597 0.020249221183800622
0 0.5239485981308412 0.7951713395638629 0.012266355140186916 0.01557632398753894
0 0.5379672897196262 0.7932242990654206 0.010514018691588784 0.017133956386292833
0 0.4862733644859813 0.8874610591900312 0.018107476635514017 0.02102803738317757
0 0.5163551401869159 0.8773364485981309 0.014602803738317757 0.018691588785046728
0 0.5560747663551402 0.8551401869158879 0.012266355140186916 0.01791277258566978
0 0.41764018691588783 0.8617601246105919 0.012266355140186916 0.01557632398753894
0 0.4044976635514019 0.8294392523364486 0.014602803738317757 0.018691588785046728
0 0.40625 0.8450155763239875 0.015186915887850467 0.02102803738317757
0 0.3942757009345794 0.8613707165109035 0.014602803738317757 0.016355140186915886
0 0.40625 0.8695482866043613 0.015771028037383176 0.02102803738317757
0 0.40420560747663553 0.8500778816199377 0.054906542056074766 0.07554517133956386
0 0.3390771028037383 0.8644859813084113 0.013434579439252336 0.017133956386292833
0 0.3633177570093458 0.8843457943925234 0.009929906542056074 0.014797507788161994
0 0.3490070093457944 0.9003115264797508 0.011098130841121495 0.014018691588785047
0 0.33294392523364486 0.9080996884735203 0.016939252336448597 0.019470404984423675
0 0.370035046728972 0.875 0.012266355140186916 0.017133956386292833
0 0.3198014018691589 0.7830996884735203 0.012850467289719626 0.016355140186915886
0 0.308411214953271 0.7741433021806854 0.011098130841121495 0.01557632398753894
0 0.3119158878504673 0.8508566978193146 0.012266355140186916 0.01791277258566978
0 0.2917640186915888 0.8516355140186916 0.015771028037383176 0.019470404984423675
0 0.2803738317757009 0.7733644859813084 0.014018691588785047 0.018691588785046728
0 0.348714953271028 0.822429906542056 0.009345794392523364 0.016355140186915886
0 0.3171728971962617 0.6744548286604362 0.015186915887850467 0.01791277258566978
0 0.23452102803738317 0.8185358255451713 0.012266355140186916 0.017133956386292833
0 0.2102803738317757 0.8228193146417445 0.018107476635514017 0.018691588785046728
0 0.23072429906542055 0.9552180685358256 0.011098130841121495 0.014797507788161994
0 0.21174065420560748 0.9672897196261683 0.02219626168224299 0.02570093457943925
0 0.21407710280373832 0.9910436137071651 0.02044392523364486 0.01791277258566978
0 0.19042056074766356 0.9610591900311527 0.011098130841121495 0.017133956386292833
0 0.19742990654205608 0.947429906542056 0.014018691588785047 0.019470404984423675
0 0.11477803738317757 0.9178348909657321 0.02570093457943925 0.035046728971962614
0 0.10601635514018691 0.969626168224299 0.02570093457943925 0.03115264797507788
0 0.2324766355140187 0.9334112149532711 0.02102803738317757 0.027258566978193146
0 0.16004672897196262 0.8656542056074766 0.01985981308411215 0.028037383177570093
0 0.11828271028037383 0.8605919003115264 0.02511682242990654 0.029595015576323987
0 0.15011682242990654 0.7737538940809969 0.026869158878504672 0.035046728971962614
0 0.13726635514018692 0.7916666666666666 0.016355140186915886 0.021806853582554516
0 0.20327102803738317 0.75 0.012850467289719626 0.017133956386292833
0 0.06425233644859812 0.6779595015576324 0.030957943925233645 0.035046728971962614
0 0.058119158878504676 0.639797507788162 0.02453271028037383 0.031931464174454825
0 0.16968457943925233 0.5965732087227414 0.028621495327102803 0.03582554517133956
0 0.1378504672897196 0.4883177570093458 0.026285046728971962 0.03426791277258567
0 0.1731892523364486 0.5031152647975078 0.028621495327102803 0.03582554517133956
0 0.04205607476635514 0.4696261682242991 0.029789719626168224 0.03582554517133956
0 0.016939252336448597 0.44820872274143303 0.02570093457943925 0.031931464174454825
0 0.0794392523364486 0.3099688473520249 0.0227803738317757 0.02881619937694704
0 0.009345794392523364 0.36721183800623053 0.018691588785046728 0.030373831775700934
0 0.03329439252336448 0.25038940809968846 0.0227803738317757 0.03271028037383177
0 0.013726635514018691 0.23481308411214954 0.019275700934579438 0.027258566978193146
0 0.23422897196261683 0.21105919003115264 0.012850467289719626 0.01791277258566978
0 0.19801401869158877 0.24493769470404986 0.016355140186915886 0.02336448598130841
0 0.3139602803738318 0.4680685358255452 0.012850467289719626 0.01791277258566978
0 0.2876752336448598 0.5202492211838006 0.012266355140186916 0.016355140186915886
0 0.2973130841121495 0.594626168224299 0.014018691588785047 0.018691588785046728
0 0.2578855140186916 0.6557632398753894 0.011098130841121495 0.014797507788161994
0 0.2298481308411215 0.6954828660436138 0.011098130841121495 0.014797507788161994
0 0.2558411214953271 0.7519470404984424 0.014018691588785047 0.01791277258566978
0 0.2692757009345794 0.9470404984423676 0.010514018691588784 0.014018691588785047
0 0.3741238317757009 0.9626168224299065 0.010514018691588784 0.014018691588785047
0 0.41238317757009346 0.8130841121495327 0.013434579439252336 0.01791277258566978
0 0.4632009345794392 0.6483644859813084 0.018691588785046728 0.02336448598130841
0 0.4775116822429907 0.6265576323987538 0.015771028037383176 0.019470404984423675
0 0.42990654205607476 0.6347352024922118 0.015186915887850467 0.016355140186915886
0 0.40829439252336447 0.661993769470405 0.012850467289719626 0.014797507788161994
0 0.41705607476635514 0.5276479750778816 0.011098130841121495 0.016355140186915886
0 0.44363317757009346 0.5385514018691588 0.013434579439252336 0.01557632398753894
0 0.4430490654205608 0.403816199376947 0.014602803738317757 0.019470404984423675
0 0.36477803738317754 0.45872274143302183 0.014602803738317757 0.019470404984423675
0 0.3367406542056075 0.24493769470404986 0.02044392523364486 0.027258566978193146
0 0.5537383177570093 0.43613707165109034 0.012850467289719626 0.01791277258566978
0 0.5858644859813084 0.44431464174454827 0.01985981308411215 0.02336448598130841
0 0.5388434579439252 0.5050623052959502 0.012266355140186916 0.017133956386292833
0 0.6375584112149533 0.6507009345794392 0.015186915887850467 0.01791277258566978
0 0.6854556074766355 0.7075545171339563 0.011682242990654205 0.01791277258566978
0 0.6950934579439252 0.6915887850467289 0.016939252336448597 0.02102803738317757
0 0.6723130841121495 0.7258566978193146 0.02044392523364486 0.02336448598130841
0 0.7123247663551402 0.7815420560747663 0.014018691588785047 0.019470404984423675
0 0.6542056074766355 0.8711059190031153 0.02511682242990654 0.03426791277258567
0 0.6915887850467289 0.866822429906542 0.02570093457943925 0.03348909657320872
0 0.5826518691588785 0.8746105919003115 0.014018691588785047 0.01791277258566978
0 0.6574182242990654 0.8695482866043613 0.012266355140186916 0.01557632398753894
0 0.6889602803738317 0.8613707165109035 0.010514018691588784 0.014797507788161994
0 0.8072429906542056 0.5996884735202492 0.015771028037383176 0.020249221183800622
0 0.7389018691588785 0.5642523364485982 0.015186915887850467 0.01791277258566978
0 0.6968457943925234 0.6004672897196262 0.012850467289719626 0.01557632398753894
0 0.7587616822429907 0.4053738317757009 0.012266355140186916 0.01557632398753894
0 0.7523364485981309 0.4384735202492212 0.012266355140186916 0.01557632398753894
0 0.697429906542056 0.21378504672897197 0.015771028037383176 0.02102803738317757
0 0.8162967289719626 0.05763239875389408 0.016939252336448597 0.02336448598130841
0 0.8198014018691588 0.07827102803738317 0.027453271028037383 0.03894080996884735
0 0.8907710280373832 0.5151869158878505 0.017523364485981307 0.02336448598130841
0 0.9024532710280374 0.8161993769470405 0.019275700934579438 0.0264797507788162
0 0.9424649532710281 0.8002336448598131 0.014018691588785047 0.019470404984423675
0 0.9585280373831776 0.8002336448598131 0.018691588785046728 0.027258566978193146
0 0.9813084112149533 0.3847352024922118 0.02570093457943925 0.031931464174454825
0 0.9664135514018691 0.2538940809968847 0.018107476635514017 0.03426791277258567
0 0.893107476635514 0.08216510903426791 0.02570093457943925 0.03271028037383177
0 0.9050817757009346 0.045171339563862926 0.02511682242990654 0.03115264797507788
0 0.28475467289719625 0.32982866043613707 0.015771028037383176 0.02102803738317757
0 0.2870911214953271 0.2854361370716511 0.015186915887850467 0.01791277258566978
0 0.32564252336448596 0.15809968847352024 0.015771028037383176 0.020249221183800622
0 0.3554322429906542 0.4151090342679128 0.019275700934579438 0.02336448598130841
0 0.3837616822429907 0.596183800623053 0.018107476635514017 0.020249221183800622
0 0.3475467289719626 0.6218847352024922 0.015771028037383176 0.019470404984423675
0 0.15449766355140188 0.10552959501557632 0.028621495327102803 0.03894080996884735
0 0.02336448598130841 0.32904984423676015 0.03329439252336448 0.042834890965732085
0 0.056950934579439255 0.29361370716510904 0.030957943925233645 0.03894080996884735
0 0.11945093457943926 0.3788940809968847 0.03387850467289719 0.04439252336448598
0 0.05782710280373832 0.6020249221183801 0.028621495327102803 0.035046728971962614
0 0.12266355140186916 0.8341121495327103 0.02161214953271028 0.031931464174454825