0 0.83447265625 0.4055989583333333 0.0146484375 0.014973958333333334
0 0.830078125 0.392578125 0.01513671875 0.014973958333333334
0 0.77978515625 0.3997395833333333 0.013671875 0.013671875
0 0.74267578125 0.4342447916666667 0.0146484375 0.014322916666666666
0 0.78955078125 0.4485677083333333 0.01025390625 0.010416666666666666
0 0.78515625 0.4609375 0.01123046875 0.01171875
0 0.82373046875 0.4361979166666667 0.00927734375 0.009114583333333334
0 0.81005859375 0.375 0.0107421875 0.010416666666666666
0 0.7998046875 0.3600260416666667 0.0126953125 0.013020833333333334
0 0.734375 0.40234375 0.013671875 0.014322916666666666
0 0.7470703125 0.4147135416666667 0.01318359375 0.012369791666666666
0 0.767578125 0.408203125 0.01171875 0.01171875
0 0.18017578125 0.4661458333333333 0.01318359375 0.013671875
0 0.18017578125 0.4524739583333333 0.0107421875 0.010416666666666666
0 0.1728515625 0.4453125 0.013671875 0.013671875
0 0.20654296875 0.5 0.0107421875 0.011067708333333334
0 0.14306640625 0.4889322916666667 0.0126953125 0.012369791666666666
0 0.13134765625 0.482421875 0.0107421875 0.010416666666666666
0 0.21484375 0.4609375 0.01416015625 0.014322916666666666
0 0.16552734375 0.58984375 0.0126953125 0.012369791666666666
0 0.1689453125 0.6119791666666666 0.013671875 0.013671875
0 0.18701171875 0.5983072916666666 0.0107421875 0.010416666666666666
0 0.20068359375 0.5885416666666666 0.01318359375 0.013671875
0 0.2373046875 0.564453125 0.01611328125 0.016276041666666668
0 0.1142578125 0.5696614583333334 0.0087890625 0.008463541666666666
0 0.12109375 0.58984375 0.013671875 0.013671875
0 0.125 0.5657552083333334 0.009765625 0.009765625
0 0.09619140625 0.53515625 0.01416015625 0.014322916666666666
0 0.09423828125 0.5182291666666666 0.015625 0.015625
0 0.1220703125 0.509765625 0.01513671875 0.014973958333333334
0 0.125 0.548828125 0.01123046875 0.01171875
0 0.2607421875 0.66015625 0.01123046875 0.01171875
0 0.2548828125 0.6640625 0.01123046875 0.01171875
0 0.25732421875 0.685546875 0.01025390625 0.010416666666666666
0 0.2763671875 0.6848958333333334 0.01171875 0.012369791666666666
0 0.2744140625 0.7018229166666666 0.0126953125 0.013020833333333334
0 0.33154296875 0.6725260416666666 0.01904296875 0.01953125
0 0.224609375 0.6875 0.00927734375 0.009114583333333334
0 0.22900390625 0.6998697916666666 0.009765625 0.009765625
0 0.25146484375 0.6529947916666666 0.0107421875 0.010416666666666666
0 0.2919921875 0.6080729166666666 0.013671875 0.013671875
0 0.5068359375 0.23111979166666666 0.017578125 0.017578125
0 0.48095703125 0.21940104166666666 0.0185546875 0.018229166666666668
0 0.45703125 0.20182291666666666 0.01513671875 0.014973958333333334
0 0.50634765625 0.16927083333333334 0.0146484375 0.014973958333333334
0 0.5068359375 0.3053385416666667 0.01513671875 0.014973958333333334
0 0.7109375 0.2545572916666667 0.0166015625 0.016276041666666668
0 0.681640625 0.3203125 0.02001953125 0.020182291666666668
0 0.6953125 0.3678385416666667 0.0185546875 0.018229166666666668
0 0.75830078125 0.3196614583333333 0.0185546875 0.018229166666666668
0 0.732421875 0.3033854166666667 0.017578125 0.017578125
0 0.46044921875 0.228515625 0.02490234375 0.025390625
0 0.41943359375 0.3268229166666667 0.025390625 0.025390625
0 0.39013671875 0.3372395833333333 0.0224609375 0.022135416666666668
0 0.39794921875 0.322265625 0.02685546875 0.02734375
0 0.4453125 0.400390625 0.02392578125 0.024088541666666668
0 0.431640625 0.3854166666666667 0.029296875 0.029296875
0 0.5068359375 0.4817708333333333 0.0234375 0.0234375
0 0.49365234375 0.4921875 0.02880859375 0.029296875
0 0.30810546875 0.7532552083333334 0.03271484375 0.033203125
0 0.29931640625 0.7923177083333334 0.0283203125 0.028645833333333332
0 0.599609375 0.55078125 0.02294921875 0.022786458333333332
0 0.48046875 0.4947916666666667 0.0244140625 0.024739583333333332
0 0.388671875 0.8919270833333334 0.0185546875 0.018880208333333332