0 0.6537921348314607 0.8169125395152792 0.032303370786516857 0.025816649104320338
0 0.7071629213483146 0.8290305584826133 0.037219101123595506 0.03108535300316122
0 0.5923455056179775 0.7513171759747103 0.04073033707865169 0.02897787144362487
0 0.6134129213483146 0.7897787144362487 0.07514044943820225 0.04373024236037935
0 0.625 0.7729188619599578 0.027387640449438203 0.02054794520547945
0 0.5958567415730337 0.7950474183350895 0.02949438202247191 0.022128556375131718
0 0.6327247191011236 0.797945205479452 0.037921348314606744 0.0273972602739726
0 0.6678370786516854 0.719968387776607 0.033707865168539325 0.022655426765015807
0 0.625 0.7360379346680717 0.03932584269662921 0.02845100105374078
0 0.6306179775280899 0.7270811380400422 0.021769662921348316 0.015806111696522657
0 0.6566011235955056 0.6751844046364595 0.04143258426966292 0.032665964172813484
0 0.5372191011235955 0.6585879873551106 0.04915730337078652 0.03424657534246575
0 0.5537219101123596 0.6828240252897787 0.04073033707865169 0.030558482613277135
0 0.49929775280898875 0.6712328767123288 0.05547752808988764 0.0410958904109589
0 0.5091292134831461 0.6551633298208641 0.03300561797752809 0.026870389884088516
0 0.5084269662921348 0.6809799789251844 0.038623595505617975 0.02897787144362487
0 0.4820926966292135 0.6604320337197049 0.03089887640449438 0.02476290832455216
0 0.4785814606741573 0.6335616438356164 0.03581460674157303 0.02897787144362487
0 0.5052668539325843 0.6077449947312961 0.037219101123595506 0.02897787144362487
0 0.5214185393258427 0.6280295047418335 0.03300561797752809 0.025816649104320338
0 0.6186797752808989 0.5919388830347735 0.030196629213483147 0.0273972602739726
0 0.6471207865168539 0.5774499473129611 0.027387640449438203 0.023182297154899896
0 0.5417837078651685 0.5561116965226555 0.03160112359550562 0.02423603793466807
0 0.49157303370786515 0.5466280295047419 0.032303370786516857 0.025816649104320338
0 0.5024578651685393 0.5792939936775553 0.02949438202247191 0.02160168598524763
0 0.6260533707865169 0.5281875658587988 0.028089887640449437 0.022128556375131718
0 0.5382724719101124 0.5102739726027398 0.03441011235955056 0.022128556375131718
0 0.5596910112359551 0.5068493150684932 0.028089887640449437 0.02423603793466807
0 0.5839185393258427 0.5097471022128557 0.032303370786516857 0.02528977871443625
0 0.6485252808988764 0.517913593256059 0.0351123595505618 0.025816649104320338
0 0.5884831460674157 0.5619072708113804 0.03441011235955056 0.025816649104320338
0 0.43223314606741575 0.5763962065331928 0.03089887640449438 0.02423603793466807
0 0.4627808988764045 0.5669125395152792 0.0351123595505618 0.02476290832455216
0 0.45365168539325845 0.613277133825079 0.032303370786516857 0.023182297154899896
0 0.40870786516853935 0.654899894625922 0.03300561797752809 0.023182297154899896
0 0.3746488764044944 0.6641201264488936 0.030196629213483147 0.022655426765015807
0 0.3788623595505618 0.5774499473129611 0.030196629213483147 0.02476290832455216
0 0.31566011235955055 0.5489989462592202 0.03441011235955056 0.02370916754478398
0 0.3297050561797753 0.5737618545837724 0.033707865168539325 0.022655426765015807
0 0.30793539325842695 0.600895679662803 0.03932584269662921 0.02528977871443625
0 0.41537921348314605 0.4965753424657534 0.032303370786516857 0.02423603793466807
0 0.4592696629213483 0.4815595363540569 0.02949438202247191 0.02476290832455216
0 0.5066713483146067 0.47233930453108536 0.038623595505617975 0.026870389884088516
0 0.49473314606741575 0.4409905163329821 0.028792134831460675 0.023182297154899896
0 0.4683988764044944 0.41517386722866173 0.03441011235955056 0.02370916754478398
0 0.39922752808988765 0.4067439409905163 0.037219101123595506 0.026870389884088516
0 0.3493679775280899 0.40806111696522657 0.03932584269662921 0.02897787144362487
0 0.32303370786516855 0.4159641728134879 0.03932584269662921 0.0273972602739726
0 0.5779494382022472 0.38198103266596417 0.03160112359550562 0.025816649104320338
0 0.639747191011236 0.37355110642781875 0.03300561797752809 0.022655426765015807
0 0.6348314606741573 0.42834562697576395 0.037219101123595506 0.03108535300316122
0 0.620435393258427 0.46338250790305585 0.03300561797752809 0.023182297154899896
0 0.8135533707865169 0.44020021074815596 0.04353932584269663 0.0321390937829294
0 0.7503511235955056 0.43730242360379346 0.038623595505617975 0.02476290832455216
0 0.6990870786516854 0.41807165437302424 0.03441011235955056 0.02423603793466807
0 0.7327949438202247 0.4370389884088514 0.060393258426966294 0.044257112750263436
0 0.7047050561797753 0.38856691253951525 0.03089887640449438 0.022128556375131718
0 0.7292837078651685 0.3664383561643836 0.032303370786516857 0.023182297154899896
0 0.7559691011235955 0.36116965226554265 0.03089887640449438 0.022128556375131718
0 0.7419241573033708 0.33192834562697576 0.032303370786516857 0.022655426765015807
0 0.8121488764044944 0.35458377239199157 0.051264044943820225 0.030558482613277135
0 0.46383426966292135 0.8261327713382508 0.042134831460674156 0.03108535300316122
0 0.4887640449438202 0.8082191780821918 0.03651685393258427 0.030558482613277135
0 0.5080758426966292 0.7631717597471022 0.04143258426966292 0.032665964172813484
0 0.40625 0.8082191780821918 0.03581460674157303 0.026343519494204427
0 0.5323033707865169 0.8466807165437302 0.03300561797752809 0.02423603793466807
0 0.4887640449438202 0.8543203371970495 0.03651685393258427 0.02792413066385669
0 0.5196629213483146 0.8782929399367756 0.030196629213483147 0.02423603793466807
0 0.44452247191011235 0.8656480505795574 0.03932584269662921 0.02370916754478398
0 0.43258426966292135 0.8348261327713382 0.0351123595505618 0.02054794520547945
0 0.382373595505618 0.8387776606954689 0.037921348314606744 0.02792413066385669
0 0.3862359550561798 0.85695468914647 0.025280898876404494 0.018967334035827187
0 0.40870786516853935 0.8606427818756586 0.037921348314606744 0.026343519494204427
0 0.4122191011235955 0.8909378292939937 0.03300561797752809 0.02423603793466807
0 0.5438904494382022 0.8933087460484721 0.03160112359550562 0.020021074815595362
0 0.5941011235955056 0.9291359325605901 0.04564606741573034 0.0368809272918862
0 0.6067415730337079 0.9391464699683878 0.03441011235955056 0.02528977871443625
0 0.5839185393258427 0.9225500526870389 0.030196629213483147 0.02476290832455216
0 0.5554775280898876 0.9320337197049526 0.028089887640449437 0.022128556375131718
0 0.5122893258426966 0.9312434141201265 0.02247191011235955 0.018967334035827187
0 0.29424157303370785 0.8969968387776607 0.038623595505617975 0.02845100105374078
0 0.2966994382022472 0.8880400421496312 0.02949438202247191 0.02370916754478398
0 0.2889747191011236 0.9038461538461539 0.026685393258426966 0.01685985247629083
0 0.29810393258426965 0.9175447839831401 0.02598314606741573 0.018967334035827187
0 0.29740168539325845 0.7934668071654373 0.028089887640449437 0.020021074815595362
0 0.36025280898876405 0.797154899894626 0.0351123595505618 0.023182297154899896
0 0.37991573033707865 0.737881981032666 0.032303370786516857 0.022128556375131718
0 0.33848314606741575 0.7389357218124342 0.037219101123595506 0.025816649104320338
0 0.3082865168539326 0.7497365648050579 0.03932584269662921 0.0321390937829294
0 0.22928370786516855 0.7391991570073762 0.030196629213483147 0.0184404636459431
0 0.2773876404494382 0.7808219178082192 0.0351123595505618 0.022655426765015807
0 0.4058988764044944 0.7060063224446786 0.02598314606741573 0.01791359325605901
0 0.4164325842696629 0.7555321390937829 0.026685393258426966 0.022655426765015807
0 0.25316011235955055 0.5534773445732349 0.028089887640449437 0.02107481559536354
0 0.26685393258426965 0.4541622760800843 0.03581460674157303 0.02792413066385669
0 0.3142556179775281 0.4589041095890411 0.03581460674157303 0.025816649104320338
0 0.2050561797752809 0.49262381454162274 0.027387640449438203 0.020021074815595362
0 0.04353932584269663 0.5226554267650158 0.026685393258426966 0.019494204425711276
0 0.038974719101123594 0.5405690200210748 0.030196629213483147 0.02476290832455216
0 0.06987359550561797 0.6304004214963119 0.021067415730337078 0.01738672286617492
0 0.15203651685393257 0.6332982086406744 0.028089887640449437 0.01791359325605901
0 0.12745786516853932 0.7183877766069547 0.023174157303370788 0.0184404636459431
0 0.1699438202247191 0.7036354056902002 0.026685393258426966 0.019494204425711276
0 0.11060393258426966 0.7405163329820864 0.02598314606741573 0.01791359325605901
0 0.1014747191011236 0.791622760800843 0.026685393258426966 0.02107481559536354
0 0.15941011235955055 0.7863540569020021 0.03441011235955056 0.022128556375131718
0 0.19452247191011235 0.8047945205479452 0.03441011235955056 0.02423603793466807
0 0.2303370786516854 0.7987355110642782 0.02949438202247191 0.022655426765015807
0 0.24894662921348315 0.7905690200210748 0.02598314606741573 0.022128556375131718
0 0.1425561797752809 0.8556375131717597 0.03932584269662921 0.022655426765015807
0 0.20821629213483145 0.9315068493150684 0.02598314606741573 0.02107481559536354
0 0.23279494382022473 0.9272918861959958 0.023876404494382022 0.020021074815595362
0 0.24683988764044945 0.9304531085353003 0.021769662921348316 0.01738672286617492
0 0.19171348314606743 0.8993677555321391 0.023174157303370788 0.0184404636459431
0 0.16573033707865167 0.9454689146469969 0.028089887640449437 0.02160168598524763
0 0.2243679775280899 0.9517913593256059 0.030196629213483147 0.023182297154899896
0 0.27247191011235955 0.9475763962065332 0.021769662921348316 0.01791359325605901
0 0.29985955056179775 0.9417808219178082 0.03089887640449438 0.02160168598524763