0 0.9764705882352941 0.9356357927786499 0.020588235294117647 0.030612244897959183
0 0.9858823529411764 0.9587912087912088 0.023529411764705882 0.03296703296703297
0 0.8526470588235294 0.9752747252747253 0.026470588235294117 0.018838304552590265
0 0.6570588235294118 0.9866562009419152 0.02176470588235294 0.013343799058084773
0 0.5947058823529412 0.9478021978021978 0.02411764705882353 0.036891679748822605
0 0.6008823529411764 0.9109105180533752 0.02588235294117647 0.038461538461538464
0 0.5111764705882353 0.9948979591836735 0.02588235294117647 0.01020408163265306
0 0.4682352941176471 0.9858712715855573 0.02823529411764706 0.0282574568288854
0 0.4505882352941176 0.9945054945054945 0.024705882352941175 0.01098901098901099
0 0.18382352941176472 0.9678178963893249 0.027647058823529413 0.03139717425431711
0 0.19205882352941175 0.989010989010989 0.027647058823529413 0.02197802197802198
0 0.16705882352941176 0.8869701726844584 0.02411764705882353 0.033751962323390894
0 0.19794117647058823 0.8728414442700158 0.02 0.026687598116169546
0 0.3511764705882353 0.7723704866562009 0.031176470588235295 0.03139717425431711
0 0.3861764705882353 0.8100470957613815 0.025294117647058825 0.03296703296703297
0 0.40205882352941175 0.7857142857142857 0.025294117647058825 0.033751962323390894
0 0.4914705882352941 0.8485086342229199 0.03058823529411765 0.04395604395604396
0 0.5073529411764706 0.8963893249607535 0.029411764705882353 0.036891679748822605
0 0.576764705882353 0.8269230769230769 0.02588235294117647 0.03139717425431711
0 0.6011764705882353 0.8583202511773941 0.028823529411764706 0.038461538461538464
0 0.6211764705882353 0.8351648351648352 0.036470588235294116 0.04081632653061224
0 0.6629411764705883 0.8363422291993721 0.02588235294117647 0.03218210361067504
0 0.6747058823529412 0.923861852433281 0.025294117647058825 0.03296703296703297
0 0.6926470588235294 0.9105180533751962 0.025294117647058825 0.03296703296703297
0 0.9479411764705883 0.5710361067503925 0.028823529411764706 0.040031397174254316
0 0.8526470588235294 0.5047095761381476 0.03764705882352941 0.03610675039246468
0 0.8688235294117647 0.5321821036106751 0.03058823529411765 0.03532182103610675
0 0.7458823529411764 0.5380690737833596 0.02411764705882353 0.03296703296703297
0 0.7226470588235294 0.533751962323391 0.03235294117647059 0.03610675039246468
0 0.7308823529411764 0.5718210361067504 0.029411764705882353 0.03924646781789639
0 0.7688235294117647 0.489010989010989 0.028823529411764706 0.03767660910518053
0 0.7994117647058824 0.5172684458398744 0.03058823529411765 0.03610675039246468
0 0.7591176470588236 0.7558869701726845 0.03235294117647059 0.04081632653061224
0 0.6788235294117647 0.739010989010989 0.028823529411764706 0.03453689167974882
0 0.6817647058823529 0.6283359497645212 0.025294117647058825 0.03139717425431711
0 0.6373529411764706 0.6248037676609105 0.025294117647058825 0.026687598116169546
0 0.6455882352941177 0.6707221350078493 0.02411764705882353 0.033751962323390894
0 0.5891176470588235 0.6938775510204082 0.024705882352941175 0.030612244897959183
0 0.5941176470588235 0.7272370486656201 0.033529411764705884 0.03767660910518053
0 0.5626470588235294 0.7083987441130298 0.025294117647058825 0.033751962323390894
0 0.5588235294117647 0.6165620094191523 0.026470588235294117 0.03453689167974882
0 0.5314705882352941 0.7091836734693877 0.02588235294117647 0.03296703296703297
0 0.5138235294117647 0.7335164835164835 0.02588235294117647 0.03453689167974882
0 0.4973529411764706 0.6463893249607535 0.022941176470588236 0.029042386185243328
0 0.3285294117647059 0.5321821036106751 0.027058823529411764 0.033751962323390894
0 0.3035294117647059 0.4831240188383045 0.03 0.03532182103610675
0 0.538235294117647 0.44937205651491363 0.02588235294117647 0.030612244897959183
0 0.5920588235294117 0.42346938775510207 0.03588235294117647 0.04081632653061224
0 0.6267647058823529 0.5349293563579278 0.025294117647058825 0.03218210361067504
0 0.9764705882352941 0.21546310832025117 0.02823529411764706 0.036891679748822605
0 0.9776470588235294 0.13736263736263737 0.027058823529411764 0.033751962323390894
0 0.9770588235294118 0.0847723704866562 0.025294117647058825 0.029827315541601257
0 0.9747058823529412 0.06554160125588697 0.028823529411764706 0.03296703296703297
0 0.9829411764705882 0.10792778649921507 0.014705882352941176 0.023547880690737835
0 0.87 0.011773940345368918 0.023529411764705882 0.023547880690737835
0 0.8479411764705882 0.05416012558869702 0.029411764705882353 0.03139717425431711
0 0.7973529411764706 0.11773940345368916 0.03705882352941176 0.03218210361067504
0 0.7220588235294118 0.014913657770800628 0.027647058823529413 0.029827315541601257
0 0.668235294117647 0.049843014128728415 0.02235294117647059 0.033751962323390894
0 0.6555882352941177 0.01098901098901099 0.02176470588235294 0.02197802197802198
0 0.6844117647058824 0.007456828885400314 0.022941176470588236 0.014913657770800628
0 0.591764705882353 0.09340659340659341 0.02411764705882353 0.030612244897959183
0 0.6120588235294118 0.19387755102040816 0.022941176470588236 0.026687598116169546
0 0.5152941176470588 0.06750392464678179 0.03 0.03296703296703297
0 0.4979411764705882 0.1695447409733124 0.027058823529411764 0.03767660910518053
0 0.2944117647058824 0.33124018838304553 0.024705882352941175 0.03139717425431711
0 0.7052941176470588 0.4054160125588697 0.03235294117647059 0.04081632653061224
0 0.7635294117647059 0.2731554160125589 0.02588235294117647 0.029827315541601257
0 0.7464705882352941 0.3116169544740973 0.031176470588235295 0.03453689167974882