0 0.3981675392670157 0.05935754189944134 0.02198952879581152 0.025139664804469275
0 0.3798429319371728 0.10719273743016759 0.021465968586387434 0.024441340782122904
0 0.38167539267015704 0.09287709497206705 0.024083769633507852 0.02653631284916201
0 0.49031413612565444 0.12604748603351956 0.025130890052356022 0.027932960893854747
0 0.4693717277486911 0.11487430167597765 0.02198952879581152 0.025139664804469275
0 0.4667539267015707 0.14350558659217877 0.028272251308900525 0.031424581005586594
0 0.4431937172774869 0.10405027932960893 0.02774869109947644 0.031424581005586594
0 0.5204188481675392 0.1295391061452514 0.02774869109947644 0.031424581005586594
0 0.537696335078534 0.1634078212290503 0.02931937172774869 0.0335195530726257
0 0.5447643979057591 0.19483240223463688 0.026701570680628273 0.02863128491620112
0 0.5827225130890052 0.2325418994413408 0.023036649214659685 0.02653631284916201
0 0.6628272251308901 0.24860335195530725 0.02356020942408377 0.02653631284916201
0 0.6026178010471204 0.2842178770949721 0.025654450261780103 0.029329608938547486
0 0.5871727748691099 0.2981843575418994 0.027225130890052355 0.030027932960893854
0 0.6696335078534031 0.29678770949720673 0.026701570680628273 0.02863128491620112
0 0.687434554973822 0.3264664804469274 0.025654450261780103 0.02653631284916201
0 0.7034031413612566 0.325768156424581 0.025654450261780103 0.02863128491620112
0 0.6965968586387434 0.30481843575418993 0.028272251308900525 0.030027932960893854
0 0.6979057591623037 0.2775837988826816 0.023036649214659685 0.025837988826815643
0 0.7455497382198953 0.3016759776536313 0.024083769633507852 0.025837988826815643
0 0.7230366492146597 0.21962290502793297 0.020942408376963352 0.023743016759776536
0 0.7164921465968587 0.2325418994413408 0.025130890052356022 0.02723463687150838
0 0.7869109947643979 0.2817737430167598 0.02617801047120419 0.02863128491620112
0 0.7984293193717278 0.27583798882681565 0.02356020942408377 0.023743016759776536
0 0.8340314136125655 0.31354748603351956 0.02356020942408377 0.024441340782122904
0 0.7667539267015707 0.3051675977653631 0.027225130890052355 0.029329608938547486
0 0.806282722513089 0.33589385474860334 0.02356020942408377 0.025837988826815643
0 0.8154450261780105 0.3474162011173184 0.019895287958115182 0.02094972067039106
0 0.8539267015706806 0.31738826815642457 0.020418848167539267 0.02094972067039106
0 0.9290575916230367 0.38268156424581007 0.025130890052356022 0.02723463687150838
0 0.9329842931937172 0.39839385474860334 0.020942408376963352 0.023743016759776536
0 0.9086387434554973 0.4127094972067039 0.024607329842931937 0.027932960893854747
0 0.9047120418848168 0.4172486033519553 0.021465968586387434 0.0223463687150838
0 0.912565445026178 0.4088687150837989 0.021465968586387434 0.023044692737430168
0 0.8447643979057592 0.4713687150837989 0.025654450261780103 0.02723463687150838
0 0.8481675392670157 0.454608938547486 0.027225130890052355 0.02863128491620112
0 0.8282722513089005 0.5153631284916201 0.025130890052356022 0.027932960893854747
0 0.8065445026178011 0.50768156424581 0.019895287958115182 0.02164804469273743
0 0.6863874345549739 0.4797486033519553 0.028795811518324606 0.030027932960893854
0 0.6780104712041884 0.44587988826815644 0.025130890052356022 0.027932960893854747
0 0.6612565445026178 0.44937150837988826 0.025130890052356022 0.027932960893854747
0 0.6301047120418848 0.3784916201117318 0.031413612565445025 0.034916201117318434
0 0.6358638743455497 0.34881284916201116 0.028795811518324606 0.031424581005586594
0 0.5740837696335078 0.3474162011173184 0.025130890052356022 0.02723463687150838
0 0.5701570680628272 0.3215782122905028 0.028795811518324606 0.03212290502793296
0 0.5513089005235602 0.3226256983240223 0.034031413612565446 0.036312849162011177
0 0.5277486910994764 0.3016759776536313 0.025130890052356022 0.02723463687150838
0 0.5494764397905759 0.2566340782122905 0.025130890052356022 0.027932960893854747
0 0.5342931937172775 0.2545391061452514 0.025130890052356022 0.02723463687150838
0 0.2761780104712042 0.08554469273743016 0.02356020942408377 0.025837988826815643
0 0.23717277486910995 0.09951117318435754 0.026701570680628273 0.027932960893854747
0 0.2798429319371728 0.2856145251396648 0.02931937172774869 0.03282122905027933
0 0.31308900523560207 0.3606843575418994 0.034031413612565446 0.034916201117318434
0 0.312565445026178 0.3411312849162011 0.02931937172774869 0.031424581005586594
0 0.38534031413612563 0.3969972067039106 0.024607329842931937 0.02723463687150838
0 0.39659685863874344 0.4099162011173184 0.030366492146596858 0.03212290502793296
0 0.4039267015706806 0.3889664804469274 0.02931937172774869 0.03212290502793296
0 0.356282722513089 0.40817039106145253 0.028272251308900525 0.030726256983240222
0 0.34764397905759165 0.38093575418994413 0.02931937172774869 0.031424581005586594
0 0.4468586387434555 0.2925977653631285 0.031413612565445025 0.034217877094972066
0 0.48795811518324606 0.33868715083798884 0.02774869109947644 0.029329608938547486
0 0.450261780104712 0.38687150837988826 0.025130890052356022 0.02723463687150838
0 0.474869109947644 0.4095670391061452 0.02356020942408377 0.025139664804469275
0 0.4850785340314136 0.3851256983240223 0.025130890052356022 0.027932960893854747
0 0.5246073298429319 0.401536312849162 0.024083769633507852 0.025837988826815643
0 0.5327225130890052 0.3840782122905028 0.031413612565445025 0.03282122905027933
0 0.5442408376963351 0.40747206703910616 0.025130890052356022 0.027932960893854747
0 0.5172774869109947 0.4504189944134078 0.02617801047120419 0.02863128491620112
0 0.562303664921466 0.42178770949720673 0.025654450261780103 0.027932960893854747
0 0.5803664921465969 0.4193435754189944 0.02617801047120419 0.02863128491620112
0 0.5620418848167539 0.4664804469273743 0.023036649214659685 0.025139664804469275
0 0.6225130890052356 0.5981145251396648 0.026701570680628273 0.02863128491620112
0 0.6212041884816754 0.6323324022346368 0.02931937172774869 0.031424581005586594
0 0.4756544502617801 0.5356145251396648 0.025130890052356022 0.02723463687150838
0 0.4363874345549738 0.5219972067039106 0.034031413612565446 0.036312849162011177
0 0.4526178010471204 0.4549581005586592 0.025130890052356022 0.02723463687150838
0 0.14973821989528796 0.43226256983240224 0.02774869109947644 0.030027932960893854
0 0.12277486910994764 0.4661312849162011 0.028795811518324606 0.030726256983240222
0 0.1068062827225131 0.4898743016759777 0.025130890052356022 0.02653631284916201
0 0.10157068062827225 0.5 0.029842931937172777 0.030726256983240222
0 0.1081151832460733 0.4752094972067039 0.02198952879581152 0.023044692737430168
0 0.08534031413612565 0.4724162011173184 0.029842931937172777 0.03282122905027933
0 0.07513089005235601 0.4574022346368715 0.031413612565445025 0.034217877094972066
0 0.0274869109947644 0.47067039106145253 0.024607329842931937 0.02653631284916201
0 0.05471204188481675 0.4856843575418994 0.024607329842931937 0.025837988826815643
0 0.041884816753926704 0.5006983240223464 0.024083769633507852 0.025837988826815643
0 0.1450261780104712 0.5747206703910615 0.021465968586387434 0.023044692737430168
0 0.17172774869109947 0.5666899441340782 0.027225130890052355 0.027932960893854747
0 0.2212041884816754 0.5621508379888268 0.03193717277486911 0.03212290502793296
0 0.23036649214659685 0.6456005586592178 0.02774869109947644 0.029329608938547486
0 0.27356020942408377 0.6539804469273743 0.02356020942408377 0.02723463687150838
0 0.2675392670157068 0.6777234636871509 0.020942408376963352 0.0223463687150838
0 0.2486910994764398 0.6675977653631285 0.02198952879581152 0.024441340782122904
0 0.3308900523560209 0.6703910614525139 0.02356020942408377 0.025837988826815643
0 0.3518324607329843 0.615572625698324 0.02198952879581152 0.023743016759776536
0 0.3667539267015707 0.7192737430167597 0.028272251308900525 0.029329608938547486
0 0.40916230366492146 0.6812150837988827 0.02774869109947644 0.030027932960893854
0 0.5780104712041885 0.7060055865921788 0.024607329842931937 0.02653631284916201
0 0.3657068062827225 0.4762569832402235 0.03193717277486911 0.034916201117318434
0 0.29031413612565443 0.50768156424581 0.025130890052356022 0.02653631284916201
0 0.312303664921466 0.49860335195530725 0.02931937172774869 0.030726256983240222