0 0.8889204545454545 0.4946969696969697 0.026136363636363635 0.030303030303030304
0 0.8161931818181818 0.4734848484848485 0.03068181818181818 0.037121212121212124
0 0.853125 0.5954545454545455 0.028977272727272727 0.03257575757575758
0 0.8957386363636364 0.5564393939393939 0.024431818181818183 0.02878787878787879
0 0.696590909090909 0.6518939393939394 0.02556818181818182 0.030303030303030304
0 0.13664772727272728 0.3303030303030303 0.025 0.02878787878787879
0 0.10397727272727272 0.3465909090909091 0.025 0.02878787878787879
0 0.0971590909090909 0.3268939393939394 0.028409090909090908 0.03106060606060606
0 0.6823863636363636 0.48598484848484846 0.017045454545454544 0.019696969696969695
0 0.8630681818181818 0.568939393939394 0.023295454545454546 0.02878787878787879
0 0.8846590909090909 0.5393939393939394 0.013068181818181817 0.014393939393939395
0 0.8522727272727273 0.5526515151515151 0.02556818181818182 0.029545454545454545
0 0.8772727272727273 0.5303030303030303 0.010795454545454546 0.013636363636363636
0 0.9159090909090909 0.5473484848484849 0.013068181818181817 0.014393939393939395
0 0.9039772727272727 0.5306818181818181 0.014204545454545454 0.015909090909090907
0 0.9036931818181818 0.6098484848484849 0.029545454545454545 0.03257575757575758
0 0.8980113636363637 0.5579545454545455 0.011931818181818182 0.013636363636363636
0 0.8883522727272727 0.5556818181818182 0.014204545454545454 0.01818181818181818
0 0.6872159090909091 0.6954545454545454 0.02556818181818182 0.02878787878787879
0 0.680965909090909 0.6727272727272727 0.022727272727272728 0.02803030303030303
0 0.29460227272727274 0.6143939393939394 0.014204545454545454 0.015909090909090907
0 0.23238636363636364 0.6594696969696969 0.0125 0.014393939393939395
0 0.24147727272727273 0.6643939393939394 0.014772727272727272 0.016666666666666666
0 0.8710227272727272 0.43863636363636366 0.023863636363636365 0.02803030303030303
0 0.7835227272727273 0.6268939393939394 0.022727272727272728 0.02803030303030303
0 0.06931818181818182 0.19204545454545455 0.03068181818181818 0.03636363636363636
0 0.42215909090909093 0.4231060606060606 0.03409090909090909 0.04242424242424243
0 0.7775568181818182 0.35795454545454547 0.029545454545454545 0.035606060606060606
0 0.675 0.43712121212121213 0.035227272727272725 0.04015151515151515
0 0.7727272727272727 0.575 0.023863636363636365 0.02878787878787879