0 0.2740693196405648 0.6001712328767124 0.018613607188703467 0.021404109589041095
0 0.30905006418485237 0.6014554794520548 0.014120667522464698 0.01797945205479452
0 0.35397946084724 0.6245719178082192 0.014120667522464698 0.018835616438356163
0 0.18741976893453144 0.5393835616438356 0.016046213093709884 0.019691780821917807
0 0.634788189987163 0.9957191780821918 0.012836970474967908 0.008561643835616438
0 0.6623876765083441 0.978595890410959 0.011553273427471117 0.016267123287671232
0 0.6386392811296534 0.910958904109589 0.012836970474967908 0.018835616438356163
0 0.6630295250320924 0.8715753424657534 0.01989730423620026 0.023972602739726026
0 0.7028241335044929 0.8668664383561644 0.012836970474967908 0.014554794520547944
0 0.8841463414634146 0.9922945205479452 0.011553273427471117 0.015410958904109588
0 0.8732349165596919 0.9914383561643836 0.013478818998716302 0.016267123287671232
0 0.7817715019255456 0.5004280821917808 0.018613607188703467 0.02054794520547945
0 0.823170731707317 0.4743150684931507 0.023106546854942234 0.028253424657534245
0 0.8462772785622593 0.4696061643835616 0.012195121951219513 0.016267123287671232
0 0.7390885750962772 0.4190924657534247 0.022464698331193838 0.029965753424657533
0 0.7179075738125802 0.4088184931506849 0.022464698331193838 0.0351027397260274
0 0.6992939666238768 0.4006849315068493 0.025673940949935817 0.031678082191780824
0 0.8950577663671374 0.4148116438356164 0.018613607188703467 0.0273972602739726
0 0.8976251604621309 0.3728595890410959 0.014762516046213094 0.02054794520547945
0 0.87997432605905 0.3912671232876712 0.027599486521181 0.03595890410958904
0 0.9329268292682927 0.5475171232876712 0.023106546854942234 0.028253424657534245
0 0.9566752246469833 0.4833047945205479 0.024390243902439025 0.028253424657534245
0 0.9297175866495507 0.4610445205479452 0.021181001283697046 0.025684931506849314
0 0.9191270860077022 0.4083904109589041 0.02503209242618742 0.025684931506849314
0 0.9127086007702182 0.3857020547945205 0.01668806161745828 0.023972602739726026
0 0.8058408215661104 0.305222602739726 0.02374839537869063 0.030821917808219176
0 0.8645699614890886 0.4726027397260274 0.014762516046213094 0.019691780821917807
0 0.8234916559691913 0.5124143835616438 0.018613607188703467 0.023972602739726026
0 0.7830551989730423 0.5869006849315068 0.013478818998716302 0.015410958904109588
0 0.8809370988446726 0.5625 0.01989730423620026 0.0273972602739726
0 0.8061617458279846 0.6793664383561644 0.019255455712451863 0.023972602739726026
0 0.8145057766367138 0.7298801369863014 0.011553273427471117 0.018835616438356163
0 0.7901155327342747 0.7684075342465754 0.01668806161745828 0.02226027397260274
0 0.7557766367137355 0.7568493150684932 0.014762516046213094 0.01797945205479452
0 0.751604621309371 0.7722602739726028 0.013478818998716302 0.017123287671232876
0 0.8838254172015404 0.7208904109589042 0.011553273427471117 0.019691780821917807
0 0.7374839537869063 0.8553082191780822 0.01668806161745828 0.023972602739726026
0 0.7670089858793325 0.7975171232876712 0.01668806161745828 0.023972602739726026
0 0.8250962772785623 0.7127568493150684 0.022464698331193838 0.025684931506849314
0 0.7291399229781772 0.6168664383561644 0.023106546854942234 0.03595890410958904
0 0.8372913992297818 0.601027397260274 0.02631578947368421 0.03424657534246575
0 0.8392169448010269 0.5727739726027398 0.01797175866495507 0.019691780821917807
0 0.8809370988446726 0.5500856164383562 0.01668806161745828 0.021404109589041095
0 0.8828626444159179 0.5706335616438356 0.019255455712451863 0.02054794520547945
0 0.8494865211810013 0.5303938356164384 0.016046213093709884 0.019691780821917807
0 0.9066110397946084 0.4464897260273973 0.012195121951219513 0.016267123287671232
0 0.858793324775353 0.2405821917808219 0.019255455712451863 0.023972602739726026
0 0.7808087291399229 0.16138698630136986 0.016046213093709884 0.02226027397260274
0 0.9101412066752247 0.23159246575342465 0.01989730423620026 0.02226027397260274
0 0.9335686777920411 0.2803938356164384 0.021181001283697046 0.0273972602739726
0 0.9492939666238768 0.2923801369863014 0.01797175866495507 0.02226027397260274
0 0.8206033376123235 0.14383561643835616 0.01989730423620026 0.02226027397260274
0 0.573170731707317 0.1331335616438356 0.019255455712451863 0.02226027397260274
0 0.6052631578947368 0.12200342465753425 0.01668806161745828 0.02226027397260274
0 0.6181001283697047 0.09417808219178082 0.01668806161745828 0.02226027397260274
0 0.615211810012837 0.2962328767123288 0.028241335044929396 0.04023972602739726
0 0.5998074454428755 0.3844178082191781 0.022464698331193838 0.029965753424657533
0 0.5802310654685494 0.3801369863013699 0.028883183568677792 0.03424657534246575
0 0.5699614890885751 0.3424657534246575 0.016046213093709884 0.018835616438356163
0 0.6264441591784339 0.3360445205479452 0.025673940949935817 0.026541095890410957
0 0.5417201540436457 0.5256849315068494 0.01797175866495507 0.02226027397260274
0 0.7092426187419769 0.6232876712328768 0.021181001283697046 0.025684931506849314
0 0.6925545571245186 0.6014554794520548 0.030166880616174584 0.032534246575342464
0 0.6550064184852374 0.6494006849315068 0.021822849807445442 0.0273972602739726
0 0.7086007702182285 0.6566780821917808 0.026957637997432605 0.03339041095890411
0 0.3870346598202824 0.5470890410958904 0.013478818998716302 0.018835616438356163
0 0.4072528883183569 0.5667808219178082 0.013478818998716302 0.018835616438356163
0 0.4910141206675225 0.4434931506849315 0.03337612323491656 0.04280821917808219
0 0.5253530166880617 0.4576198630136986 0.025673940949935817 0.031678082191780824
0 0.5548780487804879 0.4375 0.02374839537869063 0.030821917808219176
0 0.040757381258023105 0.6767979452054794 0.01668806161745828 0.02226027397260274
0 0.06546854942233633 0.696917808219178 0.019255455712451863 0.025684931506849314
0 0.014762516046213094 0.6862157534246576 0.02374839537869063 0.029965753424657533
0 0.013157894736842105 0.7153253424657534 0.021822849807445442 0.023116438356164382
0 0.0035301668806161745 0.6819349315068494 0.007060333761232349 0.02482876712328767
0 0.6383183568677792 0.4666095890410959 0.02631578947368421 0.032534246575342464
0 0.5555198973042362 0.3600171232876712 0.025673940949935817 0.032534246575342464
0 0.31418485237483956 0.3270547945205479 0.03465982028241335 0.04452054794520548
0 0.20667522464698332 0.3916952054794521 0.028883183568677792 0.039383561643835614
0 0.18292682926829268 0.3827054794520548 0.03209242618741977 0.046232876712328765