0 0.9587912087912088 0.27419354838709675 0.022527472527472527 0.026392961876832845
0 0.8804945054945055 0.3222140762463343 0.025274725274725275 0.032991202346041054
0 0.8928571428571429 0.15102639296187684 0.025274725274725275 0.027126099706744868
0 0.9521978021978021 0.1909824046920821 0.02032967032967033 0.026392961876832845
0 0.6991758241758241 0.11986803519061584 0.020879120879120878 0.02785923753665689
0 0.13076923076923078 0.6983137829912024 0.020879120879120878 0.024926686217008796
0 0.08846153846153847 0.6851173020527859 0.020879120879120878 0.025659824046920823
0 0.08571428571428572 0.7133431085043989 0.025274725274725275 0.025659824046920823
0 0.7233516483516483 0.34274193548387094 0.014285714285714285 0.017595307917888565
0 0.9107142857142857 0.18365102639296188 0.018131868131868133 0.026392961876832845
0 0.9434065934065934 0.21627565982404692 0.011538461538461539 0.011730205278592375
0 0.9027472527472528 0.20747800586510265 0.02142857142857143 0.026392961876832845
0 0.9373626373626374 0.23093841642228738 0.008791208791208791 0.013196480938416423
0 0.9771978021978022 0.1972140762463343 0.012087912087912088 0.011730205278592375
0 0.9678571428571429 0.2221407624633431 0.012087912087912088 0.013929618768328446
0 0.9478021978021978 0.11766862170087977 0.026373626373626374 0.025659824046920823
0 0.9538461538461539 0.18841642228739003 0.00934065934065934 0.013196480938416423
0 0.9436813186813187 0.1942815249266862 0.010439560439560439 0.017595307917888565
0 0.6771978021978022 0.06488269794721407 0.02142857142857143 0.025659824046920823
0 0.6755494505494506 0.09567448680351906 0.019230769230769232 0.024926686217008796
0 0.24313186813186813 0.2793255131964809 0.012087912087912088 0.013196480938416423
0 0.16016483516483518 0.2368035190615836 0.010439560439560439 0.012463343108504398
0 0.1697802197802198 0.2280058651026393 0.012637362637362638 0.01466275659824047
0 0.9524725274725274 0.3530058651026393 0.02032967032967033 0.024193548387096774
0 0.804945054945055 0.1282991202346041 0.01868131868131868 0.026392961876832845
0 0.08708791208791208 0.8988269794721407 0.025274725274725275 0.032991202346041054
0 0.43763736263736264 0.4963343108504399 0.027472527472527472 0.039589442815249266
0 0.8642857142857143 0.48570381231671556 0.024175824175824177 0.03152492668621701
0 0.7263736263736263 0.4087243401759531 0.03021978021978022 0.03592375366568915
0 0.8052197802197802 0.19978005865102638 0.019230769230769232 0.027126099706744868