0 0.326171875 0.2838541666666667 0.0107421875 0.015625
0 0.3125 0.3111979166666667 0.0087890625 0.014973958333333334
0 0.3896484375 0.3444010416666667 0.013671875 0.016276041666666668
0 0.3388671875 0.18815104166666666 0.01318359375 0.021484375
0 0.44580078125 0.22200520833333334 0.015625 0.017578125
0 0.46044921875 0.146484375 0.013671875 0.016927083333333332
0 0.46142578125 0.23502604166666666 0.0078125 0.011067708333333334
0 0.43505859375 0.23372395833333334 0.013671875 0.014322916666666666
0 0.3427734375 0.13606770833333334 0.01953125 0.0234375
0 0.41015625 0.14713541666666666 0.0146484375 0.016927083333333332
0 0.31884765625 0.23763020833333334 0.0205078125 0.0234375
0 0.306640625 0.20052083333333334 0.013671875 0.018229166666666668
0 0.259765625 0.17578125 0.02783203125 0.024739583333333332
0 0.25146484375 0.326171875 0.01708984375 0.020833333333333332
0 0.24609375 0.361328125 0.01708984375 0.0234375
0 0.48095703125 0.4192708333333333 0.0185546875 0.020833333333333332
0 0.37744140625 0.4446614583333333 0.01708984375 0.018229166666666668
0 0.3115234375 0.4127604166666667 0.013671875 0.017578125
0 0.33740234375 0.3860677083333333 0.0205078125 0.026041666666666668
0 0.28369140625 0.416015625 0.02099609375 0.018880208333333332
0 0.25439453125 0.4635416666666667 0.01416015625 0.020182291666666668
0 0.24658203125 0.5006510416666666 0.01953125 0.026041666666666668
0 0.20947265625 0.49609375 0.0166015625 0.022135416666666668
0 0.23583984375 0.53125 0.01806640625 0.020833333333333332
0 0.4423828125 0.2923177083333333 0.01611328125 0.026041666666666668
0 0.49658203125 0.24739583333333334 0.02099609375 0.026041666666666668
0 0.4921875 0.2682291666666667 0.015625 0.017578125
0 0.51123046875 0.17513020833333334 0.01611328125 0.025390625
0 0.484375 0.15950520833333334 0.01708984375 0.020833333333333332
0 0.2607421875 0.12044270833333333 0.0185546875 0.020182291666666668
0 0.232421875 0.158203125 0.0185546875 0.024088541666666668
0 0.21630859375 0.16796875 0.01318359375 0.018229166666666668
0 0.2763671875 0.720703125 0.009765625 0.014322916666666666
0 0.25244140625 0.7220052083333334 0.009765625 0.012369791666666666
0 0.32861328125 0.6907552083333334 0.009765625 0.012369791666666666
0 0.2333984375 0.75390625 0.01708984375 0.021484375
0 0.380859375 0.7766927083333334 0.0146484375 0.020833333333333332
0 0.29736328125 0.84765625 0.0126953125 0.016276041666666668
0 0.26708984375 0.822265625 0.01220703125 0.016927083333333332
0 0.333984375 0.9544270833333334 0.01318359375 0.016927083333333332
0 0.412109375 0.41796875 0.01513671875 0.022135416666666668
0 0.404296875 0.3802083333333333 0.013671875 0.018229166666666668
0 0.49560546875 0.3359375 0.017578125 0.020833333333333332
0 0.43017578125 0.263671875 0.01953125 0.026041666666666668
0 0.79296875 0.22135416666666666 0.01513671875 0.020182291666666668
0 0.7470703125 0.21223958333333334 0.01806640625 0.024088541666666668
0 0.83203125 0.16536458333333334 0.0146484375 0.018229166666666668
0 0.6826171875 0.15625 0.01171875 0.014973958333333334
0 0.666015625 0.2109375 0.01416015625 0.020182291666666668
0 0.67724609375 0.19921875 0.01318359375 0.01953125
0 0.62255859375 0.23763020833333334 0.0146484375 0.018880208333333332
0 0.6494140625 0.23763020833333334 0.0146484375 0.018229166666666668
0 0.64794921875 0.29296875 0.0126953125 0.014973958333333334
0 0.55810546875 0.14453125 0.015625 0.021484375
0 0.57177734375 0.13997395833333334 0.01123046875 0.015625
0 0.5791015625 0.16536458333333334 0.01416015625 0.022135416666666668
0 0.5908203125 0.17317708333333334 0.013671875 0.016927083333333332
0 0.55078125 0.19010416666666666 0.01318359375 0.018229166666666668
0 0.56396484375 0.24088541666666666 0.0126953125 0.017578125
0 0.5771484375 0.208984375 0.0146484375 0.017578125
0 0.5576171875 0.291015625 0.01513671875 0.01953125
0 0.6044921875 0.29296875 0.0146484375 0.020182291666666668
0 0.54833984375 0.404296875 0.0126953125 0.020182291666666668
0 0.57470703125 0.44921875 0.01220703125 0.018880208333333332
0 0.64306640625 0.4401041666666667 0.01318359375 0.018229166666666668
0 0.52001953125 0.6145833333333334 0.01171875 0.017578125
0 0.5341796875 0.642578125 0.01220703125 0.017578125
0 0.6533203125 0.556640625 0.0146484375 0.018880208333333332
0 0.63232421875 0.5481770833333334 0.01220703125 0.017578125
0 0.72998046875 0.57421875 0.01416015625 0.020182291666666668