0 0.870600414078675 0.2272099447513812 0.014492753623188406 0.020718232044198894
0 0.9145962732919255 0.2617403314917127 0.020186335403726708 0.024861878453038673
0 0.7927018633540373 0.3149171270718232 0.016045548654244308 0.019337016574585635
0 0.8214285714285714 0.14019337016574585 0.013975155279503106 0.017265193370165747
0 0.09265010351966874 0.22582872928176795 0.029503105590062112 0.03314917127071823
0 0.19125258799171843 0.5089779005524862 0.030538302277432712 0.03591160220994475
0 0.21040372670807453 0.9050414364640884 0.024844720496894408 0.026933701657458564
0 0.19073498964803312 0.9426795580110497 0.013975155279503106 0.017955801104972375
0 0.20781573498964803 0.955110497237569 0.012939958592132506 0.017265193370165747
0 0.2939958592132505 0.931975138121547 0.016563146997929608 0.020718232044198894
0 0.8537784679089027 0.7572513812154696 0.032091097308488616 0.04350828729281768
0 0.8457556935817805 0.6909530386740331 0.018115942028985508 0.023480662983425413
0 0.7888198757763976 0.7424033149171271 0.026397515527950312 0.03522099447513812
0 0.8056418219461697 0.8097375690607734 0.027950310559006212 0.03591160220994475
0 0.8229813664596274 0.8100828729281768 0.026915113871635612 0.04005524861878453
0 0.9013975155279503 0.7969613259668509 0.024327122153209108 0.03314917127071823
0 0.8392857142857143 0.8425414364640884 0.028985507246376812 0.04281767955801105
0 0.7642339544513458 0.8225138121546961 0.033126293995859216 0.04143646408839779
0 0.8881987577639752 0.8446132596685083 0.028467908902691512 0.03867403314917127
0 0.9179606625258799 0.8142265193370166 0.024844720496894408 0.03314917127071823
0 0.8682712215320911 0.8449585635359116 0.027950310559006212 0.03660220994475138
0 0.7329192546583851 0.8397790055248618 0.03260869565217391 0.04074585635359116
0 0.8558488612836439 0.868439226519337 0.033126293995859216 0.0393646408839779
0 0.8351449275362319 0.6439917127071824 0.018115942028985508 0.024861878453038673
0 0.7929606625258799 0.574585635359116 0.024844720496894408 0.029005524861878452
0 0.7945134575569358 0.5966850828729282 0.019151138716356108 0.024171270718232045
0 0.7963250517598344 0.3774171270718232 0.018115942028985508 0.022790055248618785
0 0.6687370600414079 0.4098756906077348 0.027432712215320912 0.031767955801104975
0 0.6832298136645962 0.4299033149171271 0.018115942028985508 0.019337016574585635
0 0.6951345755693582 0.25379834254143646 0.013975155279503106 0.020027624309392266
0 0.5085403726708074 0.8446132596685083 0.014492753623188406 0.020718232044198894
0 0.527432712215321 0.8663674033149171 0.015527950310559006 0.020718232044198894
0 0.5028467908902692 0.9171270718232044 0.017080745341614908 0.023480662983425413
0 0.3977743271221532 0.850828729281768 0.015527950310559006 0.023480662983425413
0 0.3364389233954451 0.8287292817679558 0.015010351966873706 0.018646408839779006
0 0.3962215320910973 0.9102209944751382 0.014492753623188406 0.018646408839779006
0 0.37370600414078675 0.8787983425414365 0.022256728778467908 0.026933701657458564
0 0.31314699792960665 0.9375 0.015527950310559006 0.022099447513812154
0 0.38716356107660455 0.8977900552486188 0.016563146997929608 0.022099447513812154
0 0.42598343685300205 0.9658149171270718 0.017080745341614908 0.024861878453038673
0 0.32867494824016563 0.9602900552486188 0.017598343685300208 0.022099447513812154
0 0.7368012422360248 0.6567679558011049 0.027432712215320912 0.034530386740331494
0 0.7368012422360248 0.6812845303867403 0.030538302277432712 0.04005524861878453
0 0.11231884057971014 0.6229281767955801 0.03778467908902691 0.04834254143646409
0 0.15010351966873706 0.549378453038674 0.024844720496894408 0.03660220994475138
0 0.17857142857142858 0.42506906077348067 0.024844720496894408 0.034530386740331494
0 0.12396480331262939 0.3152624309392265 0.028985507246376812 0.04005524861878453
0 0.06392339544513458 0.3477209944751381 0.029503105590062112 0.03660220994475138
0 0.33721532091097306 0.23756906077348067 0.035196687370600416 0.04558011049723757
0 0.6141304347826086 0.44785911602209943 0.033126293995859216 0.0462707182320442
0 0.614648033126294 0.4865331491712707 0.036231884057971016 0.04765193370165746
0 0.6092132505175983 0.511049723756906 0.037267080745341616 0.04350828729281768
0 0.6436335403726708 0.3560082872928177 0.03985507246376811 0.049723756906077346
0 0.6739130434782609 0.8615331491712708 0.03881987577639751 0.04765193370165746
0 0.7039337474120083 0.8939917127071824 0.03778467908902691 0.057320441988950276
0 0.7324016563146998 0.9040055248618785 0.03985507246376811 0.052486187845303865
0 0.8501552795031055 0.4958563535911602 0.03881987577639751 0.04834254143646409
0 0.8250517598343685 0.4299033149171271 0.029503105590062112 0.0393646408839779
0 0.8540372670807453 0.4326657458563536 0.027950310559006212 0.03867403314917127