0 0.7128801431127012 0.09865771812080537 0.04830053667262969 0.03422818791946309
0 0.7209302325581395 0.12751677852348994 0.044722719141323794 0.0348993288590604
0 0.7544722719141324 0.1714765100671141 0.052772808586762074 0.03758389261744966
0 0.7696779964221825 0.10771812080536913 0.05008944543828265 0.036241610738255034
0 0.7951699463327371 0.18154362416107384 0.044722719141323794 0.0348993288590604
0 0.6618962432915921 0.18892617449664428 0.05008944543828265 0.03355704697986577
0 0.6945438282647585 0.1976510067114094 0.04293381037567084 0.036241610738255034
0 0.6900715563506261 0.23187919463087248 0.0626118067978533 0.04563758389261745
0 0.5992844364937389 0.19463087248322147 0.05008944543828265 0.03691275167785235
0 0.590339892665474 0.2879194630872483 0.050983899821109124 0.03825503355704698
0 0.6645796064400715 0.30838926174496645 0.0518783542039356 0.040268456375838924
0 0.6542933810375671 0.2721476510067114 0.04561717352415027 0.032214765100671144
0 0.6243291592128801 0.2808724832214765 0.04293381037567084 0.02953020134228188
0 0.7280858676207513 0.2664429530201342 0.04203935599284436 0.03154362416107383
0 0.8009838998211091 0.38154362416107385 0.06440071556350627 0.0436241610738255
0 0.6377459749552773 0.37651006711409396 0.052772808586762074 0.03825503355704698
0 0.6355098389982111 0.41241610738255036 0.046511627906976744 0.03557046979865772
0 0.7280858676207513 0.4399328859060403 0.049194991055456175 0.03557046979865772
0 0.6663685152057245 0.48590604026845635 0.04382826475849732 0.03154362416107383
0 0.7289803220035778 0.47449664429530203 0.04114490161001789 0.03154362416107383
0 0.7772808586762076 0.4855704697986577 0.04114490161001789 0.03154362416107383
0 0.8300536672629696 0.48825503355704697 0.0518783542039356 0.03825503355704698
0 0.8559928443649374 0.5389261744966443 0.049194991055456175 0.03691275167785235
0 0.6511627906976745 0.5553691275167785 0.04203935599284436 0.030201342281879196
0 0.6976744186046512 0.5332214765100671 0.03577817531305903 0.028859060402684565
0 0.7258497316636852 0.5765100671140939 0.0259391771019678 0.019463087248322148
0 0.7839892665474061 0.6043624161073825 0.04025044722719141 0.027516778523489934
0 0.8555456171735242 0.6385906040268456 0.044722719141323794 0.032214765100671144
0 0.7991949910554562 0.6798657718120805 0.04114490161001789 0.030201342281879196
0 0.7419499105545617 0.7204697986577181 0.04114490161001789 0.028859060402684565
0 0.7983005366726297 0.7335570469798658 0.04114490161001789 0.028187919463087248
0 0.697227191413238 0.7630872483221477 0.05635062611806798 0.03959731543624161
0 0.7101967799642218 0.7530201342281879 0.04025044722719141 0.028859060402684565
0 0.6838103756708408 0.7721476510067115 0.04114490161001789 0.028859060402684565
0 0.7464221824686941 0.7788590604026846 0.03309481216457961 0.027516778523489934
0 0.7043828264758497 0.8781879194630873 0.04382826475849732 0.03087248322147651
0 0.8067978533094812 0.8926174496644296 0.044722719141323794 0.032214765100671144
0 0.855098389982111 0.785234899328859 0.038461538461538464 0.026845637583892617
0 0.8600178890876565 0.8171140939597316 0.03667262969588551 0.030201342281879196
0 0.9177101967799642 0.8489932885906041 0.04025044722719141 0.032214765100671144
0 0.9226296958855098 0.8174496644295302 0.029516994633273702 0.025503355704697986
0 0.9400715563506261 0.9503355704697987 0.038461538461538464 0.019463087248322148
0 0.710644007155635 0.9338926174496645 0.04382826475849732 0.028187919463087248
0 0.733005366726297 0.9580536912751678 0.038461538461538464 0.026174496644295303
0 0.14221824686940965 0.9328859060402684 0.04025044722719141 0.030201342281879196
0 0.11359570661896243 0.9439597315436241 0.04203935599284436 0.028859060402684565
0 0.07155635062611806 0.812751677852349 0.04025044722719141 0.03087248322147651
0 0.17933810375670842 0.7647651006711409 0.044722719141323794 0.032885906040268455
0 0.25 0.6661073825503355 0.04382826475849732 0.0348993288590604
0 0.2772808586762075 0.6073825503355704 0.049194991055456175 0.036241610738255034
0 0.27862254025044725 0.610738255033557 0.03041144901610018 0.024832214765100672
0 0.14087656529516995 0.42885906040268457 0.04561717352415027 0.03422818791946309
0 0.10778175313059034 0.4261744966442953 0.03398926654740608 0.024161073825503355
0 0.1592128801431127 0.35369127516778526 0.04203935599284436 0.030201342281879196
0 0.008050089445438283 0.32651006711409397 0.016100178890876567 0.030201342281879196
0 0.04964221824686941 0.3476510067114094 0.04382826475849732 0.02953020134228188
0 0.026833631484794274 0.6251677852348994 0.025044722719141325 0.049664429530201344
0 0.02101967799642218 0.613758389261745 0.012522361359570662 0.01879194630872483
0 0.0259391771019678 0.637248322147651 0.013416815742397137 0.020134228187919462
0 0.4414132379248658 0.9161073825503355 0.049194991055456175 0.03758389261744966
0 0.10420393559928444 0.9922818791946308 0.03667262969588551 0.015436241610738255
0 0.5567978533094812 0.6161073825503356 0.052772808586762074 0.03825503355704698
0 0.5304114490161002 0.5902684563758389 0.044722719141323794 0.032214765100671144
0 0.5254919499105546 0.535234899328859 0.03667262969588551 0.03154362416107383