0 0.8283173734610123 0.844434306569343 0.03556771545827633 0.040145985401459854
0 0.8344733242134063 0.8193430656934306 0.0280437756497948 0.032846715328467155
0 0.5540355677154583 0.9616788321167883 0.03283173734610123 0.03832116788321168
0 0.21956224350205197 0.9566605839416058 0.02667578659370725 0.03375912408759124
0 0.3177154582763338 0.8567518248175182 0.033515731874145006 0.041970802919708027
0 0.5311217510259918 0.7668795620437956 0.02667578659370725 0.030109489051094892
0 0.5615595075239398 0.6633211678832117 0.0280437756497948 0.03193430656934307
0 0.6173050615595075 0.6510036496350365 0.024623803009575923 0.032846715328467155
0 0.9233926128590971 0.6596715328467153 0.030779753761969904 0.03375912408759124
0 0.9422024623803009 0.6806569343065694 0.03488372093023256 0.0364963503649635
0 0.9931600547195623 0.46441605839416056 0.013679890560875513 0.03467153284671533
0 0.939124487004104 0.4333941605839416 0.03556771545827633 0.040145985401459854
0 0.9182626538987688 0.46852189781021897 0.02667578659370725 0.0364963503649635
0 0.9377564979480164 0.4822080291970803 0.024623803009575923 0.030109489051094892
0 0.9350205198358413 0.3777372262773723 0.024623803009575923 0.028284671532846715
0 0.4097127222982216 0.3635948905109489 0.030779753761969904 0.0364963503649635
0 0.08515731874145006 0.1259124087591241 0.02667578659370725 0.032846715328467155
0 0.006155950752393981 0.3795620437956204 0.012311901504787962 0.032846715328467155