0 0.14928057553956833 0.17340884573894283 0.03597122302158273 0.02535059331175836
0 0.14892086330935253 0.19741100323624594 0.033093525179856115 0.025889967637540454
0 0.13129496402877697 0.23570658036677455 0.039568345323741004 0.028047464940668825
0 0.10647482014388489 0.1871628910463862 0.03741007194244604 0.02750809061488673
0 0.10143884892086331 0.2483818770226537 0.033093525179856115 0.025889967637540454
0 0.2079136690647482 0.23867313915857605 0.038129496402877695 0.02481121898597627
0 0.1841726618705036 0.2494606256742179 0.03237410071942446 0.02750809061488673
0 0.19460431654676258 0.2758899676375405 0.046762589928057555 0.03398058252427184
0 0.2589928057553957 0.23624595469255663 0.03741007194244604 0.028047464940668825
0 0.28489208633093527 0.30852211434735705 0.038129496402877695 0.02912621359223301
0 0.2305755395683453 0.3333333333333333 0.03884892086330935 0.030204962243797196
0 0.23129496402877697 0.3036677454153182 0.034532374100719423 0.023732470334412083
0 0.2568345323741007 0.3069039913700108 0.03237410071942446 0.021574973031283712
0 0.17158273381294964 0.30771305285868394 0.031654676258992806 0.023732470334412083
0 0.13776978417266186 0.40668824163969797 0.04892086330935252 0.032362459546925564
0 0.2658273381294964 0.38403451995685006 0.04028776978417266 0.028586839266450916
0 0.27482014388489207 0.4120819848975189 0.034532374100719423 0.026429341963322545
0 0.20719424460431654 0.4444444444444444 0.03669064748201439 0.02696871628910464
0 0.2654676258992806 0.47357065803667747 0.033093525179856115 0.02319309600862999
0 0.2133093525179856 0.47195253505933116 0.03093525179856115 0.023732470334412083
0 0.1776978417266187 0.48624595469255666 0.03093525179856115 0.023732470334412083
0 0.1366906474820144 0.494336569579288 0.039568345323741004 0.028586839266450916
0 0.12661870503597122 0.5374865156418555 0.03669064748201439 0.02750809061488673
0 0.29136690647482016 0.5264293419633226 0.031654676258992806 0.022653721682847898
0 0.2503597122302158 0.5145631067961165 0.026618705035971222 0.021574973031283712
0 0.2370503597122302 0.552049622437972 0.019424460431654675 0.014563106796116505
0 0.19640287769784173 0.5806364617044228 0.030215827338129497 0.020496224379719527
0 0.14712230215827338 0.61596548004315 0.03381294964028777 0.023732470334412083
0 0.2 0.6418554476806904 0.03093525179856115 0.022653721682847898
0 0.2539568345323741 0.6674757281553398 0.03093525179856115 0.021574973031283712
0 0.2118705035971223 0.6841963322545846 0.03093525179856115 0.021035598705501618
0 0.2974820143884892 0.6957928802588996 0.04244604316546763 0.0296655879180151
0 0.28561151079136693 0.6893203883495146 0.030215827338129497 0.021574973031283712
0 0.3100719424460432 0.7014563106796117 0.03093525179856115 0.021574973031283712
0 0.26223021582733813 0.7141316073354909 0.02446043165467626 0.021035598705501618
0 0.31546762589928057 0.7874865156418555 0.033093525179856115 0.022653721682847898
0 0.23776978417266187 0.8106796116504854 0.03381294964028777 0.023732470334412083
0 0.1776978417266187 0.7313915857605178 0.02877697841726619 0.019956850053937433
0 0.1802158273381295 0.7572815533980582 0.027338129496402876 0.022653721682847898
0 0.14136690647482014 0.7891046386192018 0.029496402877697843 0.024271844660194174
0 0.13093525179856116 0.7645631067961165 0.022302158273381296 0.018878101402373247
0 0.1446043165467626 0.877562028047465 0.030215827338129497 0.025889967637540454
0 0.32230215827338127 0.8322545846817692 0.033093525179856115 0.020496224379719527
0 0.30935251798561153 0.8538295577130529 0.029496402877697843 0.019417475728155338
0 0.339568345323741 0.9266450916936354 0.03669064748201439 0.025889967637540454
0 0.23741007194244604 0.8985976267529665 0.026618705035971222 0.023732470334412083
0 0.19820143884892086 0.8829557713052859 0.025899280575539568 0.019956850053937433
0 0.6575539568345323 0.8902373247033442 0.03093525179856115 0.022653721682847898
0 0.770863309352518 0.7659115426105717 0.030215827338129497 0.022653721682847898
0 0.7956834532374101 0.7713052858683926 0.031654676258992806 0.021574973031283712
0 0.8017985611510792 0.6631607335490831 0.030215827338129497 0.02319309600862999
0 0.8661870503597122 0.6903991370010788 0.025179856115107913 0.024271844660194174
0 0.7071942446043166 0.6378101402373247 0.033093525179856115 0.024271844660194174
0 0.6309352517985611 0.5676914778856527 0.03237410071942446 0.025889967637540454
0 0.5974820143884892 0.5248112189859763 0.03669064748201439 0.02696871628910464
0 0.5971223021582733 0.5275080906148867 0.02302158273381295 0.018878101402373247
0 0.668705035971223 0.3681229773462783 0.03381294964028777 0.02535059331175836
0 0.6942446043165468 0.3621898597626753 0.025899280575539568 0.018338727076591153
0 0.6388489208633094 0.31094929881337646 0.031654676258992806 0.022653721682847898
0 0.7989208633093525 0.3122977346278317 0.02805755395683453 0.020496224379719527
0 0.8755395683453238 0.3384573894282632 0.031654676258992806 0.02319309600862999
0 0.7636690647482014 0.2707659115426106 0.03381294964028777 0.022114347357065803
0 0.7241007194244604 0.29341963322545844 0.033093525179856115 0.021574973031283712
0 0.8176258992805755 0.5091693635382956 0.053237410071942444 0.040992448759439054
0 0.8075539568345323 0.500269687162891 0.02158273381294964 0.015102481121898598
0 0.8284172661870504 0.5005393743257821 0.02302158273381295 0.016181229773462782
0 0.8089928057553957 0.5191477885652643 0.02302158273381295 0.016720604099244876
0 0.866546762589928 0.5369471413160734 0.031654676258992806 0.021574973031283712
0 0.989568345323741 0.6251348435814456 0.020863309352517987 0.022653721682847898
0 0.9280575539568345 0.593311758360302 0.030215827338129497 0.021574973031283712
0 0.8913669064748202 0.5320927723840345 0.026618705035971222 0.01779935275080906
0 0.9888489208633093 0.42340884573894283 0.014388489208633094 0.026429341963322545
0 0.9647482014388489 0.31526429341963325 0.03237410071942446 0.024271844660194174
0 0.9719424460431655 0.3346817691477886 0.03597122302158273 0.023732470334412083
0 0.9762589928057553 0.36272923408845736 0.03093525179856115 0.026429341963322545
0 0.5309352517985612 0.7872168284789643 0.03741007194244604 0.028047464940668825
0 0.8165467625899281 0.8149946062567421 0.03237410071942446 0.02481121898597627
0 0.37841726618705035 0.5636461704422869 0.04028776978417266 0.028586839266450916
0 0.39388489208633093 0.540453074433657 0.03381294964028777 0.023732470334412083
0 0.38669064748201437 0.4962243797195254 0.027338129496402876 0.023732470334412083