0 0.2344894968246214 0.5807291666666666 0.050806057645334635 0.05859375
0 0.27796775769418663 0.5533854166666666 0.043478260869565216 0.059244791666666664
0 0.2706399609184172 0.591796875 0.03957010258915486 0.048177083333333336
0 0.24523693209574987 0.6302083333333334 0.04592085979482169 0.050130208333333336
0 0.19443087445041524 0.619140625 0.04689789936492428 0.057291666666666664
0 0.16463116756228627 0.6399739583333334 0.0356619443087445 0.03515625
0 0.3126526624328285 0.7350260416666666 0.048851978505129456 0.06705729166666667
0 0.2633121641426478 0.7532552083333334 0.0449438202247191 0.052734375
0 0.2872496336101612 0.681640625 0.040058622374206154 0.04296875
0 0.25842696629213485 0.7096354166666666 0.06839276990718124 0.060546875
0 0.24425989252564728 0.69921875 0.04787493893502687 0.06770833333333333
0 0.21250610649731314 0.677734375 0.044455300439667805 0.053385416666666664
0 0.20468978993649242 0.7194010416666666 0.044455300439667805 0.0625
0 0.20908646800195407 0.4778645833333333 0.04396678065461651 0.046875
0 0.18124084025403028 0.4153645833333333 0.048851978505129456 0.061848958333333336
0 0.22081094284318514 0.4368489583333333 0.050806057645334635 0.061848958333333336
0 0.34147532975085493 0.4889322916666667 0.044455300439667805 0.06315104166666667
0 0.3390327308255984 0.5305989583333334 0.044455300439667805 0.05078125
0 0.33854421104054716 0.5807291666666666 0.038104543234000976 0.055338541666666664
0 0.31411822178798243 0.580078125 0.03419638495359062 0.050130208333333336
0 0.3102100635075721 0.3411458333333333 0.05862237420615535 0.06315104166666667
0 0.2525647288715193 0.3626302083333333 0.056179775280898875 0.06380208333333333
0 0.1978505129457743 0.3372395833333333 0.04738641914997557 0.06380208333333333
0 0.2804103566194431 0.4069010416666667 0.060576453346360526 0.07291666666666667
0 0.39863214460185636 0.46875 0.05471421592574499 0.07096354166666667
0 0.5197850512945774 0.3450520833333333 0.04152418172936004 0.050130208333333336
0 0.41621885686370297 0.22330729166666666 0.04836345872007816 0.06705729166666667
0 0.3815339521250611 0.24088541666666666 0.04396678065461651 0.061848958333333336
0 0.4855886663409868 0.13346354166666666 0.050806057645334635 0.06510416666666667
0 0.5329750854909624 0.18359375 0.04152418172936004 0.044921875
0 0.40937957987298484 0.08203125 0.040058622374206154 0.042317708333333336
0 0.462628236443576 0.08854166666666667 0.0361504640937958 0.030598958333333332
0 0.45578895945285786 0.10286458333333333 0.045432340009770394 0.05859375
0 0.4201270151441133 0.5833333333333334 0.04396678065461651 0.055989583333333336
0 0.4338055691255496 0.6666666666666666 0.039081582804103565 0.044921875
0 0.4025403028822667 0.7825520833333334 0.034684904738641914 0.048828125
0 0.3786028334147533 0.6946614583333334 0.06399609184171959 0.08333333333333333
0 0.3707865168539326 0.7174479166666666 0.04689789936492428 0.057942708333333336
0 0.5779189057156815 0.7408854166666666 0.046409379579872984 0.059895833333333336
0 0.67171470444553 0.7102864583333334 0.043478260869565216 0.050130208333333336
0 0.7083536883243772 0.7434895833333334 0.0537371763556424 0.0625
0 0.6375183194919394 0.8522135416666666 0.04201270151441133 0.05078125
0 0.5236932095749878 0.5794270833333334 0.046409379579872984 0.061848958333333336
0 0.7156814851001465 0.5162760416666666 0.05862237420615535 0.064453125
0 0.6595017098192477 0.5143229166666666 0.05276013678553981 0.06510416666666667
0 0.6966292134831461 0.2591145833333333 0.048851978505129456 0.057291666666666664
0 0.6634098680996581 0.26171875 0.03761602344894968 0.05859375
0 0.7523204689789936 0.17122395833333334 0.05813385442110405 0.06966145833333333
0 0.6956521739130435 0.18619791666666666 0.04298974108451392 0.060546875
0 0.8397655105031754 0.7154947916666666 0.051783097215437224 0.06510416666666667
0 0.8426966292134831 0.5846354166666666 0.0449438202247191 0.05078125
0 0.8602833414753297 0.4694010416666667 0.05031753786028334 0.060546875