0 0.391304347826087 0.8684895833333334 0.10552027357107963 0.08333333333333333
0 0.5559355153883733 0.6725260416666666 0.1270151441133366 0.10481770833333333
0 0.5999022960429897 0.5970052083333334 0.15046409379579873 0.12174479166666667
0 0.5647288715192965 0.615234375 0.09086468001954079 0.07486979166666667
0 0.6321446018563752 0.5859375 0.09770395701025891 0.07161458333333333
0 0.6448461162677088 0.505859375 0.09086468001954079 0.08268229166666667
0 0.6858817782120176 0.447265625 0.10991695163654128 0.08723958333333333
0 0.5613092330239374 0.46484375 0.09770395701025891 0.07421875
0 0.7449926722032242 0.2421875 0.09135319980459208 0.072265625
0 0.7879824132877381 0.20442708333333334 0.08500244259892525 0.0703125
0 0.5500732779677577 0.21354166666666666 0.09623839765510503 0.078125
0 0.4704445530043967 0.19921875 0.09233023937469467 0.07291666666666667
0 0.5212506106497313 0.2513020833333333 0.10405471421592574 0.083984375
0 0.5329750854909624 0.15950520833333334 0.08695652173913043 0.07096354166666667
0 0.5881778212017587 0.17708333333333334 0.08842208109428432 0.06640625
0 0.4333170493404983 0.294921875 0.08646800195407914 0.07161458333333333
0 0.3663898387884709 0.375 0.09965803615046409 0.080078125
0 0.36590131900341966 0.431640625 0.09184171958964338 0.07682291666666667
0 0.42745481191988277 0.423828125 0.07572056668295066 0.06510416666666667
0 0.4758182706399609 0.4440104166666667 0.08207132388861749 0.068359375
0 0.3981436248168051 0.6490885416666666 0.08597948216902784 0.0703125
0 0.3014167073766488 0.6341145833333334 0.07865168539325842 0.06315104166666667
0 0.28138739618954567 0.5911458333333334 0.07474352711284807 0.059244791666666664
0 0.30972154372252075 0.7591145833333334 0.07376648754274548 0.0625
0 0.09281875915974597 0.712890625 0.07572056668295066 0.06315104166666667
0 0.14606741573033707 0.5970052083333334 0.07425500732779677 0.06705729166666667
0 0.19491939423546653 0.4498697916666667 0.08891060087933561 0.06640625
0 0.1792867611138251 0.4772135416666667 0.06985832926233512 0.051432291666666664
0 0.1719589643380557 0.5104166666666666 0.060576453346360526 0.050130208333333336
0 0.3605276013678554 0.30078125 0.07865168539325842 0.07096354166666667