0 0.7435633367662204 0.12328296703296704 0.01596292481977343 0.020604395604395604
0 0.7546343975283213 0.1353021978021978 0.016992790937178166 0.020604395604395604
0 0.7250257466529351 0.19471153846153846 0.01596292481977343 0.019230769230769232
0 0.6740473738414006 0.22527472527472528 0.016992790937178166 0.019230769230769232
0 0.6797116374871267 0.16037087912087913 0.012358393408856848 0.013736263736263736
0 0.6650360453141092 0.16002747252747251 0.012358393408856848 0.016483516483516484
0 0.7072605561277034 0.12293956043956043 0.010813594232749742 0.012362637362637362
0 0.7636457260556128 0.16792582417582416 0.012358393408856848 0.01510989010989011
0 0.7749742533470649 0.1875 0.013903192584963954 0.017857142857142856
0 0.7028836251287333 0.25 0.01596292481977343 0.019230769230769232
0 0.6959320288362513 0.2287087912087912 0.015447991761071062 0.016483516483516484
0 0.7116374871266735 0.20570054945054944 0.013388259526261586 0.015796703296703296
0 0.3964984552008239 0.917239010989011 0.014933058702368692 0.018543956043956044
0 0.41014418125643665 0.9227335164835165 0.01132852729145211 0.014423076923076924
0 0.4140061791967044 0.935782967032967 0.01596292481977343 0.019230769230769232
0 0.3733264675592173 0.8688186813186813 0.012358393408856848 0.01510989010989011
0 0.3568486096807415 0.9532967032967034 0.014418125643666324 0.015796703296703296
0 0.358908341915551 0.9711538461538461 0.01184346035015448 0.014423076923076924
0 0.41735324407826985 0.8760302197802198 0.01596292481977343 0.019917582417582416
0 0.26364572605561276 0.8794642857142857 0.014418125643666324 0.017170329670329672
0 0.24279093717816683 0.8653846153846154 0.015447991761071062 0.019230769230769232
0 0.26441812564366635 0.8485576923076923 0.01132852729145211 0.014423076923076924
0 0.28038105046343975 0.836195054945055 0.015447991761071062 0.018543956043956044
0 0.3210607621009269 0.8011675824175825 0.018022657054582905 0.021291208791208792
0 0.2618434603501545 0.9529532967032966 0.009783728115345005 0.011675824175824176
0 0.24382080329557157 0.9350961538461539 0.01596292481977343 0.019230769230769232
0 0.27059732234809475 0.9416208791208791 0.01132852729145211 0.01304945054945055
0 0.28913491246138 0.9910714285714286 0.01596292481977343 0.017857142857142856
0 0.30561277033985584 0.9955357142857143 0.018022657054582905 0.008928571428571428
0 0.3262100926879506 0.970467032967033 0.016477857878475798 0.020604395604395604
0 0.2878475798146241 0.9488324175824175 0.012873326467559218 0.015796703296703296
0 0.23274974253347064 0.728021978021978 0.012873326467559218 0.016483516483516484
0 0.22657054582904224 0.7338598901098901 0.012873326467559218 0.015796703296703296
0 0.2059732234809475 0.7211538461538461 0.01132852729145211 0.013736263736263736
0 0.21472708547888775 0.6978021978021978 0.013388259526261586 0.017170329670329672
0 0.19644696189495364 0.6919642857142857 0.014418125643666324 0.016483516483516484
0 0.25102986611740474 0.6339285714285714 0.02059732234809475 0.02815934065934066
0 0.18975283213182287 0.760989010989011 0.010813594232749742 0.011675824175824176
0 0.17868177136972194 0.7503434065934066 0.01132852729145211 0.01304945054945055
0 0.23635427394438724 0.742445054945055 0.012873326467559218 0.014423076923076924
0 0.30020597322348097 0.7125686813186813 0.01596292481977343 0.018543956043956044
0 0.7788362512873327 0.6136675824175825 0.02008238928939238 0.024725274725274724
0 0.7796086508753862 0.6514423076923077 0.021112255406797117 0.024725274725274724
0 0.7873326467559217 0.689217032967033 0.017507723995880537 0.019917582417582416
0 0.842173017507724 0.6421703296703297 0.016477857878475798 0.019917582417582416
0 0.7031410916580845 0.5803571428571429 0.018022657054582905 0.019917582417582416
0 0.8439752832131823 0.3471840659340659 0.01905252317198764 0.022664835164835164
0 0.7641606591143152 0.35370879120879123 0.02265705458290422 0.027472527472527472
0 0.7211637487126673 0.31456043956043955 0.021112255406797117 0.024725274725274724
0 0.7984037075180227 0.25755494505494503 0.021627188465499485 0.024725274725274724
0 0.8035530381050463 0.2973901098901099 0.02059732234809475 0.022664835164835164
0 0.7613285272914521 0.6730769230769231 0.027806385169927908 0.034340659340659344
0 0.6431513903192585 0.6802884615384616 0.028836251287332648 0.03502747252747253
0 0.6194644696189495 0.7118818681318682 0.025231719876416064 0.030906593406593408
0 0.6385169927909372 0.7091346153846154 0.03038105046343975 0.036401098901098904
0 0.579557157569516 0.6136675824175825 0.02729145211122554 0.032280219780219783
0 0.5883110195674562 0.6380494505494505 0.03398558187435633 0.038461538461538464
0 0.5226570545829042 0.5003434065934066 0.026261585993820804 0.03159340659340659
0 0.5064366632337796 0.5116758241758241 0.03347064881565397 0.03914835164835165
0 0.15859938208032956 0.6270604395604396 0.037075180226570546 0.04532967032967033
0 0.11457260556127703 0.6201923076923077 0.03192584963954686 0.03777472527472527
0 0.49253347064881564 0.35233516483516486 0.025746652935118436 0.03159340659340659
0 0.49768280123583936 0.5271291208791209 0.02729145211122554 0.034340659340659344
0 0.05175077239958805 0.46291208791208793 0.02059732234809475 0.026785714285714284