0 0.1064712389380531 0.2039085545722714 0.011615044247787611 0.01327433628318584
0 0.1261061946902655 0.2614306784660767 0.015486725663716814 0.01991150442477876
0 0.10896017699115045 0.2459439528023599 0.013827433628318585 0.018436578171091445
0 0.18086283185840707 0.2806047197640118 0.016039823008849558 0.012536873156342183
0 0.18390486725663716 0.1902654867256637 0.012721238938053098 0.014749262536873156
0 0.15016592920353983 0.1541297935103245 0.013827433628318585 0.016224188790560472
0 0.14712389380530974 0.14491150442477876 0.019358407079646017 0.021386430678466076
0 0.1269358407079646 0.13348082595870206 0.011061946902654867 0.014749262536873156
0 0.14767699115044247 0.10250737463126844 0.011615044247787611 0.01327433628318584
0 0.11449115044247787 0.11762536873156341 0.014380530973451327 0.014749262536873156
0 0.15680309734513273 0.12094395280235988 0.011615044247787611 0.01327433628318584
0 0.1698008849557522 0.10508849557522124 0.017699115044247787 0.01991150442477876
0 0.7945243362831859 0.9465339233038348 0.023783185840707963 0.02728613569321534
0 0.8373893805309734 0.9277286135693216 0.01825221238938053 0.02359882005899705
0 0.8238384955752213 0.9339970501474927 0.01825221238938053 0.03023598820058997
0 0.754424778761062 0.9347345132743363 0.016592920353982302 0.02654867256637168
0 0.6861172566371682 0.9402654867256637 0.015486725663716814 0.02064896755162242
0 0.6769911504424779 0.9660766961651918 0.016039823008849558 0.024336283185840708
0 0.6501659292035398 0.9081858407079646 0.013827433628318585 0.016224188790560472
0 0.6631637168141593 0.8956489675516224 0.016039823008849558 0.016224188790560472
0 0.7016039823008849 0.8893805309734514 0.017699115044247787 0.02654867256637168
0 0.5188053097345132 0.9033923303834809 0.007743362831858407 0.014011799410029498
0 0.5129977876106194 0.9037610619469026 0.0055309734513274336 0.008849557522123894
0 0.5110619469026548 0.9137168141592921 0.008849557522123894 0.012536873156342183
0 0.46985619469026546 0.9834070796460177 0.011615044247787611 0.014011799410029498
0 0.4112278761061947 0.9295722713864307 0.007743362831858407 0.012536873156342183
0 0.4156526548672566 0.9623893805309734 0.007743362831858407 0.012536873156342183
0 0.42920353982300885 0.9782448377581121 0.008849557522123894 0.011799410029498525
0 0.4834070796460177 0.9140855457227138 0.007743362831858407 0.01032448377581121
0 0.4798119469026549 0.8856932153392331 0.007743362831858407 0.01032448377581121
0 0.4563053097345133 0.9026548672566371 0.007743362831858407 0.009587020648967551
0 0.41620575221238937 0.6556047197640118 0.009402654867256638 0.014749262536873156
0 0.4153761061946903 0.6707227138643068 0.012168141592920354 0.011799410029498525
0 0.4198008849557522 0.7035398230088495 0.008849557522123894 0.014011799410029498
0 0.46819690265486724 0.6146755162241888 0.012168141592920354 0.011061946902654867
0 0.3974004424778761 0.4564896755162242 0.010508849557522125 0.012536873156342183
0 0.24778761061946902 0.16187315634218288 0.011061946902654867 0.01991150442477876
0 0.23783185840707965 0.16297935103244837 0.009402654867256638 0.014749262536873156
0 0.14325221238938052 0.48672566371681414 0.022123893805309734 0.029498525073746312
0 0.1963495575221239 0.575589970501475 0.017699115044247787 0.02064896755162242
0 0.2491703539823009 0.8650442477876106 0.013827433628318585 0.02064896755162242
0 0.25331858407079644 0.8399705014749262 0.01327433628318584 0.017699115044247787
0 0.19247787610619468 0.8517699115044248 0.011615044247787611 0.014749262536873156
0 0.17228982300884957 0.9911504424778761 0.013827433628318585 0.017699115044247787
0 0.21183628318584072 0.9240412979351033 0.011061946902654867 0.017699115044247787
0 0.2646570796460177 0.918141592920354 0.011615044247787611 0.014749262536873156
0 0.25442477876106195 0.9133480825958702 0.013827433628318585 0.018436578171091445
0 0.24363938053097345 0.9089233038348082 0.009402654867256638 0.014749262536873156
0 0.2541482300884956 0.9959439528023599 0.010508849557522125 0.008112094395280236
0 0.20464601769911506 0.9690265486725663 0.01327433628318584 0.02064896755162242
0 0.2215154867256637 0.9889380530973452 0.019358407079646017 0.022123893805309734
0 0.22040929203539822 0.9845132743362832 0.007743362831858407 0.01032448377581121
0 0.6664823008849557 0.6308997050147492 0.013827433628318585 0.022123893805309734
0 0.6883296460176991 0.6556047197640118 0.015486725663716814 0.021386430678466076
0 0.6803097345132744 0.700589970501475 0.015486725663716814 0.018436578171091445
0 0.6969026548672567 0.7020648967551623 0.017699115044247787 0.022861356932153392
0 0.6529314159292036 0.7813421828908554 0.017146017699115043 0.022861356932153392
0 0.6858407079646017 0.7879793510324484 0.017699115044247787 0.02064896755162242
0 0.7524889380530974 0.7595870206489675 0.016592920353982302 0.018436578171091445
0 0.2831858407079646 0.5726401179941003 0.02157079646017699 0.024336283185840708
0 0.2936946902654867 0.5940265486725663 0.025442477876106196 0.032448377581120944
0 0.25995575221238937 0.5844395280235988 0.024336283185840708 0.033185840707964605
0 0.26382743362831856 0.6471238938053098 0.029867256637168143 0.033185840707964605
0 0.19966814159292035 0.653023598820059 0.025995575221238937 0.033185840707964605
0 0.206858407079646 0.6943215339233039 0.025995575221238937 0.035398230088495575
0 0.2560840707964602 0.7009587020648967 0.030420353982300884 0.03982300884955752
0 0.23313053097345132 0.7098082595870207 0.025442477876106196 0.036135693215339236
0 0.2488938053097345 0.6703539823008849 0.02157079646017699 0.03023598820058997
0 0.22676991150442477 0.661504424778761 0.02654867256637168 0.036135693215339236
0 0.27876106194690264 0.532448377581121 0.029867256637168143 0.03687315634218289
0 0.1866703539823009 0.4797197640117994 0.023230088495575223 0.03392330383480826
0 0.3398783185840708 0.4786135693215339 0.030973451327433628 0.04129793510324484
0 0.8357300884955752 0.11541297935103245 0.016039823008849558 0.019174041297935103
0 0.7751659292035398 0.16371681415929204 0.016039823008849558 0.02064896755162242
0 0.7549778761061947 0.17994100294985252 0.016039823008849558 0.022123893805309734
0 0.8877212389380531 0.13495575221238937 0.017699115044247787 0.02654867256637168
0 0.9258849557522124 0.04498525073746313 0.013827433628318585 0.01991150442477876
0 0.9695796460176991 0.04092920353982301 0.015486725663716814 0.017699115044247787
0 0.9507743362831859 0.0778023598820059 0.012168141592920354 0.016224188790560472
0 0.7566371681415929 0.49889380530973454 0.016039823008849558 0.022123893805309734
0 0.7433628318584071 0.5202802359882006 0.01825221238938053 0.02728613569321534
0 0.6515486725663717 0.5663716814159292 0.02101769911504425 0.025073746312684365
0 0.6451880530973452 0.4797197640117994 0.017146017699115043 0.022861356932153392