0 0.06464530892448513 0.19016768292682926 0.016018306636155607 0.023628048780487805
0 0.14816933638443935 0.29077743902439024 0.017734553775743706 0.021341463414634148
0 0.12128146453089245 0.09641768292682927 0.015446224256292907 0.019817073170731708
0 0.9239130434782609 0.22827743902439024 0.03260869565217391 0.037347560975609755
0 0.8066361556064073 0.5358231707317073 0.034324942791762014 0.041158536585365856
0 0.7740274599542334 0.9714176829268293 0.02803203661327231 0.03048780487804878
0 0.6810640732265446 0.9923780487804879 0.01887871853546911 0.01524390243902439
0 0.06779176201372998 0.7755335365853658 0.036613272311212815 0.04954268292682927
0 0.07866132723112128 0.7027439024390244 0.020594965675057208 0.026676829268292682
0 0.1398741418764302 0.7621951219512195 0.03032036613272311 0.039634146341463415
0 0.11956521739130435 0.8357469512195121 0.031464530892448515 0.040396341463414635
0 0.10011441647597254 0.8353658536585366 0.03032036613272311 0.04496951219512195
0 0.014016018306636156 0.8166920731707317 0.02745995423340961 0.037347560975609755
0 0.08152173913043478 0.8669969512195121 0.032036613272311214 0.041158536585365856
0 0.16475972540045766 0.8521341463414634 0.03718535469107551 0.04649390243902439
0 0.028604118993135013 0.8601371951219512 0.02917620137299771 0.023628048780487805
0 0.004576659038901602 0.834984756097561 0.009153318077803204 0.037347560975609755
0 0.05062929061784897 0.864329268292683 0.02917620137299771 0.028201219512195123
0 0.19879862700228834 0.8727134146341463 0.03718535469107551 0.04573170731707317
0 0.09153318077803203 0.651295731707317 0.020594965675057208 0.028201219512195123
0 0.14016018306636155 0.5769817073170732 0.02803203661327231 0.03353658536585366
0 0.13787185354691076 0.6013719512195121 0.021739130434782608 0.026676829268292682
0 0.142162471395881 0.359375 0.020594965675057208 0.025914634146341462
0 0.2823226544622426 0.4016768292682927 0.030892448512585814 0.036585365853658534
0 0.2654462242562929 0.42301829268292684 0.02002288329519451 0.021341463414634148
0 0.25772311212814647 0.22827743902439024 0.016018306636155607 0.022865853658536585
0 0.44651029748283755 0.8894817073170732 0.016018306636155607 0.023628048780487805
0 0.42505720823798626 0.9127286585365854 0.017162471395881007 0.023628048780487805
0 0.45080091533180777 0.9698932926829268 0.019450800915331808 0.026676829268292682
0 0.5689359267734554 0.9020579268292683 0.017734553775743706 0.026676829268292682
0 0.6370137299771167 0.8807164634146342 0.017162471395881007 0.021341463414634148
0 0.568649885583524 0.9676067073170732 0.016590389016018305 0.021341463414634148
0 0.5943935926773455 0.9340701219512195 0.02517162471395881 0.03048780487804878
0 0.659324942791762 0.9946646341463414 0.017734553775743706 0.010670731707317074
0 0.579233409610984 0.9546493902439024 0.018306636155606407 0.024390243902439025
0 0.19965675057208238 0.6703506097560976 0.030892448512585814 0.038871951219512195
0 0.19908466819221968 0.6977896341463414 0.03489702517162471 0.04496951219512195
0 0.8904462242562929 0.6653963414634146 0.04290617848970252 0.054878048780487805
0 0.8509725400457666 0.5823170731707317 0.02803203661327231 0.041158536585365856
0 0.8232265446224256 0.44359756097560976 0.028604118993135013 0.038871951219512195
0 0.8867276887871853 0.3254573170731707 0.03260869565217391 0.04496951219512195
0 0.9519450800915332 0.3643292682926829 0.033752860411899316 0.041158536585365856
0 0.6533180778032036 0.22865853658536586 0.039473684210526314 0.051829268292682924
0 0.3412471395881007 0.44664634146341464 0.03775743707093822 0.052591463414634144
0 0.33981693363844395 0.4889481707317073 0.041189931350114416 0.054115853658536585
0 0.34496567505720827 0.5163871951219512 0.041762013729977114 0.04954268292682927
0 0.31178489702517165 0.3433689024390244 0.04519450800915332 0.056402439024390245
0 0.26344393592677345 0.8997713414634146 0.043478260869565216 0.054115853658536585
0 0.23197940503432493 0.9180640243902439 0.03775743707093822 0.03429878048780488
0 0.07951945080091533 0.4870426829268293 0.044050343249427915 0.054878048780487805
0 0.10898169336384439 0.41577743902439024 0.033752860411899316 0.04496951219512195
0 0.07694508009153318 0.4176829268292683 0.032036613272311214 0.04344512195121951