0 0.6572265625 0.533203125 0.02294921875 0.0234375
0 0.640625 0.5390625 0.0185546875 0.018229166666666668
0 0.654296875 0.59765625 0.0224609375 0.022786458333333332
0 0.6640625 0.5891927083333334 0.01904296875 0.01953125
0 0.134765625 0.5403645833333334 0.0146484375 0.014973958333333334
0 0.1748046875 0.560546875 0.0126953125 0.013020833333333334
0 0.17041015625 0.5260416666666666 0.0107421875 0.010416666666666666
0 0.1533203125 0.5748697916666666 0.01123046875 0.01171875
0 0.20654296875 0.5104166666666666 0.01171875 0.01171875
0 0.31689453125 0.77734375 0.0107421875 0.011067708333333334
0 0.3193359375 0.7630208333333334 0.00927734375 0.009765625
0 0.306640625 0.7610677083333334 0.0107421875 0.010416666666666666
0 0.31591796875 0.7545572916666666 0.0107421875 0.010416666666666666
0 0.36767578125 0.7174479166666666 0.0126953125 0.012369791666666666
0 0.40576171875 0.7604166666666666 0.01025390625 0.010416666666666666
0 0.33740234375 0.8092447916666666 0.01318359375 0.013671875
0 0.36279296875 0.8444010416666666 0.0166015625 0.016276041666666668
0 0.3994140625 0.8359375 0.01171875 0.01171875
0 0.43994140625 0.8059895833333334 0.01318359375 0.013020833333333334
0 0.4716796875 0.83203125 0.0166015625 0.016927083333333332
0 0.41845703125 0.845703125 0.013671875 0.013671875
0 0.4140625 0.8665364583333334 0.0087890625 0.008463541666666666
0 0.38720703125 0.8723958333333334 0.02099609375 0.021484375
0 0.59228515625 0.666015625 0.01025390625 0.010416666666666666
0 0.583984375 0.7005208333333334 0.01318359375 0.013020833333333334
0 0.599609375 0.7024739583333334 0.01123046875 0.011067708333333334
0 0.595703125 0.693359375 0.01123046875 0.01171875
0 0.5712890625 0.6731770833333334 0.0126953125 0.013020833333333334
0 0.5185546875 0.6985677083333334 0.01318359375 0.013020833333333334
0 0.65185546875 0.662109375 0.01123046875 0.011067708333333334
0 0.65771484375 0.6627604166666666 0.0224609375 0.022135416666666668
0 0.6708984375 0.6595052083333334 0.0107421875 0.011067708333333334
0 0.666015625 0.6490885416666666 0.0126953125 0.013020833333333334
0 0.68505859375 0.6451822916666666 0.02880859375 0.029296875
0 0.72607421875 0.6126302083333334 0.015625 0.016276041666666668
0 0.70556640625 0.6315104166666666 0.02392578125 0.0234375
0 0.71044921875 0.6276041666666666 0.00830078125 0.008463541666666666
0 0.6904296875 0.6243489583333334 0.025390625 0.025390625
0 0.86572265625 0.4895833333333333 0.01513671875 0.014973958333333334
0 0.8818359375 0.482421875 0.01904296875 0.01953125
0 0.87109375 0.48046875 0.00927734375 0.009114583333333334
0 0.87890625 0.4622395833333333 0.01806640625 0.018229166666666668
0 0.865234375 0.462890625 0.0126953125 0.013020833333333334
0 0.86083984375 0.4303385416666667 0.0205078125 0.020182291666666668
0 0.8330078125 0.4557291666666667 0.021484375 0.021484375
0 0.83447265625 0.498046875 0.0146484375 0.014322916666666666
0 0.828125 0.5091145833333334 0.015625 0.015625
0 0.76953125 0.451171875 0.01123046875 0.01171875
0 0.7685546875 0.4251302083333333 0.01025390625 0.010416666666666666
0 0.8046875 0.3587239583333333 0.009765625 0.009765625
0 0.857421875 0.41015625 0.00927734375 0.009765625
0 0.7490234375 0.2903645833333333 0.01708984375 0.017578125
0 0.69775390625 0.3274739583333333 0.009765625 0.009765625
0 0.7119140625 0.3736979166666667 0.013671875 0.013671875
0 0.66064453125 0.40234375 0.0224609375 0.022135416666666668
0 0.7568359375 0.3098958333333333 0.013671875 0.013671875
0 0.7802734375 0.328125 0.013671875 0.013671875
0 0.75048828125 0.34765625 0.013671875 0.013671875
0 0.77001953125 0.3229166666666667 0.01123046875 0.01171875
0 0.54931640625 0.212890625 0.0146484375 0.014973958333333334
0 0.5703125 0.197265625 0.01220703125 0.012369791666666666
0 0.5673828125 0.21744791666666666 0.01123046875 0.01171875
0 0.55810546875 0.224609375 0.01318359375 0.013671875
0 0.59765625 0.16015625 0.01123046875 0.01171875
0 0.57763671875 0.162109375 0.01220703125 0.012369791666666666
0 0.5634765625 0.169921875 0.01220703125 0.012369791666666666
0 0.4970703125 0.177734375 0.01123046875 0.01171875
0 0.2490234375 0.3938802083333333 0.01220703125 0.012369791666666666
0 0.220703125 0.388671875 0.01318359375 0.013671875
0 0.23486328125 0.4029947916666667 0.01416015625 0.014322916666666666
0 0.6826171875 0.4361979166666667 0.0234375 0.0234375
0 0.6689453125 0.37890625 0.0205078125 0.020833333333333332
0 0.689453125 0.3776041666666667 0.0205078125 0.020833333333333332
0 0.53515625 0.4954427083333333 0.01318359375 0.013671875
0 0.5078125 0.3157552083333333 0.01220703125 0.012369791666666666
0 0.505859375 0.2916666666666667 0.01318359375 0.013671875
0 0.5146484375 0.275390625 0.01611328125 0.016276041666666668
0 0.4951171875 0.24153645833333334 0.013671875 0.014322916666666666
0 0.451171875 0.22135416666666666 0.0126953125 0.012369791666666666
0 0.435546875 0.22330729166666666 0.015625 0.016276041666666668
0 0.486328125 0.20963541666666666 0.01318359375 0.013020833333333334
0 0.52734375 0.234375 0.01416015625 0.014322916666666666
0 0.54638671875 0.22786458333333334 0.01611328125 0.016276041666666668
0 0.5859375 0.23307291666666666 0.01318359375 0.013020833333333334
0 0.6171875 0.22786458333333334 0.01220703125 0.012369791666666666
0 0.60791015625 0.22526041666666666 0.01513671875 0.015625
0 0.63427734375 0.234375 0.01416015625 0.014322916666666666
0 0.63623046875 0.2858072916666667 0.01904296875 0.01953125
0 0.64013671875 0.271484375 0.0146484375 0.014973958333333334