0 0.13108407079646017 0.19911504424778761 0.012168141592920354 0.012536873156342183
0 0.12002212389380532 0.17920353982300885 0.008849557522123894 0.008849557522123894
0 0.11061946902654868 0.18657817109144542 0.00995575221238938 0.008849557522123894
0 0.11891592920353983 0.24705014749262535 0.008849557522123894 0.014011799410029498
0 0.15265486725663716 0.32079646017699115 0.012168141592920354 0.01327433628318584
0 0.16924778761061948 0.2411504424778761 0.00995575221238938 0.012536873156342183
0 0.12831858407079647 0.30973451327433627 0.00995575221238938 0.014011799410029498
0 0.23838495575221239 0.2949852507374631 0.011615044247787611 0.01696165191740413
0 0.21515486725663716 0.2345132743362832 0.011061946902654867 0.012536873156342183
0 0.16316371681415928 0.16445427728613568 0.010508849557522125 0.011799410029498525
0 0.16648230088495575 0.19542772861356933 0.014380530973451327 0.01327433628318584
0 0.7422566371681416 0.915929203539823 0.011061946902654867 0.014011799410029498
0 0.7892699115044248 0.9033923303834809 0.011615044247787611 0.014011799410029498
0 0.7311946902654868 0.948377581120944 0.008849557522123894 0.011061946902654867
0 0.7505530973451328 0.9424778761061947 0.00995575221238938 0.011799410029498525
0 0.7461283185840708 0.9712389380530974 0.008296460176991151 0.009587020648967551
0 0.7206858407079646 0.9424778761061947 0.008296460176991151 0.01032448377581121
0 0.7162610619469026 0.9328908554572272 0.007190265486725664 0.011061946902654867
0 0.6819690265486725 0.9365781710914455 0.011061946902654867 0.014011799410029498
0 0.691924778761062 0.967551622418879 0.008296460176991151 0.008112094395280236
0 0.5099557522123894 0.38716814159292035 0.018805309734513276 0.022861356932153392
0 0.5337389380530974 0.4107669616519174 0.017699115044247787 0.021386430678466076
0 0.4928097345132743 0.43805309734513276 0.017146017699115043 0.02359882005899705
0 0.4778761061946903 0.43805309734513276 0.018805309734513276 0.02728613569321534
0 0.3993362831858407 0.8480825958702065 0.011615044247787611 0.011061946902654867
0 0.3407079646017699 0.8237463126843658 0.008849557522123894 0.01327433628318584
0 0.3252212389380531 0.7352507374631269 0.008296460176991151 0.011799410029498525
0 0.42920353982300885 0.415929203539823 0.016592920353982302 0.022861356932153392
0 0.43473451327433627 0.4092920353982301 0.007190265486725664 0.011799410029498525
0 0.4286504424778761 0.41297935103244837 0.008296460176991151 0.008849557522123894
0 0.4258849557522124 0.42330383480825956 0.012721238938053098 0.014749262536873156
0 0.2245575221238938 0.27359882005899705 0.00995575221238938 0.011061946902654867
0 0.2234513274336283 0.3001474926253687 0.008296460176991151 0.012536873156342183
0 0.23396017699115043 0.31710914454277284 0.008849557522123894 0.008112094395280236
0 0.18418141592920353 0.38200589970501475 0.014933628318584071 0.01696165191740413
0 0.2140486725663717 0.38200589970501475 0.011615044247787611 0.01696165191740413
0 0.17975663716814158 0.42404129793510326 0.011061946902654867 0.01327433628318584
0 0.18694690265486727 0.6438053097345132 0.015486725663716814 0.025073746312684365
0 0.16648230088495575 0.278023598820059 0.012721238938053098 0.01991150442477876
0 0.1863938053097345 0.29572271386430676 0.007190265486725664 0.011799410029498525
0 0.3407079646017699 0.3746312684365782 0.018805309734513276 0.022123893805309734
0 0.36504424778761063 0.387905604719764 0.017146017699115043 0.02064896755162242
0 0.35232300884955753 0.4365781710914454 0.017146017699115043 0.022123893805309734
0 0.4004424778761062 0.3952802359882006 0.013827433628318585 0.014749262536873156
0 0.39767699115044247 0.4837758112094395 0.015486725663716814 0.022123893805309734
0 0.4375 0.43436578171091444 0.011615044247787611 0.01696165191740413
0 0.37223451327433627 0.637905604719764 0.013827433628318585 0.016224188790560472
0 0.3561946902654867 0.6799410029498525 0.019358407079646017 0.01991150442477876
0 0.5503318584070797 0.5110619469026548 0.012721238938053098 0.01696165191740413
0 0.5707964601769911 0.6209439528023599 0.011615044247787611 0.014749262536873156
0 0.1720132743362832 0.5907079646017699 0.024889380530973452 0.03171091445427729
0 0.20464601769911506 0.6017699115044248 0.023230088495575223 0.025811209439528023
0 0.1454646017699115 0.577433628318584 0.016039823008849558 0.022861356932153392
0 0.1515486725663717 0.6364306784660767 0.016592920353982302 0.02064896755162242
0 0.16482300884955753 0.6629793510324484 0.01825221238938053 0.025073746312684365
0 0.12997787610619468 0.6526548672566371 0.018805309734513276 0.028761061946902654