0 0.8772727272727273 0.1074313408723748 0.016363636363636365 0.016962843295638127
0 0.96 0.14822294022617125 0.015151515151515152 0.014539579967689823
0 0.8918181818181818 0.20638126009693053 0.02 0.017770597738287562
0 0.9593939393939394 0.1991114701130856 0.01575757575757576 0.015347334410339256
0 0.15424242424242424 0.5621970920840065 0.01696969696969697 0.01615508885298869
0 0.1606060606060606 0.6159127625201939 0.017575757575757574 0.01615508885298869
0 0.12151515151515152 0.5415993537964459 0.012727272727272728 0.012924071082390954
0 0.12484848484848485 0.5638126009693053 0.013939393939393939 0.014539579967689823
0 0.09545454545454546 0.5504846526655897 0.012121212121212121 0.012116316639741519
0 0.13 0.5323101777059773 0.012727272727272728 0.012116316639741519
0 0.1403030303030303 0.5294830371567044 0.012727272727272728 0.011308562197092083
0 0.14242424242424243 0.49192245557350567 0.017575757575757574 0.01615508885298869
0 0.10818181818181818 0.4939418416801292 0.010303030303030303 0.011308562197092083
0 0.7515151515151515 0.46890145395799676 0.02727272727272727 0.02665589660743134
0 0.723030303030303 0.4878836833602585 0.025454545454545455 0.025040387722132473
0 0.6996969696969697 0.43618739903069464 0.028484848484848484 0.025040387722132473
0 0.7024242424242424 0.420032310177706 0.03212121212121212 0.02827140549273021
0 0.28 0.21647819063004847 0.013333333333333334 0.01615508885298869
0 0.3148484848484848 0.1611470113085622 0.015151515151515152 0.013731825525040387
0 0.4112121212121212 0.17003231017770598 0.013939393939393939 0.012116316639741519
0 0.7336363636363636 0.37479806138933763 0.02727272727272727 0.025040387722132473
0 0.74 0.38287560581583197 0.013939393939393939 0.011308562197092083
0 0.7369696969696969 0.37479806138933763 0.011515151515151515 0.011308562197092083
0 0.7260606060606061 0.3683360258481422 0.01818181818181818 0.017770597738287562
0 0.916969696969697 0.19789983844911146 0.013333333333333334 0.014539579967689823
0 0.8884848484848484 0.1890145395799677 0.015151515151515152 0.012924071082390954
0 0.8690909090909091 0.19507269789983844 0.009696969696969697 0.012116316639741519
0 0.8072727272727273 0.12277867528271405 0.020606060606060607 0.0210016155088853
0 0.803030303030303 0.15468497576736673 0.020606060606060607 0.017770597738287562
0 0.7642424242424243 0.10581583198707593 0.016363636363636365 0.01615508885298869
0 0.5296969696969697 0.049273021001615507 0.02909090909090909 0.024232633279483037
0 0.9209090909090909 0.13449111470113084 0.024242424242424242 0.01938610662358643
0 0.899090909090909 0.15064620355411953 0.013939393939393939 0.011308562197092083
0 0.7909090909090909 0.2924071082390953 0.02666666666666667 0.02665589660743134
0 0.7730303030303031 0.31381260096930536 0.02484848484848485 0.024232633279483037
0 0.7242424242424242 0.2859450726978998 0.02666666666666667 0.025040387722132473
0 0.76 0.34975767366720517 0.01818181818181818 0.01938610662358643
0 0.6666666666666666 0.3210823909531502 0.026060606060606062 0.023424878836833602
0 0.7127272727272728 0.3784329563812601 0.02 0.017770597738287562
0 0.5078787878787879 0.2495961227786753 0.02 0.020193861066235864
0 0.46484848484848484 0.2193053311793215 0.02484848484848485 0.02665589660743134
0 0.6136363636363636 0.4761712439418417 0.020606060606060607 0.018578352180936994
0 0.49424242424242426 0.46526655896607433 0.01818181818181818 0.01615508885298869
0 0.5887878787878787 0.048465266558966075 0.038181818181818185 0.036348949919224556
0 0.5718181818181818 0.08037156704361874 0.03151515151515152 0.03231017770597738
0 0.6063636363636363 0.025848142164781908 0.02666666666666667 0.020193861066235864
0 0.5436363636363636 0.013731825525040387 0.025454545454545455 0.023424878836833602
0 0.5133333333333333 0.01978998384491115 0.030303030303030304 0.02665589660743134