0 0.8076171875 0.12565104166666666 0.01123046875 0.010416666666666666
0 0.82470703125 0.11588541666666667 0.00830078125 0.0078125
0 0.81787109375 0.107421875 0.00830078125 0.008463541666666666
0 0.76513671875 0.115234375 0.01220703125 0.0078125
0 0.701171875 0.14518229166666666 0.01171875 0.010416666666666666
0 0.771484375 0.15885416666666666 0.01123046875 0.009114583333333334
0 0.7109375 0.12369791666666667 0.01220703125 0.009114583333333334
0 0.72509765625 0.22005208333333334 0.0146484375 0.010416666666666666
0 0.77734375 0.19921875 0.01123046875 0.009765625
0 0.837890625 0.15299479166666666 0.01025390625 0.009114583333333334
0 0.81103515625 0.15625 0.01171875 0.012369791666666666
0 0.1884765625 0.6653645833333334 0.01220703125 0.009765625
0 0.2001953125 0.7063802083333334 0.0126953125 0.009765625
0 0.16015625 0.65625 0.00927734375 0.0078125
0 0.16552734375 0.6731770833333334 0.01025390625 0.009114583333333334
0 0.140625 0.6692708333333334 0.0087890625 0.007161458333333333
0 0.16552734375 0.6471354166666666 0.00927734375 0.007161458333333333
0 0.17333984375 0.642578125 0.00927734375 0.006510416666666667
0 0.17041015625 0.6126302083333334 0.0126953125 0.009765625
0 0.1435546875 0.6217447916666666 0.00732421875 0.007161458333333333
0 0.6474609375 0.4583333333333333 0.02001953125 0.016276041666666668
0 0.62744140625 0.4798177083333333 0.0185546875 0.015625
0 0.6025390625 0.4440104166666667 0.02099609375 0.014973958333333334
0 0.6025390625 0.4309895833333333 0.02392578125 0.016276041666666668
0 0.244140625 0.3645833333333333 0.00927734375 0.010416666666666666
0 0.2646484375 0.3131510416666667 0.01123046875 0.0078125
0 0.341796875 0.298828125 0.01025390625 0.007161458333333333
0 0.62158203125 0.3880208333333333 0.02001953125 0.014973958333333334
0 0.62744140625 0.3932291666666667 0.01025390625 0.006510416666666667
0 0.6240234375 0.3873697916666667 0.00830078125 0.007161458333333333
0 0.61474609375 0.384765625 0.01318359375 0.011067708333333334
0 0.74365234375 0.20768229166666666 0.009765625 0.009114583333333334
0 0.72021484375 0.20703125 0.01123046875 0.007161458333333333
0 0.70556640625 0.21614583333333334 0.0068359375 0.0078125
0 0.64794921875 0.17317708333333334 0.01513671875 0.013020833333333334
0 0.6484375 0.19921875 0.01513671875 0.010416666666666666
0 0.61181640625 0.16927083333333334 0.01171875 0.009765625
0 0.419921875 0.17708333333333334 0.02197265625 0.013671875
0 0.73876953125 0.15690104166666666 0.01806640625 0.011067708333333334
0 0.7236328125 0.17447916666666666 0.01025390625 0.006510416666666667
0 0.65625 0.310546875 0.01953125 0.016276041666666668
0 0.64501953125 0.3313802083333333 0.01806640625 0.014973958333333334
0 0.60302734375 0.3203125 0.01953125 0.014973958333333334
0 0.63916015625 0.3626302083333333 0.01318359375 0.012369791666666666
0 0.56201171875 0.3606770833333333 0.01904296875 0.013671875
0 0.60546875 0.3958333333333333 0.0146484375 0.010416666666666666
0 0.427734375 0.33984375 0.0146484375 0.012369791666666666
0 0.39013671875 0.3255208333333333 0.017578125 0.016927083333333332
0 0.53955078125 0.4947916666666667 0.01513671875 0.011067708333333334
0 0.4443359375 0.5130208333333334 0.01318359375 0.009765625
0 0.46630859375 0.16341145833333334 0.02783203125 0.022135416666666668
0 0.45703125 0.19205729166666666 0.02294921875 0.020182291666666668
0 0.4775390625 0.13997395833333334 0.02001953125 0.014322916666666666
0 0.42626953125 0.14583333333333334 0.0185546875 0.014322916666666666
0 0.4033203125 0.15755208333333334 0.0224609375 0.015625
0 0.412109375 0.126953125 0.025390625 0.016927083333333332