0 0.4014227642276423 0.97875226039783 0.10094850948509485 0.042495479204339964
0 0.43766937669376693 0.9416817359855335 0.08401084010840108 0.1166365280289331
0 0.5548780487804879 0.9828209764918626 0.07249322493224933 0.0325497287522604
0 0.3255420054200542 0.6460216998191681 0.0921409214092141 0.13110307414104883
0 0.6205962059620597 0.6383363471971067 0.07791327913279132 0.12929475587703435
0 0.03421409214092141 0.6518987341772152 0.06029810298102981 0.11573236889692586
0 0.2513550135501355 0.3829113924050633 0.06707317073170732 0.08499095840867993
0 0.8428184281842819 0.13698010849909584 0.06978319783197832 0.0922242314647378
0 0.7774390243902439 0.15415913200723327 0.06300813008130081 0.08227848101265822
0 0.6622628726287263 0.056962025316455694 0.08130081300813008 0.0949367088607595
0 0.47289972899729 0.057414104882459314 0.07926829268292683 0.07414104882459313
0 0.43597560975609756 0.12160940325497288 0.07046070460704607 0.09584086799276673
0 0.5033875338753387 0.12160940325497288 0.08943089430894309 0.11844484629294756
0 0.5240514905149052 0.2038878842676311 0.08739837398373984 0.09041591320072333
0 0.5785907859078591 0.16003616636528029 0.058265582655826556 0.07866184448462929
0 0.5230352303523035 0.29204339963833637 0.1070460704607046 0.10759493670886076
0 0.6151761517615176 0.2255877034358047 0.07113821138211382 0.08318264014466546
0 0.6758130081300813 0.26446654611211573 0.07317073170731707 0.1301989150090416
0 0.6690379403794038 0.38381555153707053 0.08739837398373984 0.11934900542495479
0 0.7452574525745257 0.5262206148282098 0.08062330623306233 0.10216998191681737
0 0.8197831978319783 0.5207956600361664 0.06707317073170732 0.10126582278481013
0 0.6534552845528455 0.5009041591320073 0.08130081300813008 0.09945750452079566
0 0.6971544715447154 0.5786618444846293 0.0535230352303523 0.1112115732368897
0 0.7967479674796748 0.720614828209765 0.0535230352303523 0.08318264014466546
0 0.6900406504065041 0.7857142857142857 0.08333333333333333 0.11934900542495479
0 0.8082655826558266 0.8354430379746836 0.07859078590785908 0.1003616636528029
0 0.8733062330623306 0.7698915009041591 0.06436314363143632 0.0922242314647378
0 0.8712737127371274 0.8612115732368897 0.06639566395663957 0.10759493670886076
0 0.8147018970189702 0.909132007233273 0.0508130081300813 0.07866184448462929
0 0.9329268292682927 0.8440325497287523 0.06978319783197832 0.09403254972875226
0 0.9857723577235772 0.6270343580470162 0.028455284552845527 0.10940325497287523
0 0.9586720867208672 0.4208860759493671 0.08130081300813008 0.10126582278481013
0 0.9220867208672087 0.5067811934900542 0.06842818428184282 0.08770343580470162
0 0.9766260162601627 0.8264014466546112 0.046747967479674794 0.10669077757685352
0 0.9613821138211383 0.9064195298372514 0.056910569105691054 0.07956600361663653
0 0.989159891598916 0.9177215189873418 0.02168021680216802 0.0759493670886076