0 0.4296875 0.8271484375 0.02734375 0.02197265625
0 0.3821614583333333 0.84228515625 0.03125 0.0263671875
0 0.4778645833333333 0.76220703125 0.034505208333333336 0.0244140625
0 0.4635416666666667 0.79931640625 0.06510416666666667 0.03564453125
0 0.4505208333333333 0.78466796875 0.0234375 0.01708984375
0 0.48046875 0.802734375 0.024739583333333332 0.0185546875
0 0.4466145833333333 0.80810546875 0.031901041666666664 0.02294921875
0 0.404296875 0.73876953125 0.028645833333333332 0.01904296875
0 0.4459635416666667 0.75048828125 0.033203125 0.02392578125
0 0.439453125 0.74267578125 0.018229166666666668 0.01318359375
0 0.4088541666666667 0.69677734375 0.034505208333333336 0.02783203125
0 0.5169270833333334 0.6728515625 0.041666666666666664 0.02880859375
0 0.5045572916666666 0.6962890625 0.034505208333333336 0.02587890625
0 0.5533854166666666 0.681640625 0.046875 0.03466796875
0 0.5423177083333334 0.66748046875 0.02734375 0.02294921875
0 0.5462239583333334 0.69140625 0.032552083333333336 0.0244140625
0 0.5677083333333334 0.67041015625 0.026041666666666668 0.02099609375
0 0.5677083333333334 0.6455078125 0.029947916666666668 0.0244140625
0 0.5397135416666666 0.62353515625 0.03125 0.0244140625
0 0.52734375 0.6435546875 0.027994791666666668 0.02197265625
0 0.4329427083333333 0.6171875 0.024739583333333332 0.0234375
0 0.4049479166666667 0.60595703125 0.022786458333333332 0.02001953125
0 0.4993489583333333 0.57861328125 0.026692708333333332 0.0205078125
0 0.5442708333333334 0.56640625 0.02734375 0.02197265625
0 0.5384114583333334 0.59716796875 0.024739583333333332 0.01806640625
0 0.41796875 0.55908203125 0.0234375 0.0185546875
0 0.4967447916666667 0.5361328125 0.029296875 0.01806640625
0 0.4765625 0.53466796875 0.0234375 0.0205078125
0 0.4544270833333333 0.5390625 0.02734375 0.021484375
0 0.3958333333333333 0.55126953125 0.029947916666666668 0.021484375
0 0.45703125 0.58740234375 0.029296875 0.02197265625
0 0.6028645833333334 0.58935546875 0.026041666666666668 0.0205078125
0 0.5735677083333334 0.5830078125 0.029947916666666668 0.0205078125
0 0.587890625 0.625 0.02734375 0.01953125
0 0.634765625 0.66015625 0.027994791666666668 0.01953125
0 0.6673177083333334 0.666015625 0.025390625 0.01904296875
0 0.65234375 0.58642578125 0.025390625 0.02099609375
0 0.70703125 0.5556640625 0.029296875 0.02001953125
0 0.697265625 0.57958984375 0.028645833333333332 0.01904296875
0 0.720703125 0.60302734375 0.033854166666666664 0.02099609375
0 0.6080729166666666 0.5146484375 0.02734375 0.0205078125
0 0.5657552083333334 0.50390625 0.024739583333333332 0.02099609375
0 0.5208333333333334 0.4990234375 0.032552083333333336 0.0224609375
0 0.5279947916666666 0.46923828125 0.024088541666666668 0.01953125
0 0.548828125 0.443359375 0.029296875 0.02001953125
0 0.611328125 0.4306640625 0.03125 0.0224609375
0 0.6575520833333334 0.42822265625 0.033203125 0.0244140625
0 0.6829427083333334 0.43359375 0.033203125 0.02294921875
0 0.443359375 0.4208984375 0.026692708333333332 0.02197265625
0 0.3854166666666667 0.41748046875 0.027994791666666668 0.01904296875
0 0.3971354166666667 0.4677734375 0.03125 0.0263671875
0 0.4147135416666667 0.4990234375 0.027994791666666668 0.01953125
0 0.23372395833333334 0.49169921875 0.037109375 0.02685546875
0 0.2916666666666667 0.484375 0.033203125 0.0205078125
0 0.3365885416666667 0.462890625 0.029296875 0.0205078125
0 0.3079427083333333 0.48291015625 0.05078125 0.037109375
0 0.3274739583333333 0.43603515625 0.026041666666666668 0.0185546875
0 0.3020833333333333 0.41748046875 0.02734375 0.01953125
0 0.2766927083333333 0.41455078125 0.026041666666666668 0.0185546875
0 0.2858072916666667 0.38671875 0.02734375 0.01904296875
0 0.22395833333333334 0.41259765625 0.044270833333333336 0.02490234375
0 0.6061197916666666 0.82177734375 0.035807291666666664 0.0263671875
0 0.5807291666666666 0.80712890625 0.030598958333333332 0.02587890625
0 0.5572916666666666 0.76708984375 0.034505208333333336 0.02783203125
0 0.6569010416666666 0.80126953125 0.030598958333333332 0.02197265625
0 0.5455729166666666 0.845703125 0.027994791666666668 0.0205078125
0 0.5865885416666666 0.849609375 0.030598958333333332 0.0234375
0 0.5611979166666666 0.8740234375 0.025390625 0.0205078125
0 0.62890625 0.85693359375 0.033854166666666664 0.01953125
0 0.6360677083333334 0.82763671875 0.030598958333333332 0.0166015625
0 0.6829427083333334 0.82763671875 0.031901041666666664 0.0234375
0 0.681640625 0.8447265625 0.021484375 0.01611328125
0 0.6614583333333334 0.849609375 0.032552083333333336 0.02197265625
0 0.662109375 0.8779296875 0.027994791666666668 0.0205078125
0 0.541015625 0.8896484375 0.02734375 0.0166015625
0 0.4993489583333333 0.92626953125 0.038411458333333336 0.03125
0 0.4889322916666667 0.9365234375 0.029296875 0.021484375
0 0.5078125 0.91943359375 0.025390625 0.02099609375
0 0.53515625 0.92626953125 0.0234375 0.0185546875
0 0.5748697916666666 0.92236328125 0.018880208333333332 0.01611328125
0 0.771484375 0.875 0.032552083333333336 0.02392578125
0 0.7682291666666666 0.86669921875 0.024739583333333332 0.02001953125
0 0.77734375 0.880859375 0.022786458333333332 0.01416015625
0 0.7708333333333334 0.89404296875 0.022135416666666668 0.01611328125
0 0.7552083333333334 0.77978515625 0.024088541666666668 0.0166015625
0 0.6979166666666666 0.78759765625 0.029947916666666668 0.01904296875
0 0.671875 0.734375 0.02734375 0.0185546875
0 0.7102864583333334 0.732421875 0.031901041666666664 0.021484375
0 0.7395833333333334 0.740234375 0.032552083333333336 0.02734375
0 0.8111979166666666 0.724609375 0.026041666666666668 0.01513671875
0 0.7721354166666666 0.7666015625 0.029947916666666668 0.0185546875
0 0.6438802083333334 0.70703125 0.022135416666666668 0.01513671875
0 0.640625 0.75341796875 0.022135416666666668 0.01953125
0 0.7649739583333334 0.55517578125 0.0234375 0.017578125
0 0.7395833333333334 0.46484375 0.029947916666666668 0.0234375
0 0.6966145833333334 0.47265625 0.030598958333333332 0.021484375
0 0.8014322916666666 0.49560546875 0.0234375 0.0166015625
0 0.9544270833333334 0.51171875 0.022786458333333332 0.0166015625
0 0.9609375 0.52783203125 0.025390625 0.02099609375
0 0.9440104166666666 0.61279296875 0.017578125 0.0146484375
0 0.8684895833333334 0.62158203125 0.024088541666666668 0.0146484375
0 0.90234375 0.6982421875 0.01953125 0.015625
0 0.861328125 0.6875 0.022786458333333332 0.0166015625
0 0.9205729166666666 0.71728515625 0.022135416666666668 0.01513671875
0 0.935546875 0.763671875 0.022135416666666668 0.01806640625
0 0.8815104166666666 0.76318359375 0.029296875 0.01806640625
0 0.8515625 0.78271484375 0.029296875 0.0205078125
0 0.8177083333333334 0.77978515625 0.024739583333333332 0.01904296875
0 0.7994791666666666 0.7734375 0.021484375 0.01904296875
0 0.90625 0.82568359375 0.033854166666666664 0.0185546875
0 0.85546875 0.900390625 0.021484375 0.01806640625
0 0.83203125 0.8984375 0.020182291666666668 0.01708984375
0 0.8196614583333334 0.90234375 0.018229166666666668 0.0146484375
0 0.8665364583333334 0.86962890625 0.01953125 0.015625
0 0.896484375 0.91015625 0.0234375 0.01806640625
0 0.8430989583333334 0.92041015625 0.025390625 0.01953125
0 0.7981770833333334 0.919921875 0.018229166666666668 0.01513671875
0 0.7721354166666666 0.91650390625 0.026041666666666668 0.01806640625