0 0.942684331797235 0.12672811059907835 0.014400921658986175 0.016897081413210446
0 0.9147465437788018 0.04915514592933948 0.012096774193548387 0.015360983102918587
0 0.851094470046083 0.12096774193548387 0.014400921658986175 0.019969278033794162
0 0.866647465437788 0.05337941628264209 0.013248847926267281 0.015360983102918587
0 0.9110023041474654 0.0049923195084485405 0.016705069124423964 0.009984639016897081
0 0.41849078341013823 0.879416282642089 0.013248847926267281 0.016897081413210446
0 0.3686635944700461 0.8778801843317973 0.013824884792626729 0.016897081413210446
0 0.434331797235023 0.9101382488479263 0.010368663594470046 0.013824884792626729
0 0.41359447004608296 0.9086021505376344 0.012096774193548387 0.014592933947772658
0 0.42223502304147464 0.9370199692780338 0.009792626728110598 0.01152073732718894
0 0.4444124423963134 0.9013056835637481 0.009792626728110598 0.01228878648233487
0 0.4475806451612903 0.8905529953917051 0.008640552995391706 0.013056835637480798
0 0.483294930875576 0.8859447004608295 0.013248847926267281 0.016897081413210446
0 0.4772465437788018 0.9201228878648233 0.009792626728110598 0.009984639016897081
0 0.5852534562211982 0.28110599078341014 0.022465437788018433 0.027649769585253458
0 0.5639400921658986 0.31105990783410137 0.02131336405529954 0.026113671274961597
0 0.6097350230414746 0.32910906298003073 0.020737327188940093 0.028417818740399385
0 0.625 0.32565284178187404 0.02304147465437788 0.03225806451612903
0 0.7609447004608295 0.7273425499231951 0.013248847926267281 0.013824884792626729
0 0.8179723502304147 0.6881720430107527 0.010944700460829493 0.016129032258064516
0 0.8217165898617511 0.5937019969278033 0.010368663594470046 0.013824884792626729
0 0.6719470046082949 0.2910906298003072 0.020161290322580645 0.027649769585253458
0 0.6653225806451613 0.2857142857142857 0.009216589861751152 0.013824884792626729
0 0.6719470046082949 0.2880184331797235 0.009792626728110598 0.010752688172043012
0 0.6762672811059908 0.2980030721966206 0.014976958525345621 0.018433179723502304
0 0.8623271889400922 0.0956221198156682 0.01152073732718894 0.013824884792626729
0 0.8672235023041475 0.1228878648233487 0.010368663594470046 0.014592933947772658
0 0.8585829493087558 0.14285714285714285 0.010368663594470046 0.010752688172043012
0 0.9184907834101382 0.19738863287250383 0.017857142857142856 0.020737327188940093
0 0.8879608294930875 0.20430107526881722 0.014400921658986175 0.019969278033794162
0 0.9288594470046083 0.239247311827957 0.013248847926267281 0.016129032258064516
0 0.9513248847926268 0.4665898617511521 0.019009216589861752 0.029185867895545316
0 0.9225230414746544 0.08640552995391705 0.01555299539170507 0.023809523809523808
0 0.9046658986175116 0.10944700460829493 0.009216589861751152 0.013824884792626729
0 0.7569124423963134 0.22734254992319508 0.022465437788018433 0.026881720430107527
0 0.7338709677419355 0.24692780337941628 0.020161290322580645 0.02534562211981567
0 0.7534562211981567 0.29377880184331795 0.020737327188940093 0.026881720430107527
0 0.6984447004608295 0.2630568356374808 0.016129032258064516 0.018433179723502304
0 0.7134216589861752 0.3533026113671275 0.019009216589861752 0.026113671274961597
0 0.6658986175115207 0.3122119815668203 0.014400921658986175 0.019969278033794162
0 0.7603686635944701 0.5049923195084486 0.016129032258064516 0.019969278033794162
0 0.7825460829493087 0.544162826420891 0.022465437788018433 0.02534562211981567
0 0.5604838709677419 0.41781874039938555 0.01555299539170507 0.020737327188940093
0 0.5544354838709677 0.5357142857142857 0.013824884792626729 0.017665130568356373
0 0.959389400921659 0.40821812596006146 0.029953917050691243 0.03840245775729647
0 0.9274193548387096 0.4274193548387097 0.02707373271889401 0.03225806451612903
0 0.9844470046082949 0.3882488479262673 0.019585253456221197 0.027649769585253458
0 0.986463133640553 0.4504608294930876 0.019585253456221197 0.02534562211981567
0 0.9763824884792627 0.4807987711213518 0.021889400921658985 0.029953917050691243