0 0.8701171875 0.8860677083333334 0.0146484375 0.017578125
0 0.72021484375 0.8580729166666666 0.0224609375 0.0234375
0 0.72705078125 0.841796875 0.017578125 0.01953125
0 0.73974609375 0.9270833333333334 0.01611328125 0.018229166666666668
0 0.51611328125 0.890625 0.0205078125 0.022786458333333332
0 0.2841796875 0.88671875 0.02001953125 0.024739583333333332
0 0.2822265625 0.826171875 0.0166015625 0.020182291666666668
0 0.15625 0.8333333333333334 0.0166015625 0.018229166666666668
0 0.1396484375 0.6399739583333334 0.01708984375 0.022135416666666668
0 0.1552734375 0.6334635416666666 0.0185546875 0.020833333333333332
0 0.361328125 0.7740885416666666 0.0205078125 0.025390625
0 0.52001953125 0.75 0.0166015625 0.017578125
0 0.5517578125 0.6829427083333334 0.017578125 0.018880208333333332
0 0.59228515625 0.6842447916666666 0.01513671875 0.020182291666666668
0 0.8056640625 0.74609375 0.01953125 0.01953125
0 0.81689453125 0.7643229166666666 0.0224609375 0.020833333333333332
0 0.89697265625 0.6861979166666666 0.01953125 0.022786458333333332
0 0.9208984375 0.673828125 0.01611328125 0.020182291666666668
0 0.9345703125 0.6790364583333334 0.01513671875 0.017578125
0 0.92578125 0.6041666666666666 0.0205078125 0.022135416666666668
0 0.88232421875 0.6223958333333334 0.0224609375 0.022135416666666668
0 0.83984375 0.5904947916666666 0.0224609375 0.0234375
0 0.82177734375 0.611328125 0.01611328125 0.022135416666666668
0 0.833984375 0.6243489583333334 0.01513671875 0.018229166666666668
0 0.8427734375 0.55078125 0.015625 0.016276041666666668
0 0.1240234375 0.4108072916666667 0.0185546875 0.018880208333333332
0 0.47607421875 0.4453125 0.01904296875 0.021484375
0 0.9248046875 0.458984375 0.015625 0.018880208333333332
0 0.9375 0.48828125 0.01611328125 0.015625
0 0.93212890625 0.5065104166666666 0.0166015625 0.01953125
0 0.92822265625 0.5384114583333334 0.01708984375 0.020833333333333332
0 0.921875 0.5240885416666666 0.01171875 0.014322916666666666
0 0.9423828125 0.3203125 0.0126953125 0.014322916666666666
0 0.91015625 0.3509114583333333 0.0166015625 0.017578125
0 0.92333984375 0.21940104166666666 0.015625 0.016927083333333332
0 0.93017578125 0.234375 0.01904296875 0.01953125
0 0.91064453125 0.23763020833333334 0.01708984375 0.020833333333333332
0 0.91259765625 0.2734375 0.01611328125 0.022786458333333332
0 0.8779296875 0.23828125 0.0234375 0.022786458333333332
0 0.9111328125 0.173828125 0.01318359375 0.015625
0 0.921875 0.177734375 0.0146484375 0.016927083333333332
0 0.93359375 0.16015625 0.0166015625 0.016276041666666668
0 0.88134765625 0.109375 0.017578125 0.018229166666666668
0 0.86181640625 0.107421875 0.01220703125 0.017578125
0 0.90234375 0.11263020833333333 0.01318359375 0.016276041666666668
0 0.91064453125 0.15234375 0.01513671875 0.015625
0 0.8369140625 0.20377604166666666 0.015625 0.016276041666666668
0 0.83935546875 0.22265625 0.01123046875 0.014322916666666666
0 0.7763671875 0.109375 0.0146484375 0.014322916666666666
0 0.72216796875 0.10091145833333333 0.01708984375 0.018229166666666668
0 0.27294921875 0.22005208333333334 0.0166015625 0.01953125
0 0.1669921875 0.16796875 0.01708984375 0.01953125
0 0.12744140625 0.20768229166666666 0.01611328125 0.018880208333333332
0 0.1533203125 0.13151041666666666 0.01708984375 0.020182291666666668
0 0.1796875 0.10416666666666667 0.01611328125 0.016927083333333332
0 0.142578125 0.2799479166666667 0.015625 0.021484375
0 0.1826171875 0.283203125 0.0146484375 0.014973958333333334
0 0.1484375 0.232421875 0.017578125 0.021484375
0 0.1865234375 0.3821614583333333 0.01708984375 0.01953125