0 0.5190809968847352 0.04994158878504673 0.06386292834890965 0.04964953271028037
0 0.44431464174454827 0.10572429906542057 0.06230529595015576 0.04672897196261682
0 0.49065420560747663 0.16004672897196262 0.061526479750778816 0.04380841121495327
0 0.5432242990654206 0.1165303738317757 0.04750778816199377 0.037383177570093455
0 0.6105919003115264 0.12529205607476634 0.0514018691588785 0.038551401869158876
0 0.6144859813084113 0.07389018691588785 0.04127725856697819 0.03212616822429906
0 0.5860591900311527 0.007593457943925234 0.04127725856697819 0.014018691588785047
0 0.5704828660436138 0.026577102803738317 0.04672897196261682 0.037383177570093455
0 0.5373831775700935 0.004964953271028037 0.04984423676012461 0.009929906542056074
0 0.6433021806853583 0.024240654205607476 0.04750778816199377 0.030957943925233645
0 0.3617601246105919 0.0227803738317757 0.042834890965732085 0.03387850467289719
0 0.27297507788161995 0.003796728971962617 0.03660436137071651 0.007593457943925234
0 0.24805295950155765 0.04030373831775701 0.04750778816199377 0.03271028037383177
0 0.25038940809968846 0.08586448598130841 0.07476635514018691 0.054322429906542055
0 0.3348909657320872 0.07184579439252337 0.04906542056074766 0.0344626168224299
0 0.19509345794392524 0.06688084112149532 0.0630841121495327 0.04147196261682243
0 0.33605919003115264 0.17143691588785046 0.0514018691588785 0.04439252336448598
0 0.38901869158878505 0.1594626168224299 0.048286604361370715 0.0344626168224299
0 0.40654205607476634 0.1959696261682243 0.04984423676012461 0.037383177570093455
0 0.39758566978193144 0.13230140186915887 0.048286604361370715 0.036214953271028034
0 0.2554517133956386 0.16676401869158877 0.05763239875389408 0.04264018691588785
0 0.29049844236760125 0.18516355140186916 0.04205607476635514 0.03154205607476635
0 0.3060747663551402 0.25029205607476634 0.03348909657320872 0.02570093457943925
0 0.32749221183800625 0.2683995327102804 0.04906542056074766 0.030957943925233645
0 0.37538940809968846 0.27365654205607476 0.04906542056074766 0.039135514018691586
0 0.2570093457943925 0.23130841121495327 0.03894080996884735 0.026285046728971962
0 0.21378504672897197 0.21495327102803738 0.06931464174454828 0.04205607476635514
0 0.20482866043613707 0.33557242990654207 0.04984423676012461 0.04088785046728972
0 0.1970404984423676 0.3671144859813084 0.050623052959501556 0.037383177570093455
0 0.11487538940809969 0.32973130841121495 0.04984423676012461 0.0397196261682243
0 0.1117601246105919 0.3904789719626168 0.04906542056074766 0.0397196261682243
0 0.20249221183800623 0.42085280373831774 0.0514018691588785 0.04147196261682243
0 0.5011682242990654 0.3431658878504673 0.035046728971962614 0.026285046728971962
0 0.6285046728971962 0.3443341121495327 0.04672897196261682 0.0344626168224299
0 0.735202492211838 0.32651869158878505 0.04205607476635514 0.03387850467289719
0 0.6931464174454829 0.3633177570093458 0.040498442367601244 0.028037383177570093
0 0.7250778816199377 0.397196261682243 0.0381619937694704 0.029205607476635514
0 0.7616822429906542 0.2900116822429907 0.035046728971962614 0.027453271028037383
0 0.6456386292834891 0.4088785046728972 0.03582554517133956 0.027453271028037383
0 0.5821651090342679 0.42815420560747663 0.02881619937694704 0.02102803738317757
0 0.7009345794392523 0.4632009345794392 0.035046728971962614 0.028037383177570093
0 0.7422118380062306 0.514018691588785 0.03115264797507788 0.029205607476635514
0 0.7281931464174455 0.5344626168224299 0.03115264797507788 0.02511682242990654
0 0.5144080996884736 0.3008177570093458 0.037383177570093455 0.028037383177570093
0 0.5112928348909658 0.3244742990654206 0.031931464174454825 0.027453271028037383
0 0.8341121495327103 0.21203271028037382 0.037383177570093455 0.030373831775700934
0 0.7928348909657321 0.18195093457943926 0.029595015576323987 0.027453271028037383
0 0.8216510903426791 0.14398364485981308 0.037383177570093455 0.030373831775700934
0 0.8115264797507789 0.09082943925233646 0.030373831775700934 0.02394859813084112
0 0.8524143302180686 0.10689252336448599 0.031931464174454825 0.02570093457943925
0 0.8613707165109035 0.12470794392523364 0.030373831775700934 0.026285046728971962
0 0.7982866043613707 0.1054322429906542 0.03426791277258567 0.02570093457943925
0 0.7367601246105919 0.1133177570093458 0.04127725856697819 0.0344626168224299
0 0.714563862928349 0.12792056074766356 0.03582554517133956 0.028621495327102803
0 0.6580996884735203 0.07914719626168225 0.040498442367601244 0.02570093457943925
0 0.544392523364486 0.5219042056074766 0.024143302180685357 0.017523364485981307
0 0.5864485981308412 0.4883177570093458 0.035046728971962614 0.02570093457943925
0 0.6191588785046729 0.4471378504672897 0.03115264797507788 0.0227803738317757
0 0.6911993769470405 0.5581191588785047 0.0264797507788162 0.018691588785046728
0 0.5829439252336449 0.5417640186915887 0.03348909657320872 0.02511682242990654