0 0.9560085836909872 0.6798998569384835 0.03487124463519313 0.046494992846924176
0 0.9087982832618026 0.7120886981402003 0.03165236051502146 0.034334763948497854
0 0.8937768240343348 0.6663090128755365 0.02736051502145923 0.033619456366237484
0 0.8672210300429185 0.6849070100143062 0.03487124463519313 0.044349070100143065
0 0.8403969957081545 0.6927753934191703 0.03111587982832618 0.03791130185979971
0 0.8666845493562232 0.7714592274678111 0.024141630901287552 0.030042918454935622
0 0.9165772532188842 0.6083690987124464 0.022532188841201718 0.031473533619456366
0 0.944206008583691 0.5693848354792561 0.032188841201716736 0.033619456366237484
0 0.8637339055793991 0.575107296137339 0.023068669527896997 0.029327610872675252
0 0.8661480686695279 0.5135908440629471 0.02521459227467811 0.034334763948497854
0 0.8610515021459227 0.46530758226037194 0.02092274678111588 0.02503576537911302
0 0.9026287553648069 0.46280400572246067 0.02736051502145923 0.02861230329041488
0 0.8715128755364807 0.49105865522174535 0.0203862660944206 0.030758226037195996
0 0.7913090128755365 0.5164520743919886 0.02575107296137339 0.03719599427753934
0 0.7199570815450643 0.4871244635193133 0.02682403433476395 0.032188841201716736
0 0.7196888412017167 0.4331187410586552 0.028433476394849784 0.031473533619456366
0 0.6896459227467812 0.48783977110157367 0.021995708154506438 0.033619456366237484
0 0.7293454935622318 0.35658082975679545 0.023068669527896997 0.027181688125894134
0 0.7242489270386266 0.3054363376251788 0.023068669527896997 0.027896995708154508
0 0.743293991416309 0.2957796852646638 0.023605150214592276 0.035050071530758224
0 0.6947424892703863 0.2836194563662375 0.023068669527896997 0.026466380543633764
0 0.7084227467811158 0.2510729613733906 0.024141630901287552 0.034334763948497854
0 0.7910407725321889 0.22031473533619456 0.02682403433476395 0.033619456366237484
0 0.8036480686695279 0.1988555078683834 0.02628755364806867 0.033619456366237484
0 0.7757510729613734 0.24356223175965666 0.02467811158798283 0.0357653791130186
0 0.7542918454935622 0.12839771101573677 0.023068669527896997 0.030758226037195996
0 0.7934549356223176 0.28183118741058655 0.024141630901287552 0.027181688125894134
0 0.7760193133047211 0.26824034334763946 0.023068669527896997 0.027896995708154508
0 0.7728004291845494 0.29756795422031473 0.028433476394849784 0.034334763948497854
0 0.8202789699570815 0.34513590844062947 0.03111587982832618 0.03648068669527897
0 0.6051502145922747 0.3386981402002861 0.022532188841201718 0.029327610872675252
0 0.5646459227467812 0.2989985693848355 0.021995708154506438 0.030042918454935622
0 0.5651824034334764 0.2811158798283262 0.024141630901287552 0.029327610872675252
0 0.5552575107296137 0.3669527896995708 0.01984978540772532 0.029327610872675252
0 0.5504291845493562 0.4073676680972818 0.023605150214592276 0.030758226037195996
0 0.5595493562231759 0.45350500715307585 0.022532188841201718 0.02575107296137339
0 0.5842274678111588 0.43490701001430615 0.023605150214592276 0.030758226037195996
0 0.6075643776824035 0.48104434907010013 0.023605150214592276 0.031473533619456366
0 0.539431330472103 0.49356223175965663 0.02467811158798283 0.029327610872675252
0 0.5370171673819742 0.5214592274678111 0.024141630901287552 0.029327610872675252
0 0.4028969957081545 0.5736766809728183 0.021995708154506438 0.02503576537911302
0 0.4321351931330472 0.630901287553648 0.021995708154506438 0.02861230329041488
0 0.44447424892703863 0.6545064377682404 0.02521459227467811 0.029327610872675252
0 0.4755901287553648 0.7274678111587983 0.02467811158798283 0.027896995708154508
0 0.3583690987124464 0.7221030042918455 0.027896995708154508 0.032188841201716736
0 0.4291845493562232 0.8991416309012875 0.02628755364806867 0.0357653791130186
0 0.4468884120171674 0.8969957081545065 0.02575107296137339 0.03934191702432046
0 0.39243562231759654 0.9163090128755365 0.021995708154506438 0.032188841201716736
0 0.36802575107296137 0.9281115879828327 0.028969957081545063 0.033619456366237484
0 0.30364806866952787 0.82689556509299 0.029506437768240343 0.03791130185979971
0 0.315450643776824 0.7314020028612304 0.03111587982832618 0.033619456366237484
0 0.3173283261802575 0.7643061516452074 0.029506437768240343 0.034334763948497854
0 0.26716738197424894 0.7761087267525035 0.02736051502145923 0.033619456366237484
0 0.243293991416309 0.7943490701001431 0.0305793991416309 0.034334763948497854
0 0.26716738197424894 0.8183118741058655 0.028433476394849784 0.031473533619456366
0 0.2575107296137339 0.6659513590844063 0.03111587982832618 0.04291845493562232
0 0.2030579399141631 0.6623748211731044 0.03272532188841202 0.03719599427753934
0 0.25643776824034337 0.6366237482117311 0.028433476394849784 0.030758226037195996
0 0.40048283261802575 0.39949928469241774 0.02145922746781116 0.02503576537911302
0 0.33074034334763946 0.40450643776824036 0.02145922746781116 0.034334763948497854
0 0.4069206008583691 0.474964234620887 0.03165236051502146 0.030758226037195996
0 0.424087982832618 0.35157367668097284 0.02682403433476395 0.026466380543633764
0 0.3387875536480687 0.2696709585121602 0.028433476394849784 0.034334763948497854
0 0.3328862660944206 0.21602288984263232 0.02467811158798283 0.030758226037195996
0 0.3728540772532189 0.21602288984263232 0.030042918454935622 0.03862660944206009
0 0.39002145922746784 0.26216022889842633 0.023605150214592276 0.024320457796852647
0 0.4299892703862661 0.2550071530758226 0.022532188841201718 0.027181688125894134
0 0.34951716738197425 0.15701001430615164 0.02092274678111588 0.027181688125894134
0 0.3621244635193133 0.1348354792560801 0.02467811158798283 0.030042918454935622
0 0.35273605150214593 0.08655221745350501 0.023068669527896997 0.02575107296137339
0 0.31625536480686695 0.15379113018597998 0.02467811158798283 0.02861230329041488
0 0.4251609442060086 0.0690271816881259 0.028969957081545063 0.031473533619456366
0 0.40182403433476394 0.15486409155937053 0.032188841201716736 0.034334763948497854
0 0.463519313304721 0.157725321888412 0.02682403433476395 0.030758226037195996
0 0.4680793991416309 0.18741058655221746 0.029506437768240343 0.030042918454935622
0 0.48497854077253216 0.219241773962804 0.022532188841201718 0.02575107296137339
0 0.7556330472103004 0.6051502145922747 0.022532188841201718 0.02575107296137339
0 0.7714592274678111 0.6305436337625179 0.0203862660944206 0.027896995708154508
0 0.740343347639485 0.6552217453505007 0.02736051502145923 0.031473533619456366
0 0.766362660944206 0.6638054363376252 0.017703862660944206 0.02074391988555079
0 0.75 0.7042203147353362 0.016094420600858368 0.02145922746781116
0 0.7714592274678111 0.7135193133047211 0.02145922746781116 0.022889842632331903
0 0.7229077253218884 0.7085121602288984 0.017167381974248927 0.024320457796852647
0 0.7778969957081545 0.6720314735336195 0.016630901287553648 0.022174535050071532