0 0.4632352941176471 0.44939879759519036 0.045454545454545456 0.033066132264529056
0 0.5010026737967914 0.4213426853707415 0.040106951871657755 0.036072144288577156
0 0.5190508021390374 0.3689879759519038 0.038101604278074866 0.036072144288577156
0 0.4451871657754011 0.38201402805611223 0.03409090909090909 0.02755511022044088
0 0.39438502673796794 0.4483967935871743 0.040106951871657755 0.033066132264529056
0 0.5491310160427807 0.42309619238476953 0.04077540106951872 0.03206412825651302
0 0.49532085561497324 0.27655310621242485 0.038101604278074866 0.03256513026052104
0 0.5381016042780749 0.2665330661322645 0.04478609625668449 0.03557114228456914
0 0.5514705882352942 0.2943386773547094 0.047459893048128345 0.03807615230460922
0 0.4321524064171123 0.2620240480961924 0.03877005347593583 0.03256513026052104
0 0.4184491978609626 0.24148296593186372 0.04411764705882353 0.03507014028056112
0 0.48863636363636365 0.21968937875751504 0.03609625668449198 0.028557114228456915
0 0.4963235294117647 0.1688376753507014 0.032754010695187165 0.026052104208416832
0 0.3963903743315508 0.21092184368737474 0.04411764705882353 0.03707414829659319
0 0.29311497326203206 0.2793086172344689 0.03877005347593583 0.03156312625250501
0 0.32486631016042783 0.30435871743486975 0.03141711229946524 0.02755511022044088
0 0.33088235294117646 0.32389779559118237 0.03409090909090909 0.028056112224448898
0 0.4314839572192513 0.5420841683366734 0.03208556149732621 0.02755511022044088
0 0.5193850267379679 0.5062625250501002 0.027406417112299464 0.02555110220440882
0 0.35561497326203206 0.49498997995991983 0.03141711229946524 0.02655310621242485
0 0.3699866310160428 0.4581663326653307 0.024732620320855617 0.02004008016032064
0 0.3252005347593583 0.4807114228456914 0.03141711229946524 0.02404809619238477
0 0.3181818181818182 0.44589178356713427 0.02807486631016043 0.025050100200400802
0 0.2911096256684492 0.4326152304609218 0.03542780748663102 0.029559118236472944
0 0.347927807486631 0.3652304609218437 0.03409090909090909 0.028557114228456915
0 0.38235294117647056 0.35821643286573146 0.034759358288770054 0.028056112224448898
0 0.5995989304812834 0.8459418837675351 0.03141711229946524 0.02655310621242485
0 0.5190508021390374 0.8083667334669339 0.03141711229946524 0.025050100200400802
0 0.5320855614973262 0.8476953907815631 0.02807486631016043 0.02555110220440882
0 0.5150401069518716 0.8614729458917836 0.03943850267379679 0.03356713426853707
0 0.47459893048128343 0.843937875751503 0.03074866310160428 0.02655310621242485
0 0.4411764705882353 0.843436873747495 0.02874331550802139 0.02655310621242485
0 0.44385026737967914 0.876002004008016 0.0427807486631016 0.03657314629258517
0 0.44017379679144386 0.8654809619238477 0.026737967914438502 0.022545090180360723
0 0.4354946524064171 0.8835170340681363 0.02807486631016043 0.02555110220440882
0 0.45187165775401067 0.8787575150300602 0.029411764705882353 0.025050100200400802
0 0.39137700534759357 0.8349198396793587 0.02807486631016043 0.023547094188376753
0 0.36129679144385024 0.8033567134268537 0.02874331550802139 0.02404809619238477
0 0.30314171122994654 0.7700400801603207 0.034759358288770054 0.028056112224448898
0 0.2914438502673797 0.7517535070140281 0.034759358288770054 0.02755511022044088
0 0.37433155080213903 0.751503006012024 0.02807486631016043 0.02555110220440882
0 0.42012032085561496 0.7099198396793587 0.027406417112299464 0.025050100200400802
0 0.43616310160427807 0.7126753507014028 0.022727272727272728 0.02154308617234469
0 0.6407085561497327 0.3399298597194389 0.02874331550802139 0.026052104208416832
0 0.6049465240641712 0.2963426853707415 0.03542780748663102 0.03356713426853707
0 0.6751336898395722 0.3063627254509018 0.029411764705882353 0.02555110220440882
0 0.49933155080213903 0.3026052104208417 0.02540106951871658 0.023046092184368736
0 0.4588903743315508 0.27805611222444887 0.034759358288770054 0.03206412825651302
0 0.5992647058823529 0.17159318637274548 0.026737967914438502 0.025050100200400802
0 0.6109625668449198 0.13076152304609218 0.04344919786096257 0.03857715430861723
0 0.3018048128342246 0.22770541082164328 0.022058823529411766 0.020541082164328657
0 0.2927807486631016 0.2437374749498998 0.029411764705882353 0.02555110220440882
0 0.28843582887700536 0.19564128256513025 0.03074866310160428 0.027054108216432865
0 0.21356951871657753 0.2031563126252505 0.03208556149732621 0.02555110220440882
0 0.23897058823529413 0.1968937875751503 0.02874331550802139 0.02555110220440882
0 0.19752673796791445 0.22444889779559118 0.034759358288770054 0.03156312625250501
0 0.22627005347593582 0.2309619238476954 0.03208556149732621 0.02755511022044088
0 0.21657754010695188 0.21768537074148298 0.02874331550802139 0.023547094188376753
0 0.21356951871657753 0.27580160320641284 0.03342245989304813 0.02905811623246493
0 0.2429812834224599 0.3151302605210421 0.029411764705882353 0.026052104208416832
0 0.24231283422459893 0.33867735470941884 0.030080213903743314 0.025050100200400802
0 0.25467914438502676 0.3499498997995992 0.02606951871657754 0.024549098196392786
0 0.3125 0.33867735470941884 0.03208556149732621 0.029559118236472944
0 0.28442513368983957 0.37600200400801603 0.029411764705882353 0.027054108216432865
0 0.26136363636363635 0.37750501002004005 0.02606951871657754 0.025050100200400802
0 0.43616310160427807 0.36497995991983967 0.024732620320855617 0.022545090180360723
0 0.45955882352941174 0.34468937875751504 0.029411764705882353 0.027054108216432865
0 0.5868983957219251 0.531312625250501 0.027406417112299464 0.023547094188376753
0 0.5665106951871658 0.5438376753507014 0.03609625668449198 0.03356713426853707
0 0.41677807486631013 0.5961923847695391 0.0374331550802139 0.029559118236472944
0 0.2750668449197861 0.7114228456913828 0.03409090909090909 0.03006012024048096
0 0.34759358288770054 0.7054108216432866 0.03141711229946524 0.02755511022044088
0 0.365975935828877 0.7116733466933868 0.030080213903743314 0.025050100200400802
0 0.3502673796791444 0.7520040080160321 0.027406417112299464 0.023547094188376753
0 0.32754010695187163 0.6485470941883767 0.03208556149732621 0.02755511022044088
0 0.32419786096256686 0.6084669338677354 0.03542780748663102 0.030561122244488977
0 0.2339572192513369 0.530060120240481 0.030080213903743314 0.028557114228456915
0 0.29411764705882354 0.50125250501002 0.032754010695187165 0.030561122244488977
0 0.22727272727272727 0.5541082164328658 0.029411764705882353 0.026052104208416832
0 0.31016042780748665 0.46593186372745493 0.03141711229946524 0.028056112224448898
0 0.23596256684491979 0.43537074148296595 0.029411764705882353 0.027054108216432865
0 0.2286096256684492 0.38577154308617234 0.03208556149732621 0.029559118236472944
0 0.178475935828877 0.38652304609218435 0.024732620320855617 0.021042084168336674
0 0.13970588235294118 0.3534569138276553 0.03943850267379679 0.03557114228456914
0 0.13602941176470587 0.34493987975951906 0.02606951871657754 0.023046092184368736
0 0.14037433155080214 0.3594689378757515 0.02606951871657754 0.023046092184368736
0 0.15274064171122995 0.28857715430861725 0.030080213903743314 0.027054108216432865
0 0.17279411764705882 0.3053607214428858 0.0374331550802139 0.03356713426853707
0 0.18081550802139038 0.3414328657314629 0.03342245989304813 0.02655310621242485
0 0.21256684491978609 0.3314128256513026 0.029411764705882353 0.02655310621242485
0 0.3252005347593583 0.24824649298597196 0.03208556149732621 0.03006012024048096
0 0.3252005347593583 0.19514028056112223 0.03409090909090909 0.031062124248496994
0 0.34157754010695185 0.2154308617234469 0.02540106951871658 0.023046092184368736
0 0.3629679144385027 0.20816633266533066 0.03409090909090909 0.029559118236472944
0 0.3572860962566845 0.2309619238476954 0.047459893048128345 0.0405811623246493
0 0.3512700534759358 0.22344689378757515 0.022727272727272728 0.019539078156312624
0 0.3629679144385027 0.23522044088176353 0.02606951871657754 0.023547094188376753
0 0.3830213903743315 0.24248496993987975 0.026737967914438502 0.023046092184368736
0 0.2620320855614973 0.18812625250501003 0.026737967914438502 0.02404809619238477