0 0.5617378048780488 0.5806636155606407 0.028963414634146343 0.03775743707093822
0 0.5297256097560976 0.5623569794050344 0.027439024390243903 0.038901601830663615
0 0.5282012195121951 0.6504576659038902 0.025914634146341462 0.030892448512585814
0 0.5304878048780488 0.6762013729977117 0.03048780487804878 0.036613272311212815
0 0.5503048780487805 0.522883295194508 0.025152439024390245 0.041189931350114416
0 0.5708841463414634 0.5045766590389016 0.023628048780487805 0.03546910755148741
0 0.6463414634146342 0.6075514874141876 0.03429878048780488 0.041762013729977114
0 0.6600609756097561 0.6493135011441648 0.037347560975609755 0.044050343249427915
0 0.6798780487804879 0.6693363844393593 0.028963414634146343 0.04004576659038902
0 0.7439024390243902 0.6195652173913043 0.03201219512195122 0.04290617848970252
0 0.7682926829268293 0.6327231121281465 0.024390243902439025 0.03032036613272311
0 0.7644817073170732 0.6590389016018307 0.03048780487804878 0.043478260869565216
0 0.864329268292683 0.7877574370709383 0.023628048780487805 0.036613272311212815
0 0.8094512195121951 0.8226544622425629 0.03353658536585366 0.04805491990846682
0 0.8109756097560976 0.8106407322654462 0.035823170731707314 0.04576659038901602
0 0.7538109756097561 0.7568649885583524 0.022103658536585365 0.030892448512585814
0 0.7538109756097561 0.8398169336384439 0.028963414634146343 0.03718535469107551
0 0.7240853658536586 0.7803203661327232 0.025914634146341462 0.036041189931350116
0 0.6966463414634146 0.7517162471395881 0.025914634146341462 0.03718535469107551
0 0.6844512195121951 0.8072082379862701 0.028201219512195123 0.036613272311212815
0 0.6554878048780488 0.7534324942791762 0.023628048780487805 0.03546910755148741
0 0.6242378048780488 0.8312356979405034 0.023628048780487805 0.03318077803203661
0 0.5967987804878049 0.8672768878718535 0.026676829268292682 0.03489702517162471
0 0.5396341463414634 0.8764302059496567 0.024390243902439025 0.029748283752860413
0 0.5228658536585366 0.8792906178489702 0.025152439024390245 0.032036613272311214
0 0.5015243902439024 0.7946224256292906 0.023628048780487805 0.03318077803203661
0 0.4969512195121951 0.8237986270022883 0.023628048780487805 0.02917620137299771
0 0.4733231707317073 0.8392448512585813 0.025914634146341462 0.03546910755148741
0 0.4809451219512195 0.8804347826086957 0.024390243902439025 0.030892448512585814
0 0.40472560975609756 0.8598398169336384 0.03125 0.038901601830663615
0 0.4375 0.8872997711670481 0.024390243902439025 0.031464530892448515
0 0.4192073170731707 0.897025171624714 0.028201219512195123 0.03546910755148741
0 0.3597560975609756 0.8758581235697941 0.025914634146341462 0.03775743707093822
0 0.31935975609756095 0.8627002288329519 0.025914634146341462 0.03318077803203661
0 0.3117378048780488 0.88558352402746 0.020579268292682928 0.030892448512585814
0 0.29801829268292684 0.9302059496567505 0.03201219512195122 0.041189931350114416
0 0.31402439024390244 0.7906178489702517 0.022865853658536585 0.030892448512585814
0 0.2942073170731707 0.7963386727688787 0.019817073170731708 0.02803203661327231
0 0.27515243902439024 0.7917620137299771 0.020579268292682928 0.02402745995423341
0 0.2774390243902439 0.8215102974828375 0.022103658536585365 0.02631578947368421
0 0.24771341463414634 0.8163615560640732 0.0350609756097561 0.04061784897025172
0 0.2606707317073171 0.897025171624714 0.022103658536585365 0.02803203661327231
0 0.2690548780487805 0.9450800915331807 0.025914634146341462 0.02803203661327231
0 0.23246951219512196 0.8958810068649885 0.024390243902439025 0.029748283752860413
0 0.21646341463414634 0.8564073226544623 0.025914634146341462 0.03718535469107551
0 0.19283536585365854 0.8094965675057209 0.025152439024390245 0.029748283752860413
0 0.20579268292682926 0.8872997711670481 0.023628048780487805 0.02917620137299771
0 0.20655487804878048 0.9078947368421053 0.022865853658536585 0.028604118993135013
0 0.2027439024390244 0.9576659038901602 0.027439024390243903 0.036041189931350116
0 0.18597560975609756 0.9044622425629291 0.019817073170731708 0.028604118993135013
0 0.16692073170731708 0.8609839816933639 0.021341463414634148 0.02517162471395881
0 0.17073170731707318 0.9038901601830663 0.022865853658536585 0.029748283752860413
0 0.16158536585365854 0.8106407322654462 0.024390243902439025 0.02402745995423341
0 0.16310975609756098 0.8415331807780321 0.025152439024390245 0.03318077803203661
0 0.14634146341463414 0.8489702517162472 0.022865853658536585 0.034324942791762014
0 0.1600609756097561 0.8535469107551488 0.051067073170731704 0.06407322654462243
0 0.15396341463414634 0.8924485125858124 0.018292682926829267 0.02402745995423341
0 0.15320121951219512 0.9181922196796338 0.020579268292682928 0.02574370709382151
0 0.4809451219512195 0.5766590389016019 0.025152439024390245 0.030892448512585814
0 0.4382621951219512 0.7511441647597255 0.03048780487804878 0.03775743707093822
0 0.42073170731707316 0.7008009153318078 0.02972560975609756 0.03775743707093822
0 0.3932926829268293 0.6916475972540046 0.026676829268292682 0.031464530892448515
0 0.5076219512195121 0.38615560640732266 0.024390243902439025 0.030892448512585814
0 0.4527439024390244 0.488558352402746 0.026676829268292682 0.036041189931350116
0 0.39939024390243905 0.38958810068649885 0.025914634146341462 0.032036613272311214
0 0.3788109756097561 0.36441647597254007 0.028963414634146343 0.03775743707093822
0 0.35289634146341464 0.33466819221967964 0.03353658536585366 0.04233409610983982
0 0.33765243902439024 0.21910755148741418 0.026676829268292682 0.03489702517162471
0 0.3163109756097561 0.5903890160183066 0.022865853658536585 0.03032036613272311
0 0.31402439024390244 0.7110983981693364 0.022103658536585365 0.02745995423340961
0 0.29573170731707316 0.6693363844393593 0.019817073170731708 0.02231121281464531
0 0.26753048780487804 0.7128146453089245 0.025152439024390245 0.02631578947368421
0 0.22865853658536586 0.7019450800915332 0.021341463414634148 0.02745995423340961
0 0.2339939024390244 0.7540045766590389 0.024390243902439025 0.028604118993135013
0 0.16844512195121952 0.4548054919908467 0.023628048780487805 0.033752860411899316
0 0.4070121951219512 0.49084668192219677 0.025152439024390245 0.031464530892448515