0 0.8100671140939597 0.04830053667262969 0.019463087248322148 0.027728085867620753
0 0.8694630872483221 0.08765652951699464 0.027516778523489934 0.03398926654740608
0 0.7154362416107383 0.17128801431127014 0.021476510067114093 0.0259391771019678
0 0.824496644295302 0.7352415026833632 0.0436241610738255 0.059033989266547404
0 0.8097315436241611 0.6507155635062611 0.024161073825503355 0.03220035778175313
0 0.7395973154362416 0.723613595706619 0.036241610738255034 0.04740608228980322
0 0.7657718120805369 0.8090339892665475 0.03758389261744966 0.04830053667262969
0 0.788255033557047 0.8072450805008945 0.03691275167785235 0.05366726296958855
0 0.8885906040268456 0.7808586762075134 0.032885906040268455 0.044722719141323794
0 0.811744966442953 0.8470483005366727 0.03959731543624161 0.057245080500894455
0 0.7130872483221476 0.8305008944543828 0.04429530201342282 0.05635062611806798
0 0.8748322147651006 0.84391771019678 0.038926174496644296 0.052772808586762074
0 0.9114093959731544 0.8014311270125224 0.03355704697986577 0.044722719141323794
0 0.8489932885906041 0.8466010733452594 0.03758389261744966 0.049194991055456175
0 0.6738255033557047 0.8564400715563506 0.04429530201342282 0.055456171735241505
0 0.8342281879194631 0.8774597495527728 0.04429530201342282 0.0518783542039356
0 0.7926174496644295 0.5907871198568873 0.024832214765100672 0.03398926654740608
0 0.7332214765100671 0.5062611806797853 0.03355704697986577 0.04025044722719141
0 0.7369127516778523 0.5348837209302325 0.025503355704697986 0.03220035778175313
0 0.724496644295302 0.2513416815742397 0.024161073825503355 0.03130590339892665
0 0.5614093959731543 0.3085867620751342 0.03691275167785235 0.04382826475849732
0 0.5818791946308725 0.33273703041144903 0.024161073825503355 0.0259391771019678
0 0.5848993288590604 0.1037567084078712 0.019463087248322148 0.026833631484794274
0 0.3838926174496644 0.8895348837209303 0.019463087248322148 0.027728085867620753
0 0.4097315436241611 0.9154740608228981 0.02080536912751678 0.028622540250447227
0 0.3812080536912752 0.9838998211091234 0.02348993288590604 0.03130590339892665
0 0.24093959731543624 0.9110017889087657 0.021476510067114093 0.03130590339892665
0 0.16006711409395974 0.8899821109123435 0.020134228187919462 0.0259391771019678
0 0.24261744966442952 0.9874776386404294 0.019463087248322148 0.025044722719141325
0 0.21174496644295301 0.9503577817531306 0.030201342281879196 0.03667262969588551
0 0.2302013422818792 0.9731663685152058 0.02214765100671141 0.029516994633273702
0 0.6664429530201342 0.6194096601073346 0.03691275167785235 0.046511627906976744
0 0.6681208053691275 0.6511627906976745 0.04161073825503356 0.05456171735241502
0 0.12281879194630872 0.13416815742397137 0.04429530201342282 0.04561717352415027
0 0.4936241610738255 0.3644901610017889 0.04496644295302014 0.0626118067978533
0 0.4966442953020134 0.4141323792486583 0.04899328859060403 0.06529516994633273
0 0.4912751677852349 0.4467799642218247 0.049664429530201344 0.05992844364937388
0 0.5251677852348994 0.24194991055456172 0.053691275167785234 0.06708407871198568
0 0.5989932885906041 0.8917710196779964 0.052348993288590606 0.06529516994633273
0 0.6399328859060402 0.9297853309481217 0.05167785234899329 0.07692307692307693
0 0.6758389261744966 0.9320214669051878 0.05100671140939597 0.057245080500894455
0 0.8016778523489932 0.39758497316636854 0.052348993288590606 0.06618962432915922
0 0.7651006711409396 0.3152951699463327 0.040268456375838924 0.05366726296958855
0 0.8026845637583893 0.315742397137746 0.03825503355704698 0.0518783542039356