0 0.6302083333333334 0.75 0.040364583333333336 0.03955078125
0 0.578125 0.734375 0.038411458333333336 0.03759765625
0 0.58203125 0.69140625 0.037109375 0.03564453125
0 0.6197916666666666 0.705078125 0.029947916666666668 0.029296875
0 0.6484375 0.68359375 0.031901041666666664 0.03076171875
0 0.6666666666666666 0.71337890625 0.026041666666666668 0.025390625
0 0.6790364583333334 0.76416015625 0.027994791666666668 0.02734375
0 0.6614583333333334 0.751953125 0.029296875 0.02880859375
0 0.6595052083333334 0.77978515625 0.033203125 0.03173828125
0 0.6979166666666666 0.7392578125 0.033203125 0.03271484375
0 0.6471354166666666 0.79736328125 0.0234375 0.0224609375
0 0.5579427083333334 0.89599609375 0.029947916666666668 0.029296875
0 0.5670572916666666 0.802734375 0.02734375 0.0263671875
0 0.5364583333333334 0.8408203125 0.022786458333333332 0.0224609375
0 0.5091145833333334 0.81884765625 0.028645833333333332 0.02734375
0 0.49609375 0.79150390625 0.045572916666666664 0.0439453125
0 0.5390625 0.77978515625 0.029296875 0.0283203125
0 0.4765625 0.8154296875 0.037109375 0.03564453125
0 0.5078125 0.720703125 0.033854166666666664 0.03369140625
0 0.5358072916666666 0.71533203125 0.029296875 0.0283203125
0 0.5319010416666666 0.689453125 0.030598958333333332 0.0302734375
0 0.5481770833333334 0.7294921875 0.029947916666666668 0.029296875
0 0.4720052083333333 0.7421875 0.03515625 0.0341796875
0 0.482421875 0.72314453125 0.026041666666666668 0.025390625
0 0.4680989583333333 0.68115234375 0.020833333333333332 0.0205078125
0 0.47265625 0.6650390625 0.028645833333333332 0.02685546875
0 0.4928385416666667 0.65087890625 0.03125 0.03076171875
0 0.4518229166666667 0.7041015625 0.022786458333333332 0.02197265625
0 0.4375 0.7236328125 0.039713541666666664 0.037109375
0 0.39453125 0.654296875 0.031901041666666664 0.03173828125
0 0.3815104166666667 0.63720703125 0.03125 0.0302734375
0 0.35546875 0.6787109375 0.031901041666666664 0.03125
0 0.3346354166666667 0.6435546875 0.03125 0.03076171875
0 0.3658854166666667 0.6044921875 0.032552083333333336 0.0322265625
0 0.5279947916666666 0.58056640625 0.021484375 0.0205078125
0 0.5859375 0.5498046875 0.028645833333333332 0.02783203125
0 0.6399739583333334 0.53515625 0.026692708333333332 0.0263671875
0 0.6100260416666666 0.5234375 0.024088541666666668 0.0234375
0 0.61328125 0.49609375 0.024088541666666668 0.0234375
0 0.6640625 0.55078125 0.022135416666666668 0.02197265625
0 0.5729166666666666 0.5078125 0.022135416666666668 0.02197265625
0 0.5377604166666666 0.51123046875 0.017578125 0.01708984375
0 0.5807291666666666 0.46240234375 0.022135416666666668 0.02197265625
0 0.5833333333333334 0.4228515625 0.021484375 0.021484375
0 0.5703125 0.4140625 0.020182291666666668 0.01953125
0 0.5475260416666666 0.6025390625 0.022786458333333332 0.0224609375
0 0.5384114583333334 0.58935546875 0.020833333333333332 0.0205078125
0 0.72265625 0.580078125 0.024088541666666668 0.0234375
0 0.7135416666666666 0.607421875 0.020182291666666668 0.0205078125
0 0.7389322916666666 0.62353515625 0.024088541666666668 0.0234375
0 0.7513020833333334 0.6572265625 0.018880208333333332 0.0185546875
0 0.7649739583333334 0.63818359375 0.020182291666666668 0.02001953125
0 0.7630208333333334 0.62548828125 0.020182291666666668 0.02001953125
0 0.7408854166666666 0.6513671875 0.021484375 0.0205078125
0 0.7096354166666666 0.66162109375 0.026692708333333332 0.0263671875
0 0.6946614583333334 0.658203125 0.022786458333333332 0.0224609375
0 0.6848958333333334 0.69970703125 0.0234375 0.0224609375
0 0.490234375 0.46435546875 0.014973958333333334 0.01416015625
0 0.5201822916666666 0.474609375 0.021484375 0.02099609375
0 0.548828125 0.4912109375 0.018880208333333332 0.0185546875
0 0.5462239583333334 0.40869140625 0.016276041666666668 0.015625
0 0.5013020833333334 0.44384765625 0.020833333333333332 0.0205078125