0 0.9285714285714286 0.15139296187683285 0.011538461538461539 0.013196480938416423
0 0.9145604395604395 0.21114369501466276 0.014835164835164835 0.01906158357771261
0 0.9296703296703297 0.19318181818181818 0.013186813186813187 0.017595307917888565
0 0.8623626373626374 0.23900293255131966 0.015934065934065933 0.011730205278592375
0 0.8510989010989011 0.15029325513196481 0.012637362637362638 0.01466275659824047
0 0.8807692307692307 0.1092375366568915 0.013736263736263736 0.015395894428152493
0 0.8832417582417582 0.09970674486803519 0.01868131868131868 0.02126099706744868
0 0.9019230769230769 0.08504398826979472 0.01098901098901099 0.01466275659824047
0 0.8788461538461538 0.05791788856304985 0.011538461538461539 0.013196480938416423
0 0.9126373626373626 0.06744868035190615 0.014285714285714285 0.013929618768328446
0 0.8714285714285714 0.07771260997067449 0.011538461538461539 0.013196480938416423
0 0.8571428571428571 0.06378299120234604 0.01703296703296703 0.019794721407624633
0 0.3173076923076923 0.9908357771260997 0.023626373626373626 0.018328445747800588
0 0.27362637362637365 0.9835043988269795 0.018131868131868133 0.02346041055718475
0 0.28736263736263734 0.9860703812316716 0.017582417582417582 0.02785923753665689
0 0.3557692307692308 0.9769061583577713 0.016483516483516484 0.025659824046920823
0 0.4239010989010989 0.9714076246334311 0.014835164835164835 0.019794721407624633
0 0.4346153846153846 0.9915689149560117 0.015384615384615385 0.01686217008797654
0 0.4565934065934066 0.9340175953079178 0.013736263736263736 0.015395894428152493
0 0.4423076923076923 0.9241202346041055 0.015934065934065933 0.015395894428152493
0 0.40384615384615385 0.9237536656891495 0.017582417582417582 0.026392961876832845
0 0.5854395604395605 0.907991202346041 0.007692307692307693 0.013929618768328446
0 0.5914835164835165 0.907624633431085 0.005494505494505495 0.008064516129032258
0 0.593956043956044 0.9171554252199413 0.008791208791208791 0.012463343108504398
0 0.640934065934066 0.9791055718475073 0.011538461538461539 0.013929618768328446
0 0.6939560439560439 0.9167888563049853 0.007692307692307693 0.012463343108504398
0 0.6925824175824176 0.9497800586510264 0.007692307692307693 0.012463343108504398
0 0.6807692307692308 0.967375366568915 0.008791208791208791 0.011730205278592375
0 0.6214285714285714 0.9127565982404692 0.007692307692307693 0.010263929618768328
0 0.6222527472527473 0.8841642228739003 0.007692307692307693 0.010263929618768328
0 0.646978021978022 0.8969941348973607 0.007692307692307693 0.009530791788856305
0 0.6642857142857143 0.6469941348973607 0.00934065934065934 0.01466275659824047
0 0.6664835164835164 0.6616568914956011 0.012087912087912088 0.011730205278592375
0 0.6651098901098901 0.6946480938416423 0.008791208791208791 0.013929618768328446
0 0.609065934065934 0.6151026392961877 0.012087912087912088 0.010997067448680353
0 0.6645604395604395 0.4472140762463343 0.010439560439560439 0.012463343108504398
0 0.7854395604395604 0.13269794721407624 0.010439560439560439 0.019794721407624633
0 0.7953296703296703 0.13196480938416422 0.00934065934065934 0.01466275659824047
0 0.9178571428571428 0.43621700879765396 0.02142857142857143 0.02932551319648094
0 0.8739010989010989 0.532624633431085 0.01703296703296703 0.020527859237536656
0 0.8478021978021978 0.8266129032258065 0.013186813186813187 0.019794721407624633
0 0.8414835164835165 0.8027859237536656 0.013186813186813187 0.01686217008797654
0 0.9024725274725275 0.8042521994134897 0.011538461538461539 0.01466275659824047
0 0.9348901098901099 0.9402492668621701 0.013186813186813187 0.01906158357771261
0 0.8901098901098901 0.8786656891495601 0.010439560439560439 0.017595307917888565
0 0.8373626373626374 0.8815982404692082 0.011538461538461539 0.01466275659824047
0 0.846978021978022 0.875 0.013186813186813187 0.017595307917888565
0 0.8574175824175824 0.8691348973607038 0.00934065934065934 0.01466275659824047
0 0.8554945054945055 0.9611436950146628 0.010439560439560439 0.01686217008797654
0 0.9010989010989011 0.9219208211143695 0.012637362637362638 0.020527859237536656
0 0.8862637362637362 0.9457478005865103 0.019230769230769232 0.02346041055718475
0 0.887087912087912 0.9398826979472141 0.007692307692307693 0.010263929618768328
0 0.41510989010989013 0.6631231671554252 0.013186813186813187 0.02126099706744868
0 0.39587912087912086 0.6909824046920822 0.014835164835164835 0.020527859237536656
0 0.40796703296703296 0.7338709677419355 0.014835164835164835 0.017595307917888565
0 0.3914835164835165 0.7382697947214076 0.01703296703296703 0.022727272727272728
0 0.4423076923076923 0.8093841642228738 0.016483516483516484 0.021994134897360705
0 0.41016483516483515 0.8211143695014663 0.01703296703296703 0.020527859237536656
0 0.34203296703296704 0.8038856304985337 0.015934065934065933 0.017595307917888565
0 0.7879120879120879 0.5436217008797654 0.02142857142857143 0.02346041055718475
0 0.7793956043956044 0.5663489736070382 0.024725274725274724 0.03152492668621701
0 0.8118131868131868 0.5516862170087976 0.023626373626373626 0.03225806451612903
0 0.8137362637362637 0.6140029325513197 0.02912087912087912 0.032991202346041054
0 0.8774725274725275 0.6096041055718475 0.025274725274725275 0.03225806451612903
0 0.8739010989010989 0.6513929618768328 0.025274725274725275 0.0344574780058651
0 0.826098901098901 0.6656891495601173 0.03021978021978022 0.038856304985337244
0 0.8494505494505494 0.6708211143695014 0.024725274725274724 0.03519061583577713
0 0.8304945054945055 0.6348973607038123 0.020879120879120878 0.030058651026392963
0 0.8513736263736263 0.6224340175953079 0.025824175824175823 0.03519061583577713
0 0.7884615384615384 0.5032991202346041 0.02912087912087912 0.036656891495601175
0 0.8744505494505495 0.43621700879765396 0.022527472527472527 0.032991202346041054
0 0.7233516483516483 0.4600439882697947 0.03021978021978022 0.04105571847507331
0 0.20137362637362638 0.18181818181818182 0.015384615384615385 0.018328445747800588
0 0.26565934065934066 0.21994134897360704 0.015384615384615385 0.019794721407624633
0 0.28708791208791207 0.23240469208211142 0.015384615384615385 0.02126099706744868
0 0.1519230769230769 0.2093108504398827 0.017582417582417582 0.026392961876832845
0 0.10631868131868132 0.12683284457478006 0.013186813186813187 0.01906158357771261
0 0.06236263736263736 0.12976539589442815 0.015384615384615385 0.01686217008797654
0 0.08461538461538462 0.16348973607038123 0.012087912087912088 0.016129032258064516
0 0.3142857142857143 0.5476539589442815 0.015384615384615385 0.02126099706744868
0 0.3293956043956044 0.5663489736070382 0.018131868131868133 0.027126099706744868
0 0.4239010989010989 0.5971407624633431 0.020879120879120878 0.024926686217008796
0 0.42225274725274725 0.5106304985337243 0.016483516483516484 0.021994134897360705