0 0.67431640625 0.4876302083333333 0.01025390625 0.012369791666666666
0 0.75048828125 0.5006510416666666 0.0087890625 0.008463541666666666
0 0.20166015625 0.171875 0.02197265625 0.0234375
0 0.1494140625 0.16015625 0.01904296875 0.024739583333333332
0 0.16259765625 0.14583333333333334 0.01611328125 0.020182291666666668
0 0.17578125 0.8515625 0.01123046875 0.014973958333333334
0 0.20703125 0.8131510416666666 0.01123046875 0.011067708333333334
0 0.13232421875 0.869140625 0.01416015625 0.020182291666666668
0 0.13330078125 0.8313802083333334 0.01708984375 0.020833333333333332
0 0.1474609375 0.904296875 0.0166015625 0.020182291666666668
0 0.13525390625 0.9192708333333334 0.01513671875 0.016927083333333332
0 0.18701171875 0.9095052083333334 0.01513671875 0.020182291666666668
0 0.166015625 0.8658854166666666 0.00927734375 0.012369791666666666
0 0.16845703125 0.8430989583333334 0.01123046875 0.011067708333333334
0 0.10302734375 0.8365885416666666 0.0146484375 0.020833333333333332
0 0.1240234375 0.853515625 0.0146484375 0.020182291666666668
0 0.11572265625 0.7955729166666666 0.01513671875 0.020182291666666668
0 0.13134765625 0.810546875 0.0166015625 0.018229166666666668
0 0.1005859375 0.755859375 0.025390625 0.027994791666666668
0 0.8583984375 0.884765625 0.01025390625 0.014973958333333334
0 0.8525390625 0.9036458333333334 0.00927734375 0.012369791666666666
0 0.88232421875 0.9036458333333334 0.00927734375 0.012369791666666666
0 0.83642578125 0.8587239583333334 0.009765625 0.01171875
0 0.88818359375 0.8424479166666666 0.00732421875 0.014322916666666666
0 0.76513671875 0.7923177083333334 0.015625 0.017578125
0 0.8720703125 0.8977864583333334 0.0126953125 0.016927083333333332
0 0.515625 0.8522135416666666 0.01318359375 0.017578125
0 0.5 0.8951822916666666 0.0087890625 0.014322916666666666
0 0.51611328125 0.9055989583333334 0.009765625 0.013671875
0 0.45361328125 0.8391927083333334 0.0087890625 0.009765625
0 0.45361328125 0.8893229166666666 0.01025390625 0.013671875
0 0.44873046875 0.82421875 0.01220703125 0.014322916666666666
0 0.44140625 0.8111979166666666 0.0087890625 0.011067708333333334
0 0.453125 0.8125 0.00732421875 0.012369791666666666
0 0.3994140625 0.87890625 0.01318359375 0.014322916666666666
0 0.42529296875 0.876953125 0.0107421875 0.013020833333333334
0 0.46044921875 0.8671875 0.0087890625 0.013020833333333334
0 0.34619140625 0.8430989583333334 0.0087890625 0.011067708333333334
0 0.33935546875 0.8138020833333334 0.0107421875 0.013020833333333334
0 0.3388671875 0.8268229166666666 0.0107421875 0.014973958333333334
0 0.3271484375 0.837890625 0.0107421875 0.011067708333333334
0 0.3359375 0.8470052083333334 0.01123046875 0.014973958333333334
0 0.33642578125 0.8307291666666666 0.0390625 0.054036458333333336
0 0.28125 0.8287760416666666 0.009765625 0.012369791666666666
0 0.298828125 0.8502604166666666 0.0068359375 0.011067708333333334
0 0.28515625 0.8600260416666666 0.0078125 0.009765625
0 0.27099609375 0.86328125 0.01220703125 0.013671875
0 0.3056640625 0.84375 0.0087890625 0.012369791666666666
0 0.275390625 0.7578125 0.00927734375 0.01171875
0 0.26708984375 0.748046875 0.0078125 0.011067708333333334
0 0.2607421875 0.8118489583333334 0.0087890625 0.013020833333333334
0 0.244140625 0.8079427083333334 0.01123046875 0.013671875
0 0.244140625 0.7415364583333334 0.009765625 0.013671875
0 0.29443359375 0.7962239583333334 0.00634765625 0.012369791666666666
0 0.2861328125 0.66796875 0.01123046875 0.012369791666666666
0 0.201171875 0.7688802083333334 0.0087890625 0.012369791666666666
0 0.1806640625 0.7669270833333334 0.013671875 0.012369791666666666
0 0.181640625 0.8802083333333334 0.0078125 0.010416666666666666
0 0.16455078125 0.8860677083333334 0.01611328125 0.017578125
0 0.16357421875 0.9088541666666666 0.01513671875 0.016927083333333332
0 0.14794921875 0.8763020833333334 0.0078125 0.012369791666666666
0 0.1552734375 0.8665364583333334 0.009765625 0.014322916666666666
0 0.0908203125 0.8248697916666666 0.01806640625 0.025390625
0 0.07763671875 0.865234375 0.0185546875 0.021484375
0 0.185546875 0.8626302083333334 0.01513671875 0.01953125
0 0.09716796875 0.9309895833333334 0.00927734375 0.013671875
0 0.08544921875 0.91796875 0.01513671875 0.01953125
0 0.13427734375 0.7916666666666666 0.01416015625 0.020182291666666668
0 0.1005859375 0.7786458333333334 0.0185546875 0.020182291666666668
0 0.13720703125 0.7141927083333334 0.01904296875 0.024739583333333332
0 0.12451171875 0.7259114583333334 0.01171875 0.015625
0 0.18359375 0.7057291666666666 0.00927734375 0.012369791666666666
0 0.078125 0.6171875 0.02294921875 0.024088541666666668
0 0.07763671875 0.5846354166666666 0.017578125 0.022786458333333332
0 0.17431640625 0.5729166666666666 0.0205078125 0.025390625
0 0.1611328125 0.4772135416666667 0.01904296875 0.024088541666666668
0 0.1884765625 0.4967447916666667 0.02099609375 0.024739583333333332
0 0.0849609375 0.44140625 0.02197265625 0.024739583333333332
0 0.06689453125 0.4186197916666667 0.0185546875 0.022135416666666668
0 0.134765625 0.318359375 0.0166015625 0.020182291666666668
0 0.068359375 0.3502604166666667 0.0166015625 0.021484375
0 0.10400390625 0.259765625 0.01611328125 0.0234375
0 0.07177734375 0.24544270833333334 0.015625 0.020833333333333332
0 0.08984375 0.24283854166666666 0.013671875 0.01953125
0 0.26123046875 0.09309895833333333 0.0166015625 0.022786458333333332
0 0.2734375 0.2701822916666667 0.00927734375 0.013020833333333334
0 0.23974609375 0.2903645833333333 0.01123046875 0.016927083333333332
0 0.30810546875 0.498046875 0.00927734375 0.013020833333333334
0 0.2802734375 0.53515625 0.0087890625 0.01171875
0 0.279296875 0.5983072916666666 0.01025390625 0.013020833333333334
0 0.23974609375 0.6399739583333334 0.0078125 0.010416666666666666
0 0.2119140625 0.6666666666666666 0.0078125 0.010416666666666666
0 0.2265625 0.71875 0.01025390625 0.012369791666666666
0 0.21435546875 0.8815104166666666 0.00732421875 0.009765625
0 0.29833984375 0.9166666666666666 0.00732421875 0.009765625
0 0.34765625 0.8020833333333334 0.009765625 0.013020833333333334
0 0.4091796875 0.677734375 0.013671875 0.016276041666666668
0 0.42333984375 0.6627604166666666 0.01123046875 0.013671875
0 0.38330078125 0.6595052083333334 0.01123046875 0.011067708333333334
0 0.3623046875 0.6770833333333334 0.00927734375 0.010416666666666666
0 0.3857421875 0.5690104166666666 0.0078125 0.01171875
0 0.40625 0.5833333333333334 0.009765625 0.010416666666666666
0 0.421875 0.47265625 0.01025390625 0.013671875
0 0.35107421875 0.5013020833333334 0.01025390625 0.013671875
0 0.353515625 0.3196614583333333 0.0146484375 0.01953125
0 0.3271484375 0.07942708333333333 0.0244140625 0.022786458333333332
0 0.40234375 0.07747395833333333 0.02001953125 0.0234375
0 0.5087890625 0.5227864583333334 0.00927734375 0.013020833333333334
0 0.5341796875 0.5364583333333334 0.0146484375 0.016276041666666668
0 0.48828125 0.576171875 0.0087890625 0.012369791666666666
0 0.5517578125 0.716796875 0.01123046875 0.012369791666666666
0 0.58447265625 0.7734375 0.0078125 0.013020833333333334
0 0.59423828125 0.7623697916666666 0.01220703125 0.014973958333333334
0 0.5712890625 0.7858072916666666 0.01513671875 0.016276041666666668
0 0.59765625 0.83984375 0.009765625 0.014322916666666666
0 0.5390625 0.9010416666666666 0.017578125 0.024739583333333332
0 0.5703125 0.9055989583333334 0.0185546875 0.0234375
0 0.47998046875 0.888671875 0.01025390625 0.012369791666666666
0 0.5419921875 0.900390625 0.0087890625 0.011067708333333334
0 0.56884765625 0.900390625 0.00732421875 0.010416666666666666
0 0.697265625 0.7109375 0.01123046875 0.014322916666666666
0 0.6455078125 0.6673177083333334 0.01123046875 0.012369791666666666
0 0.6064453125 0.6881510416666666 0.00927734375 0.011067708333333334
0 0.6806640625 0.541015625 0.0087890625 0.011067708333333334
0 0.67138671875 0.5670572916666666 0.0087890625 0.011067708333333334
0 0.6533203125 0.37109375 0.01123046875 0.014973958333333334
0 0.681640625 0.11002604166666667 0.0166015625 0.024739583333333332
0 0.6572265625 0.111328125 0.02001953125 0.0234375
0 0.72607421875 0.09895833333333333 0.01953125 0.0234375
0 0.76953125 0.2682291666666667 0.01171875 0.016927083333333332
0 0.77001953125 0.2858072916666667 0.01953125 0.027994791666666668
0 0.77587890625 0.6595052083333334 0.0126953125 0.016276041666666668
0 0.74951171875 0.9088541666666666 0.013671875 0.018880208333333332
0 0.7841796875 0.904296875 0.009765625 0.014322916666666666
0 0.79736328125 0.9075520833333334 0.01318359375 0.01953125
0 0.8994140625 0.8268229166666666 0.00927734375 0.010416666666666666
0 0.8671875 0.8079427083333334 0.0087890625 0.013020833333333334
0 0.89453125 0.7083333333333334 0.00927734375 0.013020833333333334
0 0.89306640625 0.72265625 0.0107421875 0.013671875
0 0.884765625 0.6803385416666666 0.0078125 0.010416666666666666
0 0.90283203125 0.609375 0.0205078125 0.02734375
0 0.8974609375 0.544921875 0.01806640625 0.026041666666666668
0 0.923828125 0.580078125 0.01904296875 0.025390625
0 0.86669921875 0.5716145833333334 0.0205078125 0.022135416666666668
0 0.88232421875 0.5696614583333334 0.01904296875 0.024739583333333332
0 0.8955078125 0.4993489583333333 0.013671875 0.020182291666666668
0 0.90771484375 0.482421875 0.0234375 0.027994791666666668
0 0.904296875 0.4388020833333333 0.01416015625 0.016927083333333332
0 0.9033203125 0.451171875 0.013671875 0.014973958333333334
0 0.8740234375 0.4609375 0.02099609375 0.026041666666666668
0 0.89794921875 0.4453125 0.025390625 0.031901041666666664
0 0.82958984375 0.3046875 0.0185546875 0.022786458333333332
0 0.84375 0.2766927083333333 0.01806640625 0.022135416666666668
0 0.30078125 0.3782552083333333 0.01123046875 0.014973958333333334
0 0.30810546875 0.3424479166666667 0.01123046875 0.012369791666666666
0 0.35498046875 0.24609375 0.01123046875 0.014322916666666666
0 0.3486328125 0.4635416666666667 0.01416015625 0.016276041666666668
0 0.35009765625 0.6178385416666666 0.013671875 0.013671875
0 0.3173828125 0.6315104166666666 0.01123046875 0.013671875
0 0.28759765625 0.08203125 0.0205078125 0.022786458333333332
0 0.220703125 0.16666666666666666 0.0205078125 0.027994791666666668
0 0.08642578125 0.322265625 0.02392578125 0.029947916666666668
0 0.1181640625 0.3001302083333333 0.0224609375 0.02734375
0 0.1591796875 0.3834635416666667 0.0244140625 0.03125
0 0.08203125 0.5533854166666666 0.02099609375 0.024088541666666668
0 0.107421875 0.7578125 0.01513671875 0.0234375