0 0.375 0.9225563909774436 0.1343115124153499 0.12781954887218044
0 0.5962189616252822 0.7541353383458647 0.16252821670428894 0.1593984962406015
0 0.6594243792325056 0.6827067669172933 0.19187358916478556 0.18571428571428572
0 0.6165349887133182 0.6921052631578948 0.1162528216704289 0.11353383458646617
0 0.6977990970654627 0.6804511278195489 0.12302483069977427 0.11203007518796992
0 0.7265801354401806 0.5943609022556391 0.11738148984198646 0.12255639097744361
0 0.7835778781038375 0.5409774436090226 0.1399548532731377 0.13383458646616542
0 0.6396726862302483 0.5210526315789473 0.12358916478555304 0.11503759398496241
0 0.8874153498871332 0.3281954887218045 0.1162528216704289 0.11052631578947368
0 0.9427200902934537 0.29962406015037596 0.10891647855530474 0.10676691729323308
0 0.6724040632054176 0.23345864661654137 0.12302483069977427 0.11879699248120301
0 0.5849322799097065 0.19210526315789472 0.11738148984198646 0.11203007518796992
0 0.6329006772009029 0.2669172932330827 0.13261851015801354 0.12781954887218044
0 0.6628103837471784 0.16729323308270677 0.11117381489841986 0.10827067669172932
0 0.7220654627539503 0.20451127819548873 0.11173814898419865 0.10300751879699248
0 0.5256772009029346 0.2883458646616541 0.11060948081264109 0.10827067669172932
0 0.435665914221219 0.35714285714285715 0.12697516930022573 0.12255639097744361
0 0.42494356659142213 0.42105263157894735 0.11738148984198646 0.11654135338345864
0 0.4957674943566591 0.4319548872180451 0.09706546275395034 0.09774436090225563
0 0.5468397291196389 0.4703007518796993 0.10496613995485328 0.1037593984962406
0 0.4221218961625282 0.6770676691729324 0.1100451467268623 0.10676691729323308
0 0.3154627539503386 0.6293233082706767 0.10045146726862303 0.0962406015037594
0 0.3007900677200903 0.5740601503759398 0.09537246049661399 0.09097744360902256
0 0.30248306997742663 0.7729323308270677 0.09480812641083522 0.09398496240601503
0 0.06574492099322798 0.6515037593984963 0.09706546275395034 0.09548872180451128
0 0.14672686230248308 0.5375939849624061 0.09593679458239278 0.09924812030075188
0 0.22827313769751692 0.3868421052631579 0.11230248306997742 0.1037593984962406
0 0.20569977426636568 0.412781954887218 0.08803611738148984 0.08045112781954887
0 0.19159142212189617 0.4481203007518797 0.077313769751693 0.07593984962406015
0 0.44243792325056436 0.2714285714285714 0.10158013544018059 0.10526315789473684