0 0.0032816229116945108 0.3339968152866242 0.0065632458233890216 0.015127388535031847
0 0.0805489260143198 0.37778662420382164 0.014319809069212411 0.020700636942675158
0 0.04892601431980907 0.3176751592356688 0.013126491646778043 0.01592356687898089
0 0.6885441527446301 0.9406847133757962 0.013126491646778043 0.01751592356687898
0 0.7374701670644391 0.9175955414012739 0.013723150357995227 0.01751592356687898
0 0.7001789976133651 0.964171974522293 0.011336515513126491 0.007961783439490446
0 0.6679594272076372 0.9705414012738853 0.00954653937947494 0.007165605095541401
0 0.6628878281622912 0.9637738853503185 0.008949880668257757 0.013535031847133758
0 0.6264916467780429 0.9741242038216561 0.013126491646778043 0.016719745222929936
0 0.38096658711217185 0.42197452229299365 0.022673031026252982 0.02786624203821656
0 0.4090095465393795 0.44227707006369427 0.021479713603818614 0.026273885350318472
0 0.368436754176611 0.4796974522292994 0.020883054892601432 0.028662420382165606
0 0.352326968973747 0.482484076433121 0.023269689737470168 0.03264331210191083
0 0.31473747016706444 0.9367038216560509 0.013723150357995227 0.014331210191082803
0 0.2494033412887828 0.9223726114649682 0.010739856801909307 0.01592356687898089
0 0.22285202863961814 0.830812101910828 0.010143198090692125 0.014331210191082803
0 0.2977326968973747 0.46894904458598724 0.02028639618138425 0.02786624203821656
0 0.3031026252983294 0.4605891719745223 0.008949880668257757 0.014331210191082803
0 0.29683770883054894 0.46576433121019106 0.010143198090692125 0.011146496815286623
0 0.2950477326968974 0.4773089171974522 0.015513126491646777 0.018312101910828025
0 0.06324582338902147 0.357484076433121 0.011933174224343675 0.013535031847133758
0 0.06503579952267304 0.3861464968152866 0.010143198090692125 0.015127388535031847
0 0.07816229116945107 0.4020700636942675 0.010143198090692125 0.010350318471337579
0 0.032219570405727926 0.48168789808917195 0.017899761336515514 0.021496815286624203
0 0.06414081145584725 0.47571656050955413 0.014319809069212411 0.020700636942675158
0 0.032219570405727926 0.527468152866242 0.013126491646778043 0.016719745222929936
0 0.06473747016706444 0.7607484076433121 0.01909307875894988 0.030254777070063694
0 0.00477326968973747 0.3734076433121019 0.00954653937947494 0.02388535031847134
0 0.025059665871121718 0.38893312101910826 0.008949880668257757 0.014331210191082803
0 0.19868735083532219 0.44227707006369427 0.022673031026252982 0.027070063694267517
0 0.22613365155131265 0.4518312101910828 0.020883054892601432 0.025477707006369428
0 0.21807875894988066 0.5063694267515924 0.020883054892601432 0.027070063694267517
0 0.2649164677804296 0.45262738853503187 0.016706443914081145 0.018312101910828025
0 0.2717780429594272 0.5477707006369427 0.01909307875894988 0.027070063694267517
0 0.3087708830548926 0.48686305732484075 0.014319809069212411 0.020700636942675158
0 0.2619331742243437 0.7173566878980892 0.016706443914081145 0.019904458598726114
0 0.24970167064439142 0.7655254777070064 0.022673031026252982 0.025477707006369428
0 0.4379474940334129 0.5461783439490446 0.015513126491646777 0.020700636942675158
0 0.47225536992840095 0.6596337579617835 0.014319809069212411 0.018312101910828025
0 0.04295942720763723 0.7070063694267515 0.030429594272076373 0.03901273885350318
0 0.07905727923627685 0.7125796178343949 0.027446300715990454 0.03264331210191083
0 0.018496420047732696 0.696656050955414 0.007756563245823389 0.025477707006369428
0 0.028639618138424822 0.7595541401273885 0.014916467780429593 0.024681528662420384
0 0.043257756563245826 0.785828025477707 0.0220763723150358 0.030254777070063694