0 0.9687919463087248 0.24776386404293382 0.027516778523489934 0.03309481216457961
0 0.8681208053691275 0.2902504472271914 0.03154362416107383 0.04114490161001789
0 0.9026845637583892 0.08542039355992845 0.03087248322147651 0.03398926654740608
0 0.9701342281879195 0.14579606440071557 0.024832214765100672 0.03220035778175313
0 0.6704697986577182 0.020125223613595707 0.024832214765100672 0.012522361359570662
0 0.675503355704698 0.2839892665474061 0.018120805369127517 0.022361359570661897
0 0.9204697986577182 0.1283542039355993 0.02214765100671141 0.03220035778175313
0 0.9563758389261745 0.17486583184257604 0.014093959731543624 0.014311270125223614
0 0.9083892617449665 0.15608228980322003 0.026174496644295303 0.03220035778175313
0 0.9473154362416107 0.1909660107334526 0.010738255033557046 0.016100178890876567
0 0.9959731543624161 0.15831842576028624 0.008053691275167786 0.014311270125223614
0 0.9852348993288591 0.18649373881932022 0.01476510067114094 0.01699463327370304
0 0.9728187919463087 0.056797853309481214 0.032214765100671144 0.03041144901610018
0 0.9721476510067114 0.14311270125223613 0.011409395973154362 0.016100178890876567
0 0.9590604026845637 0.148479427549195 0.013422818791946308 0.02146690518783542
0 0.10067114093959731 0.11225402504472272 0.01476510067114094 0.016100178890876567
0 0.9523489932885906 0.342128801431127 0.024832214765100672 0.029516994633273702
0 0.7986577181208053 0.04159212880143113 0.022818791946308724 0.03130590339892665
0 0.31208053691275167 0.41323792486583183 0.03422818791946309 0.049194991055456175
0 0.8305369127516778 0.48524150268336314 0.030201342281879196 0.03935599284436494
0 0.6718120805369128 0.3644901610017889 0.03758389261744966 0.044722719141323794
0 0.7906040268456376 0.12701252236135957 0.02348993288590604 0.03309481216457961