0 0.34073107049608353 0.9930313588850174 0.02610966057441253 0.013937282229965157
0 0.4046997389033943 0.9786585365853658 0.012402088772845953 0.018292682926829267
0 0.027741514360313316 0.8397212543554007 0.02349869451697128 0.03048780487804878
0 0.025783289817232376 0.8140243902439024 0.010443864229765013 0.017421602787456445
0 0.04960835509138381 0.8954703832752613 0.0195822454308094 0.020905923344947737
0 0.07245430809399478 0.9085365853658537 0.02154046997389034 0.023519163763066203
0 0.10248041775456919 0.8035714285714286 0.016318537859007835 0.018292682926829267
0 0.10509138381201044 0.894163763066202 0.012402088772845953 0.018292682926829267
0 0.49053524804177545 0.9812717770034843 0.01370757180156658 0.01916376306620209
0 0.49967362924281983 0.9921602787456446 0.012402088772845953 0.0156794425087108
0 0.5156657963446475 0.9947735191637631 0.007832898172323759 0.010452961672473868
0 0.5744125326370757 0.9690766550522648 0.015665796344647518 0.01916376306620209
0 0.37402088772845954 0.8810975609756098 0.016971279373368148 0.02264808362369338
0 0.3681462140992167 0.5426829268292683 0.0195822454308094 0.03048780487804878
0 0.03622715404699739 0.980836236933798 0.02610966057441253 0.036585365853658534