0 0.93408203125 0.734375 0.0283203125 0.037760416666666664
0 0.888671875 0.7565104166666666 0.0263671875 0.02734375
0 0.87890625 0.712890625 0.0224609375 0.02734375
0 0.853515625 0.7259114583333334 0.02880859375 0.035807291666666664
0 0.82861328125 0.7291666666666666 0.02587890625 0.030598958333333332
0 0.845703125 0.8040364583333334 0.02001953125 0.024088541666666668
0 0.904296875 0.6640625 0.01806640625 0.026041666666666668
0 0.9326171875 0.6328125 0.02685546875 0.026692708333333332
0 0.859375 0.6263020833333334 0.01904296875 0.024088541666666668
0 0.86669921875 0.5709635416666666 0.0205078125 0.027994791666666668
0 0.8662109375 0.5266927083333334 0.01708984375 0.020182291666666668
0 0.90380859375 0.5305989583333334 0.02294921875 0.022786458333333332
0 0.87353515625 0.5514322916666666 0.0166015625 0.025390625
0 0.798828125 0.5625 0.02099609375 0.030598958333333332
0 0.73681640625 0.525390625 0.02197265625 0.026041666666666668
0 0.7412109375 0.4765625 0.02392578125 0.024739583333333332
0 0.70947265625 0.521484375 0.017578125 0.027994791666666668
0 0.75634765625 0.4088541666666667 0.01904296875 0.021484375
0 0.755859375 0.3619791666666667 0.01904296875 0.022786458333333332
0 0.77392578125 0.3561197916666667 0.01904296875 0.029296875
0 0.73095703125 0.337890625 0.01904296875 0.020833333333333332
0 0.74609375 0.310546875 0.01953125 0.027994791666666668
0 0.8232421875 0.294921875 0.02197265625 0.02734375
0 0.83642578125 0.27734375 0.021484375 0.02734375
0 0.8076171875 0.3138020833333333 0.02001953125 0.029296875
0 0.7978515625 0.20638020833333334 0.01904296875 0.025390625
0 0.8203125 0.3509114583333333 0.02001953125 0.021484375
0 0.8056640625 0.3359375 0.01904296875 0.022786458333333332
0 0.80029296875 0.3619791666666667 0.0234375 0.02734375
0 0.83935546875 0.412109375 0.02587890625 0.029296875
0 0.6455078125 0.3743489583333333 0.0185546875 0.024088541666666668
0 0.6123046875 0.3326822916666667 0.01806640625 0.024739583333333332
0 0.6142578125 0.31640625 0.02001953125 0.0234375
0 0.59814453125 0.392578125 0.01611328125 0.024088541666666668
0 0.59033203125 0.4283854166666667 0.01953125 0.024739583333333332
0 0.5947265625 0.4713541666666667 0.01904296875 0.020182291666666668
0 0.61865234375 0.4583333333333333 0.01953125 0.024739583333333332
0 0.6357421875 0.5032552083333334 0.01904296875 0.026041666666666668
0 0.5732421875 0.5045572916666666 0.0205078125 0.0234375
0 0.56884765625 0.529296875 0.02001953125 0.0234375
0 0.443359375 0.556640625 0.01806640625 0.020182291666666668
0 0.46484375 0.6126302083333334 0.01806640625 0.0234375
0 0.47412109375 0.6360677083333334 0.02099609375 0.0234375
0 0.49609375 0.7063802083333334 0.0205078125 0.022135416666666668
0 0.390625 0.6842447916666666 0.02294921875 0.026041666666666668
0 0.43994140625 0.8548177083333334 0.021484375 0.029296875
0 0.4560546875 0.85546875 0.0205078125 0.032552083333333336
0 0.4052734375 0.8645833333333334 0.017578125 0.026692708333333332
0 0.38232421875 0.8717447916666666 0.02392578125 0.026692708333333332
0 0.33251953125 0.7708333333333334 0.0244140625 0.030598958333333332
0 0.35107421875 0.6861979166666666 0.02587890625 0.026692708333333332
0 0.35009765625 0.7161458333333334 0.0244140625 0.02734375
0 0.3037109375 0.7194010416666666 0.0224609375 0.02734375
0 0.28076171875 0.732421875 0.025390625 0.02734375
0 0.30029296875 0.7578125 0.02392578125 0.024739583333333332
0 0.30419921875 0.6184895833333334 0.025390625 0.03515625
0 0.25537109375 0.607421875 0.02734375 0.029947916666666668
0 0.3056640625 0.591796875 0.02392578125 0.024088541666666668
0 0.45556640625 0.3990885416666667 0.017578125 0.020182291666666668
0 0.39208984375 0.3932291666666667 0.01708984375 0.028645833333333332
0 0.455078125 0.4680989583333333 0.02685546875 0.024088541666666668
0 0.48095703125 0.359375 0.0224609375 0.020833333333333332
0 0.41064453125 0.2727864583333333 0.0234375 0.02734375
0 0.40966796875 0.22330729166666666 0.0205078125 0.024739583333333332
0 0.44580078125 0.22916666666666666 0.02490234375 0.03125
0 0.45751953125 0.2734375 0.02001953125 0.018880208333333332
0 0.494140625 0.2727864583333333 0.0185546875 0.022135416666666668
0 0.4296875 0.17252604166666666 0.01708984375 0.022135416666666668
0 0.44287109375 0.154296875 0.0205078125 0.024088541666666668
0 0.4384765625 0.109375 0.01953125 0.020182291666666668
0 0.39990234375 0.16471354166666666 0.0205078125 0.022786458333333332
0 0.50537109375 0.10416666666666667 0.0244140625 0.024739583333333332
0 0.47705078125 0.17838541666666666 0.02685546875 0.02734375
0 0.53271484375 0.19010416666666666 0.0224609375 0.024739583333333332
0 0.5341796875 0.21744791666666666 0.02490234375 0.0234375
0 0.546875 0.24869791666666666 0.0185546875 0.020833333333333332
0 0.75927734375 0.6373697916666666 0.0185546875 0.020833333333333332
0 0.771484375 0.6627604166666666 0.0166015625 0.022786458333333332
0 0.7412109375 0.6803385416666666 0.02294921875 0.025390625
0 0.76416015625 0.6920572916666666 0.0146484375 0.016927083333333332
0 0.74609375 0.7259114583333334 0.01318359375 0.017578125
0 0.7646484375 0.7376302083333334 0.01806640625 0.018229166666666668
0 0.72119140625 0.7259114583333334 0.013671875 0.020182291666666668
0 0.77392578125 0.701171875 0.013671875 0.018229166666666668