0 0.455078125 0.13606770833333334 0.02099609375 0.01953125
0 0.490234375 0.16861979166666666 0.02099609375 0.018880208333333332
0 0.48291015625 0.15755208333333334 0.02294921875 0.021484375
0 0.39501953125 0.22135416666666666 0.0244140625 0.022135416666666668
0 0.41015625 0.20572916666666666 0.021484375 0.01953125
0 0.4228515625 0.22721354166666666 0.02734375 0.024739583333333332
0 0.43017578125 0.1875 0.02734375 0.024739583333333332
0 0.3681640625 0.234375 0.02685546875 0.024739583333333332
0 0.36474609375 0.267578125 0.0283203125 0.026041666666666668
0 0.36962890625 0.294921875 0.0244140625 0.0234375
0 0.34814453125 0.337890625 0.02294921875 0.020833333333333332
0 0.2802734375 0.3782552083333333 0.0224609375 0.020833333333333332
0 0.34912109375 0.3860677083333333 0.025390625 0.022786458333333332
0 0.3681640625 0.3919270833333333 0.0263671875 0.024088541666666668
0 0.291015625 0.4192708333333333 0.02490234375 0.0234375
0 0.28564453125 0.44921875 0.02294921875 0.022786458333333332
0 0.2705078125 0.4544270833333333 0.0244140625 0.022135416666666668
0 0.26953125 0.4348958333333333 0.0263671875 0.024739583333333332
0 0.25830078125 0.4134114583333333 0.0224609375 0.020833333333333332
0 0.22314453125 0.44921875 0.0224609375 0.021484375
0 0.21337890625 0.3763020833333333 0.02001953125 0.018229166666666668
0 0.224609375 0.3841145833333333 0.0234375 0.022135416666666668
0 0.17724609375 0.447265625 0.02490234375 0.022786458333333332
0 0.16455078125 0.447265625 0.0205078125 0.020833333333333332
0 0.14501953125 0.4889322916666667 0.02099609375 0.020833333333333332
0 0.2041015625 0.458984375 0.025390625 0.024088541666666668
0 0.17919921875 0.4973958333333333 0.02197265625 0.020833333333333332
0 0.1748046875 0.509765625 0.0185546875 0.017578125
0 0.12841796875 0.4993489583333333 0.01708984375 0.017578125
0 0.08251953125 0.5768229166666666 0.0234375 0.022135416666666668
0 0.08447265625 0.5911458333333334 0.02001953125 0.018229166666666668
0 0.11279296875 0.59375 0.0244140625 0.022135416666666668
0 0.11767578125 0.5963541666666666 0.01904296875 0.018880208333333332
0 0.10791015625 0.5924479166666666 0.01953125 0.018880208333333332
0 0.193359375 0.6184895833333334 0.0234375 0.022786458333333332
0 0.18408203125 0.6067708333333334 0.0244140625 0.0234375
0 0.224609375 0.6484375 0.02392578125 0.022135416666666668
0 0.2421875 0.6341145833333334 0.01904296875 0.017578125
0 0.34326171875 0.5709635416666666 0.025390625 0.025390625
0 0.337890625 0.541015625 0.02392578125 0.022135416666666668
0 0.35498046875 0.5377604166666666 0.0244140625 0.022786458333333332
0 0.35791015625 0.470703125 0.0302734375 0.02734375
0 0.341796875 0.44921875 0.02685546875 0.025390625
0 0.3984375 0.4270833333333333 0.0234375 0.022135416666666668
0 0.392578125 0.4049479166666667 0.02685546875 0.025390625
0 0.41015625 0.3990885416666667 0.03125 0.029947916666666668
0 0.4248046875 0.375 0.02392578125 0.022135416666666668
0 0.38818359375 0.3463541666666667 0.02392578125 0.022135416666666668
0 0.40087890625 0.3391927083333333 0.02392578125 0.022135416666666668
0 0.57861328125 0.11588541666666667 0.0224609375 0.020833333333333332
0 0.61962890625 0.11263020833333333 0.0244140625 0.0234375
0 0.64892578125 0.2760416666666667 0.02783203125 0.025390625
0 0.6455078125 0.34765625 0.02978515625 0.029947916666666668
0 0.63818359375 0.33203125 0.0263671875 0.026041666666666668
0 0.591796875 0.4016927083333333 0.0234375 0.022135416666666668
0 0.5859375 0.416015625 0.02734375 0.026692708333333332
0 0.5712890625 0.4016927083333333 0.02783203125 0.026041666666666668
0 0.623046875 0.400390625 0.0263671875 0.024739583333333332
0 0.62060546875 0.3756510416666667 0.02685546875 0.025390625
0 0.49609375 0.3391927083333333 0.029296875 0.027994791666666668
0 0.47509765625 0.3899739583333333 0.025390625 0.024739583333333332
0 0.52783203125 0.416015625 0.0234375 0.022135416666666668
0 0.51318359375 0.4420572916666667 0.02099609375 0.020833333333333332
0 0.4951171875 0.42578125 0.02392578125 0.022135416666666668
0 0.46435546875 0.4524739583333333 0.0224609375 0.021484375
0 0.4501953125 0.44140625 0.0283203125 0.02734375
0 0.4482421875 0.4641927083333333 0.0244140625 0.022135416666666668
0 0.4892578125 0.4895833333333333 0.0244140625 0.022786458333333332
0 0.4365234375 0.482421875 0.0244140625 0.022786458333333332
0 0.4189453125 0.486328125 0.02490234375 0.022786458333333332
0 0.45361328125 0.517578125 0.021484375 0.020182291666666668
0 0.44580078125 0.6438802083333334 0.0244140625 0.0234375
0 0.4599609375 0.6705729166666666 0.0263671875 0.025390625
0 0.55908203125 0.54296875 0.0234375 0.022135416666666668
0 0.59033203125 0.5182291666666666 0.03125 0.029947916666666668
0 0.55126953125 0.470703125 0.02392578125 0.022135416666666668
0 0.8232421875 0.3483072916666667 0.0263671875 0.024739583333333332
0 0.8603515625 0.3665364583333333 0.02587890625 0.025390625
0 0.88427734375 0.3802083333333333 0.02294921875 0.022135416666666668
0 0.892578125 0.3860677083333333 0.0263671875 0.026041666666666668
0 0.876953125 0.3684895833333333 0.01953125 0.01953125
0 0.8974609375 0.3587239583333333 0.02783203125 0.026041666666666668
0 0.9013671875 0.3430989583333333 0.029296875 0.02734375
0 0.95068359375 0.3372395833333333 0.0224609375 0.022135416666666668
0 0.93115234375 0.3580729166666667 0.02197265625 0.022135416666666668
0 0.94873046875 0.3658854166666667 0.0224609375 0.021484375
0 0.8798828125 0.4609375 0.01953125 0.01953125
0 0.85205078125 0.4635416666666667 0.0244140625 0.024088541666666668
0 0.8046875 0.4765625 0.02734375 0.028645833333333332
0 0.82666015625 0.5462239583333334 0.02587890625 0.024739583333333332
0 0.7900390625 0.5677083333333334 0.0234375 0.020833333333333332
0 0.80419921875 0.5852864583333334 0.0185546875 0.018229166666666668
0 0.818359375 0.5703125 0.0205078125 0.01953125
0 0.74267578125 0.6009114583333334 0.0224609375 0.021484375
0 0.70361328125 0.564453125 0.02001953125 0.01953125
0 0.7275390625 0.6516927083333334 0.025390625 0.024739583333333332
0 0.67431640625 0.6360677083333334 0.0263671875 0.024088541666666668
0 0.52685546875 0.7135416666666666 0.02294921875 0.021484375
0 0.63916015625 0.4576822916666667 0.02978515625 0.027994791666666668
0 0.720703125 0.45703125 0.02294921875 0.022135416666666668
0 0.69677734375 0.45703125 0.0263671875 0.026041666666666668