0 0.6082935560859188 0.5087579617834395 0.013723150357995227 0.016719745222929936
0 0.7022673031026253 0.5139331210191083 0.011336515513126491 0.01194267515923567
0 0.0110381861575179 0.1910828025477707 0.0220763723150358 0.03184713375796178
0 0.06563245823389022 0.9717356687898089 0.014319809069212411 0.015127388535031847
0 0.8353221957040573 0.9378980891719745 0.012529832935560859 0.01592356687898089
0 0.8970763723150358 0.910828025477707 0.010143198090692125 0.018312101910828025
0 0.7431384248210023 0.8670382165605095 0.02028639618138425 0.02388535031847134
0 0.4442124105011933 0.9757165605095541 0.017303102625298328 0.02308917197452229
0 0.3678400954653938 0.9685509554140127 0.011336515513126491 0.013535031847133758
0 0.36068019093078757 0.9510350318471338 0.016109785202863963 0.01910828025477707
0 0.35083532219570407 0.9363057324840764 0.011336515513126491 0.015127388535031847
0 0.36515513126491644 0.9363057324840764 0.010143198090692125 0.01592356687898089
0 0.37828162291169454 0.9964171974522293 0.011933174224343675 0.007165605095541401
0 0.23747016706443913 0.9884554140127388 0.011336515513126491 0.015127388535031847
0 0.22673031026252982 0.9538216560509554 0.014319809069212411 0.01751592356687898
0 0.22702863961813843 0.9697452229299363 0.014319809069212411 0.019904458598726114
0 0.2139021479713604 0.9848726114649682 0.013723150357995227 0.015127388535031847
0 0.22523866348448687 0.9924363057324841 0.014916467780429593 0.015127388535031847
0 0.2240453460620525 0.9693471337579618 0.05190930787589499 0.06130573248407643
0 0.15721957040572793 0.9804936305732485 0.013126491646778043 0.016719745222929936
0 0.1798926014319809 0.9984076433121019 0.008949880668257757 0.0031847133757961785
0 0.18794749403341288 0.9936305732484076 0.011933174224343675 0.012738853503184714
0 0.14439140811455847 0.8949044585987261 0.011933174224343675 0.01592356687898089
0 0.13335322195704058 0.884156050955414 0.010143198090692125 0.014331210191082803
0 0.13096658711217185 0.9625796178343949 0.011933174224343675 0.016719745222929936
0 0.110381861575179 0.9601910828025477 0.014916467780429593 0.018312101910828025
0 0.10501193317422435 0.8793789808917197 0.013126491646778043 0.018312101910828025
0 0.17064439140811455 0.9386942675159236 0.008949880668257757 0.01592356687898089
0 0.15035799522673032 0.7838375796178344 0.014916467780429593 0.016719745222929936
0 0.05489260143198091 0.9187898089171974 0.011933174224343675 0.01592356687898089
0 0.03192124105011933 0.9187898089171974 0.013723150357995227 0.016719745222929936
0 0.028341288782816228 0.8443471337579618 0.012529832935560859 0.016719745222929936
0 0.014618138424821002 0.6827229299363057 0.010739856801909307 0.03184713375796178
0 0.017601431980906922 0.589171974522293 0.027446300715990454 0.03343949044585987
0 0.07398568019093078 0.08678343949044585 0.0220763723150358 0.030254777070063694
0 0.1029236276849642 0.30095541401273884 0.012529832935560859 0.01751592356687898
0 0.06354415274463007 0.3304140127388535 0.014916467780429593 0.022292993630573247
0 0.16348448687350836 0.5736464968152867 0.012529832935560859 0.01751592356687898
0 0.1324582338902148 0.6230095541401274 0.011933174224343675 0.01592356687898089
0 0.1363365155131265 0.6998407643312102 0.013723150357995227 0.01751592356687898
0 0.09158711217183771 0.7563694267515924 0.010143198090692125 0.013535031847133758
0 0.059665871121718374 0.7925955414012739 0.010143198090692125 0.013535031847133758
0 0.08174224343675418 0.8542993630573248 0.013723150357995227 0.016719745222929936
0 0.23597852028639618 0.9382961783439491 0.013126491646778043 0.01751592356687898
0 0.30071599045346065 0.7782643312101911 0.017899761336515514 0.021496815286624203
0 0.3168257756563246 0.7579617834394905 0.014916467780429593 0.018312101910828025
0 0.2678997613365155 0.7595541401273885 0.014319809069212411 0.015127388535031847
0 0.24373508353221957 0.7842356687898089 0.011933174224343675 0.014331210191082803
0 0.2637231503579952 0.6488853503184714 0.010739856801909307 0.015127388535031847
0 0.2896778042959427 0.6636146496815286 0.012529832935560859 0.014331210191082803
0 0.29982100238663484 0.526671974522293 0.013723150357995227 0.018312101910828025
0 0.2159904534606205 0.571656050955414 0.013723150357995227 0.018312101910828025
0 0.20435560859188545 0.3499203821656051 0.019689737470167064 0.026273885350318472
0 0.15304295942720764 0.06090764331210191 0.03162291169451074 0.03105095541401274
0 0.24463007159904535 0.04777070063694268 0.026252983293556086 0.03105095541401274
0 0.40960620525059666 0.5752388535031847 0.012529832935560859 0.01751592356687898
0 0.4418257756563246 0.5883757961783439 0.01909307875894988 0.022292993630573247
0 0.38902147971360385 0.643312101910828 0.011933174224343675 0.01592356687898089
0 0.47762529832935563 0.8053343949044586 0.014916467780429593 0.016719745222929936
0 0.5217780429594272 0.8698248407643312 0.010739856801909307 0.016719745222929936
0 0.5328162291169452 0.8550955414012739 0.016109785202863963 0.019904458598726114
0 0.5068615751789977 0.8869426751592356 0.019689737470167064 0.022292993630573247
0 0.5432577565632458 0.9490445859872612 0.013126491646778043 0.01910828025477707
0 0.654236276849642 0.7778662420382165 0.014916467780429593 0.01910828025477707
0 0.587708830548926 0.7320859872611465 0.014916467780429593 0.016719745222929936
0 0.5417661097852029 0.7627388535031847 0.011933174224343675 0.015127388535031847
0 0.6205250596658711 0.5732484076433121 0.011336515513126491 0.015127388535031847
0 0.6112768496420048 0.6062898089171974 0.011336515513126491 0.015127388535031847
0 0.5733890214797136 0.3698248407643312 0.014916467780429593 0.019904458598726114
0 0.5871121718377088 0.04777070063694268 0.0220763723150358 0.03264331210191083
0 0.5575775656324582 0.05294585987261147 0.026252983293556086 0.03105095541401274
0 0.6402147971360382 0.02786624203821656 0.0256563245823389 0.03105095541401274
0 0.7067422434367542 0.22810509554140126 0.015513126491646777 0.022292993630573247
0 0.7088305489260143 0.24960191082802546 0.026252983293556086 0.03662420382165605
0 0.7458233890214797 0.7038216560509554 0.016706443914081145 0.021496815286624203
0 0.9096062052505967 0.8901273885350318 0.011933174224343675 0.014331210191082803
0 0.8687350835322196 0.8718152866242038 0.011933174224343675 0.016719745222929936
0 0.8940930787589498 0.7464171974522293 0.012529832935560859 0.01751592356687898
0 0.8934964200477327 0.7643312101910829 0.014319809069212411 0.018312101910828025
0 0.880071599045346 0.7137738853503185 0.010143198090692125 0.013535031847133758
0 0.89618138424821 0.6246019108280255 0.027446300715990454 0.03662420382165605
0 0.8845465393794749 0.5469745222929936 0.02386634844868735 0.03423566878980892
0 0.9194510739856802 0.5859872611464968 0.025059665871121718 0.03343949044585987
0 0.8493436754176611 0.5839968152866242 0.02684964200477327 0.030254777070063694
0 0.8681384248210023 0.57921974522293 0.025059665871121718 0.03264331210191083
0 0.8785799522673031 0.491640127388535 0.018496420047732696 0.026273885350318472
0 0.8920047732696897 0.4693471337579618 0.031026252983293555 0.037420382165605094
0 0.8845465393794749 0.41679936305732485 0.018496420047732696 0.022292993630573247
0 0.8842482100238663 0.43192675159235666 0.017899761336515514 0.019904458598726114
0 0.8493436754176611 0.4478503184713376 0.027446300715990454 0.03503184713375796
0 0.8773866348448688 0.4255573248407643 0.03341288782816229 0.04219745222929936
0 0.7828162291169452 0.26393312101910826 0.024463007159904536 0.030254777070063694
0 0.7977326968973747 0.22770700636942676 0.02386634844868735 0.02945859872611465
0 0.14498806682577567 0.4287420382165605 0.014916467780429593 0.019904458598726114
0 0.1509546539379475 0.384156050955414 0.014916467780429593 0.016719745222929936
0 0.20047732696897375 0.25995222929936307 0.014916467780429593 0.01910828025477707
0 0.2100238663484487 0.5258757961783439 0.018496420047732696 0.021496815286624203
0 0.2240453460620525 0.7137738853503185 0.017899761336515514 0.018312101910828025
0 0.18526252983293556 0.7348726114649682 0.014916467780429593 0.018312101910828025
0 0.10531026252983293 0.0696656050955414 0.02684964200477327 0.03105095541401274
0 0.030429594272076373 0.1823248407643312 0.027446300715990454 0.03662420382165605