0 0.3567708333333333 0.42724609375 0.020182291666666668 0.02099609375
0 0.3580729166666667 0.4443359375 0.022786458333333332 0.02294921875
0 0.3111979166666667 0.42578125 0.017578125 0.01806640625
0 0.2682291666666667 0.470703125 0.026692708333333332 0.02685546875
0 0.326171875 0.52978515625 0.028645833333333332 0.029296875
0 0.3815104166666667 0.484375 0.024739583333333332 0.025390625
0 0.4466145833333333 0.4716796875 0.033203125 0.03369140625
0 0.4309895833333333 0.34375 0.024739583333333332 0.025390625
0 0.3997395833333333 0.36328125 0.022135416666666668 0.02294921875
0 0.4127604166666667 0.3818359375 0.025390625 0.0263671875
0 0.4680989583333333 0.3896484375 0.033203125 0.03369140625
0 0.4609375 0.3916015625 0.031901041666666664 0.0322265625
0 0.4733072916666667 0.380859375 0.03515625 0.03564453125
0 0.5377604166666666 0.4296875 0.024739583333333332 0.02490234375
0 0.5052083333333334 0.45458984375 0.022786458333333332 0.0234375
0 0.4850260416666667 0.47607421875 0.0234375 0.02392578125
0 0.5983072916666666 0.494140625 0.02734375 0.02783203125
0 0.630859375 0.5048828125 0.022786458333333332 0.0234375
0 0.4075520833333333 0.4677734375 0.022135416666666668 0.02294921875
0 0.431640625 0.53759765625 0.026041666666666668 0.0263671875
0 0.478515625 0.52685546875 0.022786458333333332 0.0234375
0 0.4576822916666667 0.51416015625 0.033854166666666664 0.0341796875
0 0.609375 0.525390625 0.029947916666666668 0.03076171875
0 0.6334635416666666 0.53076171875 0.022135416666666668 0.0224609375
0 0.560546875 0.57470703125 0.026041666666666668 0.0263671875
0 0.5716145833333334 0.583984375 0.026041666666666668 0.0263671875
0 0.4947916666666667 0.53857421875 0.020833333333333332 0.021484375
0 0.478515625 0.49658203125 0.024088541666666668 0.0244140625
0 0.51171875 0.40283203125 0.030598958333333332 0.03125
0 0.560546875 0.41748046875 0.02734375 0.02783203125
0 0.541015625 0.4052734375 0.032552083333333336 0.033203125
0 0.5364583333333334 0.39697265625 0.027994791666666668 0.0283203125
0 0.4921875 0.43115234375 0.022135416666666668 0.02294921875
0 0.4798177083333333 0.4423828125 0.02734375 0.02734375
0 0.4641927083333333 0.43017578125 0.025390625 0.0263671875
0 0.3938802083333333 0.40380859375 0.022135416666666668 0.02294921875
0 0.369140625 0.41845703125 0.02734375 0.0283203125
0 0.4029947916666667 0.43017578125 0.0234375 0.02392578125
0 0.6256510416666666 0.43017578125 0.033854166666666664 0.03466796875
0 0.6171875 0.39111328125 0.031901041666666664 0.03271484375
0 0.5950520833333334 0.4384765625 0.025390625 0.0263671875
0 0.6666666666666666 0.37939453125 0.026692708333333332 0.02685546875
0 0.6477864583333334 0.3564453125 0.034505208333333336 0.03515625
0 0.642578125 0.3623046875 0.026041666666666668 0.0263671875
0 0.650390625 0.34619140625 0.028645833333333332 0.02880859375
0 0.5813802083333334 0.3408203125 0.029296875 0.029296875
0 0.5592447916666666 0.26708984375 0.02734375 0.02783203125
0 0.5227864583333334 0.28759765625 0.029947916666666668 0.03076171875
0 0.4505208333333333 0.26318359375 0.033203125 0.0341796875
0 0.5325520833333334 0.61474609375 0.018880208333333332 0.01904296875
0 0.4947916666666667 0.650390625 0.021484375 0.021484375
0 0.5182291666666666 0.6083984375 0.01953125 0.02001953125
0 0.46875 0.63525390625 0.021484375 0.021484375
0 0.4772135416666667 0.6142578125 0.026041666666666668 0.02587890625
0 0.47265625 0.6083984375 0.021484375 0.021484375
0 0.4596354166666667 0.6201171875 0.020182291666666668 0.0205078125
0 0.4837239583333333 0.56298828125 0.020182291666666668 0.02099609375
0 0.46484375 0.57861328125 0.021484375 0.02197265625
0 0.44921875 0.572265625 0.020182291666666668 0.0205078125
0 0.4375 0.5986328125 0.018880208333333332 0.01904296875
0 0.3951822916666667 0.57958984375 0.022786458333333332 0.0234375
0 0.439453125 0.4951171875 0.024088541666666668 0.0244140625
0 0.3385416666666667 0.46923828125 0.018229166666666668 0.0185546875
0 0.3424479166666667 0.48193359375 0.020182291666666668 0.0205078125
0 0.4264322916666667 0.30615234375 0.015625 0.01611328125
0 0.4427083333333333 0.29150390625 0.0234375 0.0234375
0 0.4309895833333333 0.2744140625 0.022135416666666668 0.02294921875
0 0.470703125 0.240234375 0.021484375 0.02197265625
0 0.4772135416666667 0.251953125 0.021484375 0.021484375
0 0.470703125 0.26953125 0.025390625 0.02587890625
0 0.45703125 0.28466796875 0.025390625 0.02587890625
0 0.447265625 0.26904296875 0.021484375 0.021484375
0 0.5 0.302734375 0.020182291666666668 0.0205078125
0 0.4895833333333333 0.35791015625 0.022135416666666668 0.02197265625
0 0.521484375 0.322265625 0.022135416666666668 0.0224609375
0 0.5305989583333334 0.33056640625 0.01953125 0.01953125
0 0.5390625 0.30126953125 0.024088541666666668 0.0244140625
0 0.5442708333333334 0.3271484375 0.016927083333333332 0.01708984375
0 0.5520833333333334 0.33251953125 0.020833333333333332 0.02099609375
0 0.6139322916666666 0.36474609375 0.026041666666666668 0.0263671875
0 0.6328125 0.3212890625 0.020833333333333332 0.021484375
0 0.6315104166666666 0.30126953125 0.020182291666666668 0.0205078125
0 0.6484375 0.32470703125 0.025390625 0.02587890625
0 0.6848958333333334 0.35400390625 0.024739583333333332 0.02490234375
0 0.673828125 0.43017578125 0.026041666666666668 0.0263671875
0 0.7337239583333334 0.4375 0.022786458333333332 0.02294921875
0 0.7044270833333334 0.48779296875 0.022135416666666668 0.0224609375
0 0.72265625 0.4833984375 0.024739583333333332 0.0244140625
0 0.7415364583333334 0.50146484375 0.01953125 0.01953125
0 0.7591145833333334 0.42626953125 0.020833333333333332 0.02099609375
0 0.791015625 0.45751953125 0.021484375 0.02197265625
0 0.7740885416666666 0.5 0.022786458333333332 0.0234375
0 0.5208333333333334 0.48779296875 0.016276041666666668 0.0166015625
0 0.5384114583333334 0.5009765625 0.018880208333333332 0.01904296875
0 0.6328125 0.587890625 0.01953125 0.01953125
0 0.6809895833333334 0.62109375 0.026692708333333332 0.02734375
0 0.6126302083333334 0.74365234375 0.020833333333333332 0.02099609375
0 0.4342447916666667 0.4072265625 0.026041666666666668 0.02685546875
0 0.4381510416666667 0.41455078125 0.018229166666666668 0.0185546875
0 0.3118489583333333 0.4619140625 0.022135416666666668 0.0224609375
0 0.4635416666666667 0.66943359375 0.030598958333333332 0.03125
0 0.484375 0.6875 0.022135416666666668 0.0224609375
0 0.4407552083333333 0.68212890625 0.014973958333333334 0.01513671875
0 0.421875 0.6640625 0.022135416666666668 0.0224609375
0 0.421875 0.646484375 0.022786458333333332 0.0224609375
0 0.4348958333333333 0.626953125 0.027994791666666668 0.0283203125
0 0.4140625 0.619140625 0.017578125 0.017578125
0 0.3483072916666667 0.59375 0.022786458333333332 0.0234375
0 0.3248697916666667 0.60498046875 0.024088541666666668 0.0244140625
0 0.6354166666666666 0.77587890625 0.024739583333333332 0.02587890625
0 0.5768229166666666 0.79345703125 0.0234375 0.0234375
0 0.5611979166666666 0.7734375 0.022135416666666668 0.02197265625
0 0.5455729166666666 0.7705078125 0.020182291666666668 0.0205078125
0 0.5670572916666666 0.8134765625 0.022786458333333332 0.02294921875
0 0.642578125 0.7373046875 0.018880208333333332 0.01904296875
0 0.6328125 0.693359375 0.024088541666666668 0.0244140625
0 0.615234375 0.67919921875 0.022135416666666668 0.0224609375
0 0.58984375 0.63671875 0.022786458333333332 0.0224609375
0 0.5657552083333334 0.63818359375 0.01953125 0.02001953125