0 0.271484375 0.599609375 0.02392578125 0.024088541666666668
0 0.2841796875 0.6263020833333334 0.025390625 0.025390625
0 0.2099609375 0.5546875 0.0244140625 0.024739583333333332
0 0.23095703125 0.5481770833333334 0.0283203125 0.028645833333333332
0 0.24169921875 0.5755208333333334 0.0341796875 0.034505208333333336
0 0.58544921875 0.8138020833333334 0.02099609375 0.021484375
0 0.60498046875 0.830078125 0.01806640625 0.018229166666666668
0 0.556640625 0.8098958333333334 0.01708984375 0.017578125
0 0.5595703125 0.8287760416666666 0.0205078125 0.020182291666666668
0 0.55224609375 0.7942708333333334 0.02099609375 0.020833333333333332
0 0.57666015625 0.7604166666666666 0.01953125 0.01953125
0 0.51513671875 0.7799479166666666 0.0205078125 0.020182291666666668
0 0.52490234375 0.7916666666666666 0.01904296875 0.01953125
0 0.8193359375 0.5065104166666666 0.0185546875 0.018229166666666668
0 0.51708984375 0.8346354166666666 0.02099609375 0.021484375
0 0.45263671875 0.203125 0.0263671875 0.026692708333333332
0 0.32470703125 0.2630208333333333 0.01513671875 0.014973958333333334
0 0.30615234375 0.3014322916666667 0.01708984375 0.016927083333333332
0 0.51513671875 0.23502604166666666 0.02392578125 0.024088541666666668
0 0.5556640625 0.22135416666666666 0.0185546875 0.018880208333333332
0 0.54638671875 0.23177083333333334 0.01904296875 0.01953125
0 0.43212890625 0.220703125 0.029296875 0.029296875
0 0.4912109375 0.21484375 0.0341796875 0.03515625
0 0.5927734375 0.6015625 0.0185546875 0.018880208333333332
0 0.3828125 0.5670572916666666 0.0283203125 0.028645833333333332
0 0.423828125 0.5748697916666666 0.029296875 0.029296875
0 0.3603515625 0.556640625 0.03271484375 0.032552083333333336
0 0.13916015625 0.4505208333333333 0.03076171875 0.03125
0 0.18798828125 0.4733072916666667 0.0302734375 0.030598958333333332
0 0.18505859375 0.5247395833333334 0.03564453125 0.035807291666666664
0 0.2060546875 0.51171875 0.02685546875 0.02734375
0 0.24169921875 0.4622395833333333 0.0263671875 0.026692708333333332
0 0.20361328125 0.3723958333333333 0.02734375 0.02734375
0 0.22607421875 0.3678385416666667 0.0361328125 0.036458333333333336
0 0.2333984375 0.400390625 0.0283203125 0.028645833333333332
0 0.2578125 0.4173177083333333 0.02880859375 0.029296875
0 0.31201171875 0.3561197916666667 0.02685546875 0.02734375
0 0.32470703125 0.3626302083333333 0.029296875 0.029296875
0 0.72509765625 0.55078125 0.0283203125 0.028645833333333332
0 0.75 0.5240885416666666 0.02880859375 0.028645833333333332
0 0.71337890625 0.515625 0.02392578125 0.024088541666666668
0 0.68212890625 0.517578125 0.0263671875 0.026692708333333332
0 0.685546875 0.498046875 0.025390625 0.026041666666666668
0 0.646484375 0.5104166666666666 0.025390625 0.026041666666666668
0 0.63818359375 0.48046875 0.02880859375 0.028645833333333332
0 0.78125 0.556640625 0.02734375 0.02734375
0 0.77001953125 0.5052083333333334 0.03759765625 0.037760416666666664
0 0.783203125 0.4915364583333333 0.02783203125 0.027994791666666668
0 0.77685546875 0.45703125 0.03125 0.031901041666666664
0 0.75 0.4134114583333333 0.03173828125 0.032552083333333336
0 0.796875 0.4765625 0.02099609375 0.021484375
0 0.830078125 0.4557291666666667 0.02685546875 0.02734375
0 0.74755859375 0.4915364583333333 0.0283203125 0.027994791666666668
0 0.79345703125 0.6139322916666666 0.02783203125 0.027994791666666668
0 0.79833984375 0.5716145833333334 0.0244140625 0.024739583333333332
0 0.7978515625 0.638671875 0.02490234375 0.024739583333333332
0 0.8115234375 0.6263020833333334 0.0302734375 0.029947916666666668
0 0.57763671875 0.7447916666666666 0.02392578125 0.024088541666666668
0 0.2578125 0.3092447916666667 0.021484375 0.021484375
0 0.28125 0.267578125 0.0234375 0.024088541666666668
0 0.34814453125 0.2421875 0.02294921875 0.0234375