0 0.30322265625 0.826171875 0.01025390625 0.009765625
0 0.3056640625 0.8385416666666666 0.0087890625 0.009765625
0 0.375 0.841796875 0.01904296875 0.016927083333333332
0 0.4326171875 0.7805989583333334 0.01611328125 0.020182291666666668
0 0.18017578125 0.7454427083333334 0.01025390625 0.015625
0 0.279296875 0.7135416666666666 0.01708984375 0.021484375
0 0.19775390625 0.8229166666666666 0.0087890625 0.012369791666666666
0 0.21240234375 0.8287760416666666 0.01025390625 0.013020833333333334
0 0.232421875 0.84765625 0.01220703125 0.014973958333333334
0 0.1650390625 0.837890625 0.0146484375 0.014322916666666666
0 0.1181640625 0.8209635416666666 0.01123046875 0.009765625
0 0.13623046875 0.8014322916666666 0.01318359375 0.013671875
0 0.14453125 0.771484375 0.01025390625 0.01171875
0 0.15283203125 0.771484375 0.0166015625 0.014973958333333334
0 0.53369140625 0.3216145833333333 0.01513671875 0.017578125
0 0.52685546875 0.3736979166666667 0.015625 0.014973958333333334
0 0.54833984375 0.3821614583333333 0.0107421875 0.013020833333333334
0 0.5263671875 0.3951822916666667 0.01220703125 0.013020833333333334
0 0.87939453125 0.2825520833333333 0.01318359375 0.013671875
0 0.8212890625 0.24674479166666666 0.009765625 0.01171875
0 0.80810546875 0.2955729166666667 0.01123046875 0.013671875
0 0.8486328125 0.14778645833333334 0.01708984375 0.015625
0 0.8076171875 0.8046875 0.0087890625 0.012369791666666666
0 0.6982421875 0.8587239583333334 0.01123046875 0.011067708333333334
0 0.8115234375 0.9108072916666666 0.0087890625 0.012369791666666666
0 0.8837890625 0.8483072916666666 0.00927734375 0.012369791666666666
0 0.88818359375 0.8828125 0.0078125 0.013671875
0 0.88134765625 0.7701822916666666 0.013671875 0.014973958333333334
0 0.87744140625 0.6725260416666666 0.00927734375 0.012369791666666666
0 0.52685546875 0.6829427083333334 0.01025390625 0.010416666666666666
0 0.462890625 0.6497395833333334 0.0087890625 0.010416666666666666
0 0.54833984375 0.828125 0.01220703125 0.012369791666666666
0 0.49365234375 0.828125 0.01416015625 0.014322916666666666
0 0.48876953125 0.7916666666666666 0.0166015625 0.013020833333333334
0 0.5234375 0.873046875 0.01123046875 0.01171875
0 0.49658203125 0.8873697916666666 0.009765625 0.012369791666666666
0 0.46337890625 0.8391927083333334 0.00927734375 0.011067708333333334
0 0.47705078125 0.828125 0.01611328125 0.026041666666666668
0 0.42431640625 0.8385416666666666 0.01513671875 0.016276041666666668
0 0.4716796875 0.7897135416666666 0.0087890625 0.013671875
0 0.4619140625 0.7395833333333334 0.0087890625 0.011067708333333334
0 0.43310546875 0.7434895833333334 0.0146484375 0.014973958333333334
0 0.427734375 0.568359375 0.0078125 0.010416666666666666
0 0.4208984375 0.5755208333333334 0.00830078125 0.010416666666666666
0 0.42333984375 0.5716145833333334 0.01806640625 0.022135416666666668
0 0.435546875 0.37109375 0.00927734375 0.011067708333333334
0 0.50146484375 0.3606770833333333 0.01123046875 0.012369791666666666
0 0.37158203125 0.3326822916666667 0.01123046875 0.014322916666666666
0 0.31884765625 0.3763020833333333 0.01220703125 0.014322916666666666
0 0.34521484375 0.4915364583333333 0.01025390625 0.01171875
0 0.287109375 0.4700520833333333 0.01025390625 0.010416666666666666
0 0.31298828125 0.5657552083333334 0.00927734375 0.012369791666666666
0 0.32080078125 0.5514322916666666 0.00927734375 0.012369791666666666
0 0.3486328125 0.65625 0.015625 0.016927083333333332
0 0.3193359375 0.66015625 0.01025390625 0.011067708333333334
0 0.3662109375 0.6673177083333334 0.0146484375 0.014973958333333334
0 0.3046875 0.7122395833333334 0.013671875 0.022135416666666668
0 0.28369140625 0.8313802083333334 0.00927734375 0.009765625
0 0.35595703125 0.783203125 0.0087890625 0.009114583333333334
0 0.38671875 0.9375 0.01513671875 0.020182291666666668
0 0.37548828125 0.9303385416666666 0.013671875 0.018880208333333332
0 0.36572265625 0.9381510416666666 0.0146484375 0.018880208333333332
0 0.26806640625 0.9088541666666666 0.0087890625 0.013020833333333334
0 0.2763671875 0.896484375 0.01123046875 0.012369791666666666
0 0.18994140625 0.91796875 0.0087890625 0.013020833333333334
0 0.181640625 0.90625 0.00732421875 0.008463541666666666
0 0.2021484375 0.8626302083333334 0.0078125 0.0078125
0 0.19677734375 0.8587239583333334 0.0068359375 0.009114583333333334
0 0.19384765625 0.8450520833333334 0.00732421875 0.008463541666666666
0 0.18896484375 0.8509114583333334 0.00537109375 0.007161458333333333
0 0.20458984375 0.9290364583333334 0.0078125 0.011067708333333334
0 0.21435546875 0.9283854166666666 0.00634765625 0.010416666666666666
0 0.2216796875 0.9329427083333334 0.0078125 0.012369791666666666
0 0.240234375 0.7298177083333334 0.02197265625 0.020833333333333332
0 0.25732421875 0.6393229166666666 0.017578125 0.01953125
0 0.2001953125 0.6549479166666666 0.00927734375 0.009765625
0 0.19384765625 0.6634114583333334 0.0068359375 0.007161458333333333
0 0.2373046875 0.556640625 0.009765625 0.009765625
0 0.25341796875 0.56640625 0.009765625 0.011067708333333334
0 0.2451171875 0.4505208333333333 0.0087890625 0.0078125
0 0.1865234375 0.45703125 0.01025390625 0.010416666666666666
0 0.2734375 0.3170572916666667 0.01123046875 0.011067708333333334
0 0.103515625 0.14518229166666666 0.00634765625 0.0078125
0 0.103515625 0.15625 0.00927734375 0.009765625
0 0.099609375 0.16536458333333334 0.0087890625 0.010416666666666666
0 0.08837890625 0.16015625 0.0087890625 0.009765625
0 0.0947265625 0.17252604166666666 0.00732421875 0.0078125
0 0.09619140625 0.1953125 0.0078125 0.009765625
0 0.087890625 0.19921875 0.0087890625 0.011067708333333334
0 0.14697265625 0.2649739583333333 0.0107421875 0.012369791666666666
0 0.119140625 0.2819010416666667 0.0087890625 0.011067708333333334
0 0.15185546875 0.4798177083333333 0.0107421875 0.01171875
0 0.13232421875 0.4856770833333333 0.0078125 0.009114583333333334
0 0.107421875 0.5188802083333334 0.00927734375 0.009765625
0 0.125 0.4557291666666667 0.0126953125 0.013671875
0 0.1025390625 0.5631510416666666 0.009765625 0.013020833333333334
0 0.13720703125 0.6139322916666666 0.0087890625 0.010416666666666666
0 0.1650390625 0.5911458333333334 0.0078125 0.013020833333333334
0 0.10205078125 0.7415364583333334 0.01171875 0.014973958333333334
0 0.107421875 0.759765625 0.00830078125 0.009765625
0 0.103515625 0.78515625 0.00634765625 0.0078125
0 0.11669921875 0.7819010416666666 0.00830078125 0.008463541666666666
0 0.111328125 0.7858072916666666 0.00732421875 0.010416666666666666
0 0.10595703125 0.8626302083333334 0.02685546875 0.031901041666666664
0 0.1064453125 0.8951822916666666 0.02490234375 0.029947916666666668
0 0.11572265625 0.9075520833333334 0.0234375 0.024739583333333332
0 0.150390625 0.87109375 0.009765625 0.01171875
0 0.14404296875 0.888671875 0.009765625 0.013671875
0 0.15771484375 0.9140625 0.00634765625 0.0078125
0 0.1396484375 0.83203125 0.0087890625 0.011067708333333334
0 0.13623046875 0.8522135416666666 0.009765625 0.012369791666666666
0 0.130859375 0.8450520833333334 0.0087890625 0.010416666666666666
0 0.123046875 0.853515625 0.0078125 0.012369791666666666
0 0.65380859375 0.404296875 0.01123046875 0.018229166666666668
0 0.650390625 0.3841145833333333 0.01123046875 0.014973958333333334
0 0.42724609375 0.9212239583333334 0.0166015625 0.022786458333333332
0 0.46044921875 0.86328125 0.01220703125 0.016276041666666668
0 0.47021484375 0.8645833333333334 0.013671875 0.01953125
0 0.49560546875 0.9205729166666666 0.01220703125 0.017578125
0 0.43896484375 0.796875 0.01806640625 0.021484375
0 0.4423828125 0.8151041666666666 0.0185546875 0.022135416666666668
0 0.41162109375 0.68359375 0.017578125 0.0234375
0 0.23486328125 0.6705729166666666 0.017578125 0.020182291666666668
0 0.22607421875 0.6477864583333334 0.0185546875 0.024739583333333332