0 0.5020868113522537 0.9030037546933667 0.038397328881469114 0.030663329161451813
0 0.5601001669449082 0.9270963704630788 0.04424040066777963 0.036921151439299124
0 0.4524207011686144 0.8153942428035044 0.048414023372287146 0.0344180225281602
0 0.46410684474123537 0.863892365456821 0.08931552587646077 0.05193992490613267
0 0.48330550918196996 0.8466833541927409 0.0325542570951586 0.024405506883604506
0 0.4419866444073456 0.8667083854818524 0.035058430717863104 0.026282853566958697
0 0.48414023372287146 0.8770337922403004 0.045075125208681135 0.03254067584480601
0 0.5505008347245409 0.7928660826032541 0.04006677796327212 0.02690863579474343
0 0.49540901502504175 0.8035043804755945 0.04674457429048414 0.03379224030037547
0 0.505008347245409 0.7941176470588235 0.02587646076794658 0.01877346683354193
0 0.5521702838063439 0.7387359198998749 0.049248747913188645 0.03879849812265332
0 0.4186143572621035 0.6974342928660826 0.05843071786310518 0.040675844806007506
0 0.43030050083472454 0.7287234042553191 0.048414023372287146 0.03629536921151439
0 0.37061769616026713 0.7049436795994993 0.0659432387312187 0.04881101376720901
0 0.38731218697829717 0.6880475594493116 0.03923205342237062 0.031914893617021274
0 0.3781302170283806 0.7180851063829787 0.045909849749582635 0.0344180225281602
0 0.35434056761268784 0.6892991239048811 0.03672787979966611 0.029411764705882353
0 0.3589315525876461 0.6573842302878599 0.04257095158597663 0.0344180225281602
0 0.3981636060100167 0.6323529411764706 0.04424040066777963 0.0344180225281602
0 0.41068447412353926 0.6589486858573217 0.03923205342237062 0.030663329161451813
0 0.5354757929883138 0.6348560700876095 0.03589315525876461 0.03254067584480601
0 0.5734557595993323 0.6235919899874843 0.0325542570951586 0.02753441802252816
0 0.4578464106844741 0.5791614518147684 0.037562604340567615 0.028785982478097622
0 0.40275459098497496 0.559136420525657 0.038397328881469114 0.030663329161451813
0 0.4048414023372287 0.5988735919899875 0.035058430717863104 0.025657071339173967
0 0.5651085141903172 0.5622653316645807 0.0333889816360601 0.026282853566958697
0 0.46869782971619367 0.5253441802252816 0.040901502504173626 0.026282853566958697
0 0.49457429048414026 0.5253441802252816 0.0333889816360601 0.028785982478097622
0 0.5221202003338898 0.5331664580725908 0.038397328881469114 0.030037546933667083
0 0.5947412353923205 0.554755944931164 0.041736227045075125 0.030663329161451813
0 0.5104340567612687 0.5944931163954944 0.040901502504173626 0.030663329161451813
0 0.32387312186978295 0.5822903629536921 0.03672787979966611 0.028785982478097622
0 0.3622704507512521 0.5772841051314143 0.041736227045075125 0.029411764705882353
0 0.33681135225375625 0.6292240300375469 0.038397328881469114 0.02753441802252816
0 0.2704507512520868 0.6695869837296621 0.03923205342237062 0.02753441802252816
0 0.2278797996661102 0.6736545682102628 0.03589315525876461 0.02690863579474343
0 0.2612687813021703 0.5738423028785983 0.03589315525876461 0.029411764705882353
0 0.19699499165275458 0.52909887359199 0.040901502504173626 0.028160200250312892
0 0.20534223706176963 0.5603879849812266 0.04006677796327212 0.02690863579474343
0 0.17111853088480802 0.5879224030037546 0.04674457429048414 0.030037546933667083
0 0.330550918196995 0.4865456821026283 0.038397328881469114 0.028785982478097622
0 0.38647746243739567 0.47715894868585734 0.035058430717863104 0.029411764705882353
0 0.4444908180300501 0.4755944931163955 0.045909849749582635 0.031914893617021274
0 0.44073455759599334 0.43679599499374216 0.034223706176961605 0.02753441802252816
0 0.41903171953255425 0.40175219023779724 0.040901502504173626 0.028160200250312892
0 0.34140233722871455 0.37922403003754696 0.04424040066777963 0.031914893617021274
0 0.28297161936560933 0.3714017521902378 0.04674457429048414 0.0344180225281602
0 0.24958263772954925 0.3757822277847309 0.04674457429048414 0.03254067584480601
0 0.5575959933222037 0.38360450563204007 0.037562604340567615 0.030663329161451813
0 0.6318864774624374 0.3851689612015019 0.03923205342237062 0.02690863579474343
0 0.6080968280467446 0.44806007509386736 0.04424040066777963 0.036921151439299124
0 0.5801335559265443 0.4862327909887359 0.03923205342237062 0.02753441802252816
0 0.8121869782971619 0.49499374217772213 0.05175292153589316 0.038172715894868585
0 0.7395659432387313 0.4799749687108886 0.045909849749582635 0.029411764705882353
0 0.6861435726210351 0.44806007509386736 0.040901502504173626 0.028785982478097622
0 0.7191151919866444 0.4762202753441802 0.07178631051752922 0.052565707133917394
0 0.7024207011686143 0.4145807259073842 0.03672787979966611 0.026282853566958697
0 0.738313856427379 0.39361702127659576 0.038397328881469114 0.02753441802252816
0 0.7712854757929883 0.3923654568210263 0.03672787979966611 0.026282853566958697
0 0.7646076794657763 0.35607008760951186 0.038397328881469114 0.02690863579474343
0 0.8384808013355592 0.3951814768460576 0.06093489148580968 0.03629536921151439
0 0.2783806343906511 0.8782853566958698 0.05008347245409015 0.036921151439299124
0 0.3134390651085142 0.8623279098873592 0.04340567612687813 0.03629536921151439
0 0.3501669449081803 0.8135168961201502 0.049248747913188645 0.03879849812265332
0 0.21702838063439064 0.8469962453066333 0.04257095158597663 0.03128911138923655
0 0.3510016694490818 0.9148936170212766 0.03923205342237062 0.028785982478097622
0 0.29799666110183637 0.9158322903629537 0.04340567612687813 0.03316645807259074
0 0.32637729549248745 0.9493116395494368 0.03589315525876461 0.028785982478097622
0 0.24290484140233723 0.9208385481852316 0.04674457429048414 0.028160200250312892
0 0.23914858096828046 0.882665832290363 0.041736227045075125 0.024405506883604506
0 0.1790484140233723 0.8779724655819775 0.045075125208681135 0.03316645807259074
0 0.17779632721202004 0.899874843554443 0.03005008347245409 0.02252816020025031
0 0.2028380634390651 0.9083229036295369 0.045075125208681135 0.03128911138923655
0 0.19699499165275458 0.9443053817271589 0.03923205342237062 0.028785982478097622
0 0.3493322203672788 0.9712140175219024 0.037562604340567615 0.023779724655819776
0 0.05801335559265442 0.9295994993742178 0.045909849749582635 0.03379224030037547
0 0.06343906510851419 0.9192740926157698 0.035058430717863104 0.028160200250312892
0 0.049248747913188645 0.9364831038798498 0.03171953255425709 0.02002503128911139
0 0.05550918196994992 0.9540050062578223 0.030884808013355594 0.02252816020025031
0 0.09557595993322204 0.8097622027534418 0.0333889816360601 0.023779724655819776
0 0.16736227045075125 0.8254067584480601 0.041736227045075125 0.02753441802252816
0 0.20993322203672787 0.7603254067584481 0.038397328881469114 0.026282853566958697
0 0.16151919866444073 0.7540675844806007 0.04424040066777963 0.030663329161451813
0 0.12270450751252086 0.7609511889862328 0.04674457429048414 0.038172715894868585
0 0.034223706176961605 0.733729662077597 0.03589315525876461 0.02190237797246558
0 0.07637729549248748 0.7913016270337923 0.041736227045075125 0.02690863579474343
0 0.25041736227045075 0.7284105131414268 0.030884808013355594 0.02127659574468085
0 0.246661101836394 0.7878598247809763 0.03171953255425709 0.02690863579474343
0 0.12353923205342238 0.5225281602002503 0.0333889816360601 0.025031289111389236
0 0.17195325542570952 0.40988735919899877 0.04257095158597663 0.03316645807259074
0 0.22537562604340566 0.42428035043804757 0.04257095158597663 0.030663329161451813
0 0.08764607679465776 0.4430538172715895 0.0325542570951586 0.023779724655819776
0 0.01669449081803005 0.8031914893617021 0.0333889816360601 0.02690863579474343
0 0.04048414023372287 0.7972465581977471 0.030884808013355594 0.026282853566958697