0 0.4661458333333333 0.46044921875 0.043619791666666664 0.03173828125
0 0.5026041666666666 0.4326171875 0.038411458333333336 0.03466796875
0 0.5188802083333334 0.38134765625 0.036458333333333336 0.03466796875
0 0.447265625 0.39501953125 0.032552083333333336 0.0263671875
0 0.3990885416666667 0.46044921875 0.038411458333333336 0.03173828125
0 0.5494791666666666 0.43359375 0.0390625 0.03076171875
0 0.4934895833333333 0.29150390625 0.036458333333333336 0.03125
0 0.53515625 0.28125 0.04296875 0.0341796875
0 0.548828125 0.30810546875 0.045572916666666664 0.03662109375
0 0.431640625 0.2783203125 0.037109375 0.03125
0 0.41796875 0.25830078125 0.042317708333333336 0.03369140625
0 0.4856770833333333 0.236328125 0.034505208333333336 0.02734375
0 0.4921875 0.1865234375 0.03125 0.02490234375
0 0.3958333333333333 0.22900390625 0.042317708333333336 0.03564453125
0 0.296875 0.296875 0.037109375 0.0302734375
0 0.328125 0.32080078125 0.029947916666666668 0.0263671875
0 0.3346354166666667 0.33984375 0.032552083333333336 0.02685546875
0 0.4375 0.55126953125 0.030598958333333332 0.0263671875
0 0.5221354166666666 0.51513671875 0.026041666666666668 0.0244140625
0 0.3626302083333333 0.50634765625 0.029947916666666668 0.025390625
0 0.3756510416666667 0.47021484375 0.0234375 0.01904296875
0 0.3326822916666667 0.49267578125 0.029947916666666668 0.02294921875
0 0.3248697916666667 0.458984375 0.026692708333333332 0.02392578125
0 0.2981770833333333 0.4462890625 0.033854166666666664 0.0283203125
0 0.3522135416666667 0.3798828125 0.032552083333333336 0.02734375
0 0.3854166666666667 0.37255859375 0.033203125 0.02685546875
0 0.6080729166666666 0.84521484375 0.029947916666666668 0.025390625
0 0.5286458333333334 0.8095703125 0.029947916666666668 0.02392578125
0 0.5423177083333334 0.84765625 0.026692708333333332 0.0244140625
0 0.5260416666666666 0.861328125 0.037760416666666664 0.0322265625
0 0.486328125 0.8447265625 0.029296875 0.025390625
0 0.4537760416666667 0.8447265625 0.02734375 0.025390625
0 0.45703125 0.87646484375 0.041015625 0.03515625
0 0.453125 0.8662109375 0.025390625 0.021484375
0 0.44921875 0.8837890625 0.026692708333333332 0.0244140625
0 0.46484375 0.87890625 0.027994791666666668 0.02392578125
0 0.4049479166666667 0.8369140625 0.026692708333333332 0.0224609375
0 0.375 0.806640625 0.02734375 0.02294921875
0 0.3177083333333333 0.77490234375 0.033203125 0.02685546875
0 0.3059895833333333 0.75732421875 0.033203125 0.0263671875
0 0.38671875 0.755859375 0.026692708333333332 0.0244140625
0 0.4303385416666667 0.71484375 0.026041666666666668 0.02392578125
0 0.4459635416666667 0.71728515625 0.021484375 0.0205078125
0 0.63671875 0.3515625 0.02734375 0.02490234375
0 0.6009114583333334 0.3095703125 0.033854166666666664 0.0322265625
0 0.6692708333333334 0.318359375 0.027994791666666668 0.0244140625
0 0.498046875 0.31689453125 0.024088541666666668 0.02197265625
0 0.4583333333333333 0.29345703125 0.033203125 0.03076171875
0 0.5924479166666666 0.18798828125 0.025390625 0.02392578125
0 0.6028645833333334 0.14794921875 0.041666666666666664 0.037109375
0 0.3040364583333333 0.24658203125 0.020833333333333332 0.01953125
0 0.2955729166666667 0.26220703125 0.027994791666666668 0.0244140625
0 0.2903645833333333 0.21533203125 0.029296875 0.02587890625
0 0.21744791666666666 0.2236328125 0.030598958333333332 0.0244140625
0 0.2421875 0.21728515625 0.02734375 0.0244140625
0 0.20247395833333334 0.24462890625 0.033203125 0.0302734375
0 0.23046875 0.25048828125 0.030598958333333332 0.0263671875
0 0.220703125 0.23779296875 0.02734375 0.0224609375
0 0.21940104166666666 0.29443359375 0.031901041666666664 0.02783203125
0 0.24869791666666666 0.33251953125 0.027994791666666668 0.02490234375
0 0.24869791666666666 0.35546875 0.028645833333333332 0.02392578125
0 0.2610677083333333 0.3662109375 0.024739583333333332 0.0234375
0 0.3170572916666667 0.3544921875 0.030598958333333332 0.0283203125
0 0.2903645833333333 0.39111328125 0.027994791666666668 0.02587890625
0 0.2682291666666667 0.39306640625 0.024739583333333332 0.02392578125
0 0.4381510416666667 0.37841796875 0.0234375 0.021484375
0 0.4602864583333333 0.3583984375 0.027994791666666668 0.02587890625
0 0.5885416666666666 0.53857421875 0.026041666666666668 0.0224609375
0 0.5690104166666666 0.55126953125 0.034505208333333336 0.0322265625
0 0.4244791666666667 0.60400390625 0.035807291666666664 0.0283203125
0 0.2890625 0.71826171875 0.032552083333333336 0.02880859375
0 0.359375 0.71142578125 0.029947916666666668 0.0263671875
0 0.3776041666666667 0.71728515625 0.028645833333333332 0.02392578125
0 0.36328125 0.7568359375 0.026041666666666668 0.0224609375
0 0.3385416666666667 0.65625 0.030598958333333332 0.0263671875
0 0.3346354166666667 0.6171875 0.033854166666666664 0.029296875
0 0.24479166666666666 0.5419921875 0.028645833333333332 0.02734375
0 0.302734375 0.51318359375 0.03125 0.029296875
0 0.23893229166666666 0.5654296875 0.027994791666666668 0.02490234375
0 0.3177083333333333 0.478515625 0.029947916666666668 0.02685546875
0 0.24479166666666666 0.44970703125 0.027994791666666668 0.02587890625
0 0.236328125 0.4013671875 0.030598958333333332 0.0283203125
0 0.1875 0.40283203125 0.0234375 0.02001953125
0 0.14908854166666666 0.37109375 0.037760416666666664 0.0341796875
0 0.14518229166666666 0.36279296875 0.024739583333333332 0.02197265625
0 0.14973958333333334 0.376953125 0.024739583333333332 0.02197265625
0 0.16015625 0.3076171875 0.028645833333333332 0.02587890625
0 0.18033854166666666 0.32373046875 0.035807291666666664 0.0322265625
0 0.18880208333333334 0.35888671875 0.031901041666666664 0.025390625
0 0.21940104166666666 0.3486328125 0.027994791666666668 0.025390625
0 0.3274739583333333 0.26611328125 0.030598958333333332 0.02880859375
0 0.326171875 0.21435546875 0.032552083333333336 0.02978515625
0 0.3424479166666667 0.23388671875 0.024088541666666668 0.02197265625
0 0.36328125 0.2265625 0.032552083333333336 0.0283203125
0 0.3580729166666667 0.2490234375 0.045572916666666664 0.0390625
0 0.3522135416666667 0.24169921875 0.021484375 0.0185546875
0 0.3639322916666667 0.2529296875 0.024739583333333332 0.0224609375
0 0.3834635416666667 0.259765625 0.025390625 0.02197265625
0 0.2643229166666667 0.20849609375 0.025390625 0.02294921875