0 0.48240469208211145 0.38873626373626374 0.06304985337243402 0.03736263736263736
0 0.5450879765395894 0.3587912087912088 0.053519061583577714 0.04230769230769231
0 0.5832111436950147 0.2936813186813187 0.04985337243401759 0.04230769230769231
0 0.4710410557184751 0.2997252747252747 0.0469208211143695 0.03131868131868132
0 0.3812316715542522 0.3771978021978022 0.054252199413489736 0.03791208791208791
0 0.6162023460410557 0.3678571428571429 0.05498533724340176 0.036813186813186814
0 0.5689149560117303 0.17197802197802198 0.050586510263929615 0.03791208791208791
0 0.6348973607038123 0.1651098901098901 0.06085043988269795 0.04065934065934066
0 0.6488269794721407 0.20302197802197802 0.06451612903225806 0.043406593406593405
0 0.47873900293255134 0.14313186813186812 0.05205278592375367 0.03791208791208791
0 0.4633431085043988 0.11538461538461539 0.060117302052785926 0.04010989010989011
0 0.5722140762463344 0.09752747252747253 0.04838709677419355 0.03241758241758242
0 0.5953079178885631 0.03406593406593406 0.04472140762463343 0.02967032967032967
0 0.437683284457478 0.07225274725274725 0.060117302052785926 0.04230769230769231
0 0.27052785923753664 0.14505494505494507 0.05205278592375367 0.03626373626373627
0 0.31158357771260997 0.1813186813186813 0.041788856304985335 0.031868131868131866
0 0.3156158357771261 0.2076923076923077 0.04472140762463343 0.03241758241758242
0 0.4145894428152493 0.5035714285714286 0.04252199413489736 0.03131868131868132
0 0.5524193548387096 0.4703296703296703 0.03519061583577713 0.03021978021978022
0 0.313049853372434 0.43104395604395607 0.041788856304985335 0.03021978021978022
0 0.34310850439882695 0.3862637362637363 0.03372434017595308 0.022527472527472527
0 0.2719941348973607 0.40796703296703296 0.04325513196480939 0.026923076923076925
0 0.2690615835777126 0.3620879120879121 0.0373900293255132 0.02857142857142857
0 0.2320381231671554 0.3414835164835165 0.04838709677419355 0.033516483516483515
0 0.3321114369501466 0.26346153846153847 0.045454545454545456 0.03241758241758242
0 0.3837976539589443 0.25961538461538464 0.047653958944281524 0.031868131868131866
0 0.593475073313783 0.9184065934065934 0.041788856304985335 0.03021978021978022
0 0.48277126099706746 0.8579670329670329 0.041788856304985335 0.02857142857142857
0 0.4934017595307918 0.9107142857142857 0.036656891495601175 0.02967032967032967
0 0.46517595307917886 0.9258241758241759 0.05278592375366569 0.03901098901098901
0 0.4094574780058651 0.8967032967032967 0.04105571847507331 0.03076923076923077
0 0.36070381231671556 0.890934065934066 0.0373900293255132 0.03076923076923077
0 0.3563049853372434 0.9337912087912088 0.05718475073313783 0.04230769230769231
0 0.35410557184750735 0.9189560439560439 0.03519061583577713 0.026373626373626374
0 0.34310850439882695 0.942032967032967 0.036656891495601175 0.02967032967032967
0 0.36766862170087977 0.9379120879120879 0.038856304985337244 0.02857142857142857
0 0.28848973607038125 0.8722527472527473 0.036656891495601175 0.026373626373626374
0 0.25146627565982405 0.8271978021978021 0.038856304985337244 0.027472527472527472
0 0.17375366568914957 0.7763736263736264 0.0469208211143695 0.031868131868131866
0 0.16055718475073313 0.7510989010989011 0.047653958944281524 0.03131868131868132
0 0.2829912023460411 0.7626373626373626 0.036656891495601175 0.02912087912087912
0 0.3596041055718475 0.717032967032967 0.036656891495601175 0.02857142857142857
0 0.38233137829912023 0.7225274725274725 0.02932551319648094 0.025274725274725275
0 0.7694281524926686 0.275 0.03812316715542522 0.03021978021978022
0 0.7261730205278593 0.214010989010989 0.0469208211143695 0.04010989010989011
0 0.8269794721407625 0.23763736263736263 0.039589442815249266 0.02912087912087912
0 0.5692815249266863 0.20576923076923076 0.032991202346041054 0.026923076923076925
0 0.5153958944281525 0.16840659340659342 0.04618768328445748 0.03791208791208791
0 0.7463343108504399 0.05357142857142857 0.03519061583577713 0.02912087912087912
0 0.7734604105571847 0.012362637362637362 0.05718475073313783 0.024725274725274724
0 0.2939882697947214 0.07994505494505494 0.02932551319648094 0.024175824175824177
0 0.27712609970674484 0.09917582417582417 0.038856304985337244 0.02967032967032967
0 0.28262463343108507 0.03626373626373627 0.04032258064516129 0.03131868131868132
0 0.17155425219941348 0.04010989010989011 0.04105571847507331 0.01868131868131868
0 0.21041055718475074 0.035989010989010986 0.03519061583577713 0.019230769230769232
0 0.14112903225806453 0.05961538461538462 0.04618768328445748 0.03736263736263736
0 0.18255131964809385 0.07197802197802197 0.04252199413489736 0.03131868131868132
0 0.17045454545454544 0.05357142857142857 0.038856304985337244 0.026923076923076925
0 0.15395894428152493 0.12774725274725274 0.04472140762463343 0.03406593406593406
0 0.18804985337243402 0.18324175824175823 0.038856304985337244 0.03076923076923077
0 0.18181818181818182 0.2129120879120879 0.04032258064516129 0.02912087912087912
0 0.19794721407624633 0.22939560439560439 0.0344574780058651 0.02912087912087912
0 0.28519061583577715 0.2239010989010989 0.041788856304985335 0.03461538461538462
0 0.23497067448680353 0.2673076923076923 0.038856304985337244 0.03131868131868132
0 0.20124633431085043 0.2662087912087912 0.03372434017595308 0.02967032967032967
0 0.46224340175953077 0.2763736263736264 0.03225806451612903 0.026373626373626374
0 0.500733137829912 0.2541208791208791 0.038856304985337244 0.031868131868131866
0 0.6466275659824047 0.5126373626373626 0.036656891495601175 0.026923076923076925
0 0.6140029325513197 0.5260989010989011 0.0469208211143695 0.04010989010989011
0 0.3812316715542522 0.5703296703296703 0.051319648093841645 0.03406593406593406
0 0.14589442815249268 0.6967032967032967 0.04472140762463343 0.035164835164835165
0 0.2536656891495601 0.7 0.04105571847507331 0.03131868131868132
0 0.2796920821114369 0.710989010989011 0.039589442815249266 0.02857142857142857
0 0.2470674486803519 0.7604395604395604 0.036656891495601175 0.026923076923076925
0 0.2368035190615836 0.6241758241758242 0.041788856304985335 0.031868131868131866
0 0.24230205278592376 0.5722527472527472 0.047653958944281524 0.03571428571428571
0 0.125 0.45714285714285713 0.039589442815249266 0.033516483516483515
0 0.22104105571847507 0.42967032967032964 0.04252199413489736 0.03571428571428571
0 0.11033724340175953 0.4868131868131868 0.038856304985337244 0.03021978021978022
0 0.2532991202346041 0.3868131868131868 0.04105571847507331 0.03296703296703297
0 0.1499266862170088 0.3362637362637363 0.038856304985337244 0.03131868131868132
0 0.15102639296187684 0.2717032967032967 0.04252199413489736 0.03461538461538462
0 0.07624633431085044 0.26483516483516484 0.03225806451612903 0.024175824175824177
0 0.026759530791788857 0.21620879120879122 0.05278592375366569 0.04230769230769231
0 0.022727272727272728 0.2043956043956044 0.0344574780058651 0.026373626373626374
0 0.026026392961876834 0.22472527472527473 0.03372434017595308 0.026923076923076925
0 0.06121700879765396 0.13489010989010988 0.039589442815249266 0.03131868131868132
0 0.08687683284457479 0.16016483516483518 0.04912023460410557 0.03901098901098901
0 0.09017595307917889 0.2076923076923077 0.04472140762463343 0.03021978021978022
0 0.13929618768328444 0.1989010989010989 0.038856304985337244 0.03131868131868132
0 0.3247800586510264 0.10906593406593407 0.041788856304985335 0.03571428571428571
0 0.33614369501466274 0.04148351648351648 0.04472140762463343 0.03626373626373627
0 0.3555718475073314 0.06923076923076923 0.03225806451612903 0.026923076923076925
0 0.39002932551319647 0.064010989010989 0.045454545454545456 0.03406593406593406
0 0.37609970674486803 0.09258241758241759 0.06378299120234604 0.04725274725274725
0 0.3691348973607038 0.0815934065934066 0.02932551319648094 0.022527472527472527
0 0.3837976539589443 0.09835164835164835 0.03372434017595308 0.026923076923076925
0 0.4109237536656892 0.11071428571428571 0.03519061583577713 0.026373626373626374
0 0.24633431085043989 0.029395604395604395 0.032991202346041054 0.014285714285714285