0 0.9870410367170627 0.6190647482014389 0.023218142548596114 0.13309352517985612
0 0.708963282937365 0.7241007194244604 0.11123110151187905 0.16330935251798562
0 0.597732181425486 0.7359712230215827 0.12796976241900648 0.19424460431654678
0 0.6355291576673866 0.6989208633093525 0.07937365010799136 0.11654676258992806
0 0.5707343412526998 0.7744604316546763 0.07181425485961124 0.13093525179856116
0 0.46733261339092874 0.7399280575539569 0.091792656587473 0.11151079136690648
0 0.3779697624190065 0.7593525179856115 0.09125269978401727 0.14388489208633093
0 0.4535637149028078 0.5953237410071942 0.07613390928725702 0.12949640287769784
0 0.10313174946004319 0.7079136690647482 0.07505399568034557 0.12014388489208633
0 0.03833693304535637 0.7435251798561151 0.07451403887688984 0.1093525179856115
0 0.15199784017278617 0.41294964028776976 0.0826133909287257 0.12446043165467625
0 0.1681965442764579 0.29172661870503597 0.07505399568034557 0.12086330935251799
0 0.21031317494600432 0.39748201438848924 0.08801295896328294 0.13597122302158274
0 0.09314254859611232 0.3535971223021583 0.07505399568034557 0.11223021582733812
0 0.09071274298056156 0.44316546762589926 0.06749460043196544 0.11798561151079137
0 0.30075593952483803 0.3025179856115108 0.07667386609071274 0.11079136690647481
0 0.42818574514038876 0.2607913669064748 0.08423326133909287 0.12949640287769784
0 0.4973002159827214 0.29676258992805754 0.08207343412526998 0.11726618705035971
0 0.4603131749460043 0.379136690647482 0.07019438444924406 0.09568345323741007
0 0.46490280777537796 0.46007194244604316 0.0734341252699784 0.10503597122302158
0 0.7486501079913607 0.4856115107913669 0.07505399568034557 0.11079136690647481
0 0.771328293736501 0.33884892086330937 0.066414686825054 0.10215827338129496
0 0.728671706263499 0.2823741007194245 0.062095032397408205 0.09712230215827339
0 0.9206263498920086 0.43345323741007197 0.066414686825054 0.09424460431654676
0 0.9576133909287257 0.0960431654676259 0.06803455723542116 0.09712230215827339
0 0.7931965442764579 0.09532374100719425 0.07397408207343413 0.0920863309352518
0 0.5926025917926566 0.06690647482014389 0.06749460043196544 0.11870503597122302
0 0.6333693304535637 0.06330935251798561 0.05129589632829374 0.09352517985611511
0 0.6768358531317494 0.07517985611510791 0.052915766738660906 0.07841726618705036
0 0.34017278617710583 0.20287769784172663 0.07883369330453564 0.09712230215827339