0 0.3827713382507903 0.6404494382022472 0.012118018967334035 0.011938202247191011
0 0.3440463645943098 0.6952247191011236 0.009483667017913594 0.009129213483146067
0 0.5102739726027398 0.19768258426966293 0.02476290832455216 0.02457865168539326
0 0.5355637513171759 0.1583567415730337 0.02370916754478398 0.023876404494382022
0 0.5202845100105374 0.16116573033707865 0.019494204425711276 0.019662921348314606
0 0.8543203371970495 0.47717696629213485 0.0136986301369863 0.013342696629213483
0 0.8169125395152792 0.480688202247191 0.012118018967334035 0.011938202247191011
0 0.8883034773445733 0.45646067415730335 0.01791359325605901 0.018960674157303372
0 0.8695995785036881 0.44066011235955055 0.02054794520547945 0.021067415730337078
0 0.8964699683877766 0.48174157303370785 0.019494204425711276 0.019662921348314606
0 0.9112223393045311 0.480688202247191 0.01685985247629083 0.0175561797752809
0 0.8759220231822972 0.5094803370786517 0.018967334035827187 0.019662921348314606
0 0.8669652265542677 0.4768258426966292 0.012118018967334035 0.011235955056179775
0 0.8548472075869337 0.4683988764044944 0.012118018967334035 0.011938202247191011
0 0.8898840885142255 0.4234550561797753 0.018967334035827187 0.019662921348314606
0 0.8859325605900948 0.44452247191011235 0.01791359325605901 0.018960674157303372
0 0.863013698630137 0.413623595505618 0.018967334035827187 0.019662921348314606
0 0.8606427818756586 0.43047752808988765 0.018967334035827187 0.019662921348314606
0 0.8522128556375131 0.38728932584269665 0.02897787144362487 0.028792134831460675
0 0.4654899894625922 0.9318820224719101 0.0136986301369863 0.013342696629213483
0 0.47839831401475236 0.9367977528089888 0.011064278187565859 0.011235955056179775
0 0.4607481559536354 0.9561095505617978 0.011064278187565859 0.011235955056179775
0 0.46628029504741836 0.9066011235955056 0.011591148577449948 0.011235955056179775
0 0.4275553213909378 0.932935393258427 0.011064278187565859 0.010533707865168539
0 0.47629083245521603 0.8321629213483146 0.01791359325605901 0.018960674157303372
0 0.4636459430979979 0.9469803370786517 0.015806111696522657 0.016151685393258428
0 0.6533192834562698 0.6966292134831461 0.016332982086406742 0.016853932584269662
0 0.6833508956796628 0.7050561797752809 0.012118018967334035 0.011938202247191011
0 0.678345626975764 0.7198033707865169 0.012644889357218124 0.012640449438202247
0 0.6838777660695469 0.6509831460674157 0.010010537407797681 0.009831460674157303
0 0.7078503688092729 0.672752808988764 0.012644889357218124 0.012640449438202247
0 0.6793993677555321 0.6418539325842697 0.01422550052687039 0.014044943820224719
0 0.6772918861959958 0.6306179775280899 0.01053740779768177 0.010533707865168539
0 0.6709694415173867 0.6393960674157303 0.010010537407797681 0.009831460674157303
0 0.7352476290832455 0.6334269662921348 0.014752370916754479 0.014747191011235955
0 0.7186512118018967 0.6495786516853933 0.012644889357218124 0.012640449438202247
0 0.6928345626975764 0.6674859550561798 0.011591148577449948 0.011235955056179775
0 0.7492096944151738 0.5835674157303371 0.01053740779768177 0.010533707865168539
0 0.7389357218124342 0.5660112359550562 0.012644889357218124 0.012640449438202247
0 0.7460484720758693 0.5716292134831461 0.0136986301369863 0.013342696629213483
0 0.7581664910432033 0.5691713483146067 0.011591148577449948 0.011938202247191011
0 0.7571127502634352 0.5783005617977528 0.0136986301369863 0.013342696629213483
0 0.7492096944151738 0.5716292134831461 0.04952581664910432 0.04985955056179775
0 0.7808219178082192 0.5347612359550562 0.011591148577449948 0.011235955056179775
0 0.7805584826132771 0.5558286516853933 0.009483667017913594 0.009129213483146067
0 0.7937302423603794 0.5516151685393258 0.009483667017913594 0.009129213483146067
0 0.8034773445732349 0.5435393258426966 0.0136986301369863 0.013342696629213483
0 0.7731822971549 0.5575842696629213 0.011064278187565859 0.010533707865168539
0 0.7497365648050579 0.5003511235955056 0.011064278187565859 0.010533707865168539
0 0.7502634351949421 0.4905196629213483 0.010010537407797681 0.009831460674157303
0 0.7847734457323499 0.5143960674157303 0.011591148577449948 0.011235955056179775
0 0.7929399367755532 0.5024578651685393 0.013171759747102213 0.013342696629213483
0 0.7605374077976818 0.4729634831460674 0.012118018967334035 0.011938202247191011
0 0.7571127502634352 0.5291432584269663 0.009483667017913594 0.009129213483146067
0 0.6999473129610115 0.46804775280898875 0.012118018967334035 0.012640449438202247
0 0.7987355110642782 0.4571629213483146 0.011064278187565859 0.010533707865168539
0 0.8105900948366702 0.4434691011235955 0.01422550052687039 0.014044943820224719
0 0.8645943097997892 0.49297752808988765 0.010010537407797681 0.009831460674157303
0 0.8775026343519494 0.48490168539325845 0.01791359325605901 0.018960674157303372
0 0.8893572181243414 0.4936797752808989 0.01685985247629083 0.0175561797752809
0 0.8827713382507903 0.47015449438202245 0.01053740779768177 0.010533707865168539
0 0.8732876712328768 0.47015449438202245 0.012644889357218124 0.012640449438202247
0 0.8919915700737618 0.41081460674157305 0.02370916754478398 0.023876404494382022
0 0.9188619599578504 0.4199438202247191 0.022128556375131718 0.02247191011235955
0 0.8540569020021075 0.4884129213483146 0.0184404636459431 0.018960674157303372
0 0.9394099051633298 0.4610252808988764 0.012118018967334035 0.011938202247191011
0 0.9399367755532139 0.4476825842696629 0.0184404636459431 0.018960674157303372
0 0.8493150684931506 0.4238061797752809 0.01791359325605901 0.018960674157303372
0 0.863277133825079 0.3967696629213483 0.02107481559536354 0.021769662921348316
0 0.8105900948366702 0.3922050561797753 0.02423603793466807 0.023876404494382022
0 0.8237618545837724 0.38939606741573035 0.014752370916754479 0.014747191011235955
0 0.7787144362486829 0.418188202247191 0.011591148577449948 0.011235955056179775
0 0.7989989462592202 0.31179775280898875 0.025816649104320338 0.02598314606741573
0 0.7834562697576396 0.29740168539325845 0.022128556375131718 0.02247191011235955
0 0.7204952581664911 0.35428370786516855 0.02476290832455216 0.02457865168539326
0 0.6817702845100105 0.3047752808988764 0.02370916754478398 0.023876404494382022
0 0.6754478398314014 0.3300561797752809 0.02528977871443625 0.025280898876404494
0 0.7094309799789252 0.23946629213483145 0.02528977871443625 0.025280898876404494
0 0.7091675447839831 0.21839887640449437 0.022128556375131718 0.02247191011235955
0 0.6206533192834562 0.21839887640449437 0.020021074815595362 0.020365168539325844
0 0.6751844046364595 0.18890449438202248 0.02054794520547945 0.021067415730337078
0 0.6106427818756586 0.17310393258426968 0.02160168598524763 0.021769662921348316
0 0.6222339304531085 0.14606741573033707 0.019494204425711276 0.019662921348314606
0 0.6103793466807166 0.15625 0.01791359325605901 0.018258426966292134
0 0.43651211801896733 0.20154494382022473 0.02107481559536354 0.021067415730337078
0 0.5150158061116965 0.2868679775280899 0.011591148577449948 0.011235955056179775
0 0.5445205479452054 0.2735252808988764 0.014752370916754479 0.014747191011235955
0 0.6048472075869337 0.4083567415730337 0.012118018967334035 0.011938202247191011
0 0.6388303477344573 0.40695224719101125 0.011064278187565859 0.010533707865168539
0 0.6704425711275026 0.4336376404494382 0.012118018967334035 0.012640449438202247
0 0.7133825079030558 0.4262640449438202 0.009483667017913594 0.009831460674157303
0 0.7434141201264489 0.4199438202247191 0.010010537407797681 0.009831460674157303
0 0.7597471022128557 0.45189606741573035 0.012118018967334035 0.011938202247191011
0 0.8458904109589042 0.5150983146067416 0.008956796628029505 0.008426966292134831
0 0.8129610115911485 0.5846207865168539 0.008956796628029505 0.008426966292134831
0 0.7283983140147524 0.5663623595505618 0.012118018967334035 0.011938202247191011
0 0.6319810326659642 0.5523174157303371 0.015806111696522657 0.016853932584269662
0 0.6161749209694415 0.5540730337078652 0.013171759747102213 0.013342696629213483
0 0.6383034773445733 0.5270365168539326 0.012118018967334035 0.011938202247191011
0 0.6593782929399368 0.5214185393258427 0.01053740779768177 0.010533707865168539
0 0.5932560590094836 0.48946629213483145 0.01053740779768177 0.010533707865168539
0 0.5882507903055848 0.5091292134831461 0.011064278187565859 0.010533707865168539
0 0.5250263435194942 0.4705056179775281 0.012644889357218124 0.012640449438202247
0 0.5808746048472075 0.4378511235955056 0.012644889357218124 0.012640449438202247
0 0.4918335089567966 0.36025280898876405 0.01791359325605901 0.018258426966292134
0 0.3912012644889357 0.2384129213483146 0.026343519494204427 0.026685393258426966
0 0.34536354056902 0.28581460674157305 0.02370916754478398 0.023876404494382022
0 0.49789251844046367 0.5484550561797753 0.012118018967334035 0.011938202247191011
0 0.48946259220231825 0.5712780898876404 0.016332982086406742 0.016853932584269662
0 0.53609062170706 0.5589887640449438 0.011591148577449948 0.011235955056179775
0 0.5663856691253951 0.660814606741573 0.013171759747102213 0.012640449438202247
0 0.5742887249736565 0.706811797752809 0.011064278187565859 0.010533707865168539
0 0.5626975763962065 0.7085674157303371 0.014752370916754479 0.014044943820224719
0 0.5879873551106428 0.7036516853932584 0.01685985247629083 0.0175561797752809
0 0.5985247629083246 0.7443820224719101 0.012644889357218124 0.012640449438202247
0 0.6628029504741834 0.7327949438202247 0.022655426765015807 0.02247191011235955
0 0.6462065331928346 0.7549157303370787 0.023182297154899896 0.023174157303370788
0 0.6917808219178082 0.6899578651685393 0.012118018967334035 0.011938202247191011
0 0.6612223393045311 0.7341994382022472 0.01053740779768177 0.010533707865168539
0 0.6451527924130663 0.7521067415730337 0.009483667017913594 0.009129213483146067
0 0.47760800842992623 0.7528089887640449 0.0136986301369863 0.013342696629213483
0 0.4868282402528978 0.6997893258426966 0.012644889357218124 0.012640449438202247
0 0.5197576396206534 0.6843398876404494 0.011064278187565859 0.010533707865168539
0 0.40463645943098 0.6671348314606742 0.01053740779768177 0.010533707865168539
0 0.42281348788198103 0.6731039325842697 0.01053740779768177 0.010533707865168539
0 0.33877766069546894 0.5761938202247191 0.01422550052687039 0.014044943820224719
0 0.19573234984193888 0.48103932584269665 0.022655426765015807 0.02247191011235955
0 0.2107481559536354 0.4652387640449438 0.02370916754478398 0.023876404494382022
0 0.16385669125395153 0.5042134831460674 0.023182297154899896 0.023174157303370788
0 0.21996838777660696 0.6063904494382022 0.014752370916754479 0.014747191011235955
0 0.22866174920969443 0.6144662921348315 0.025816649104320338 0.025280898876404494
0 0.40569020021074814 0.7808988764044944 0.015279241306638568 0.016151685393258428
0 0.541886195995785 0.8725421348314607 0.01738672286617492 0.0175561797752809
0 0.5194942044257113 0.8929073033707865 0.012644889357218124 0.012640449438202247
0 0.5131717597471022 0.9027387640449438 0.01685985247629083 0.0175561797752809
0 0.4135932560590095 0.9339887640449438 0.01053740779768177 0.010533707865168539
0 0.42360379346680715 0.9048455056179775 0.011591148577449948 0.011235955056179775
0 0.3595890410958904 0.8788623595505618 0.012118018967334035 0.011235955056179775
0 0.36696522655426767 0.8837780898876404 0.013171759747102213 0.012640449438202247
0 0.351422550052687 0.860252808988764 0.010010537407797681 0.009831460674157303
0 0.30637513171759745 0.8409410112359551 0.025816649104320338 0.02598314606741573
0 0.2779241306638567 0.8093398876404494 0.02370916754478398 0.023876404494382022
0 0.27950474183350893 0.8416432584269663 0.02423603793466807 0.023876404494382022
0 0.309536354056902 0.8009129213483146 0.023182297154899896 0.023174157303370788
0 0.2995258166491043 0.8100421348314607 0.02423603793466807 0.023876404494382022
0 0.2571127502634352 0.7879213483146067 0.01791359325605901 0.018258426966292134
0 0.24183350895679662 0.7882724719101124 0.02792413066385669 0.028089887640449437
0 0.2226027397260274 0.7675561797752809 0.01685985247629083 0.016853932584269662
0 0.22892518440463647 0.7724719101123596 0.015806111696522657 0.016151685393258428
0 0.25158061116965225 0.7580758426966292 0.025816649104320338 0.025280898876404494
0 0.22945205479452055 0.7668539325842697 0.03108535300316122 0.03089887640449438
0 0.20231822971549 0.660814606741573 0.022655426765015807 0.02247191011235955
0 0.18018967334035826 0.6576544943820225 0.022128556375131718 0.02247191011235955
0 0.5508429926238145 0.3514747191011236 0.01422550052687039 0.014044943820224719
0 0.5295047418335089 0.34058988764044945 0.012644889357218124 0.012640449438202247
0 0.4549525816649104 0.32900280898876405 0.0136986301369863 0.013342696629213483
0 0.5642781875658588 0.4199438202247191 0.016332982086406742 0.016853932584269662
0 0.6377766069546892 0.48771067415730335 0.014752370916754479 0.014747191011235955
0 0.6641201264488936 0.4722612359550562 0.013171759747102213 0.013342696629213483
0 0.41517386722866173 0.21418539325842698 0.02423603793466807 0.023876404494382022
0 0.49604847207586933 0.2071629213483146 0.026343519494204427 0.02598314606741573
0 0.6509483667017913 0.18890449438202248 0.02897787144362487 0.028792134831460675
0 0.6214436248682824 0.199438202247191 0.026870389884088516 0.027387640449438203
0 0.6375131717597471 0.26228932584269665 0.030031612223393046 0.030196629213483147
0 0.7655426765015806 0.28651685393258425 0.02476290832455216 0.02457865168539326
0 0.8495785036880927 0.3922050561797753 0.02107481559536354 0.021067415730337078