0 0.4744842562432139 0.3183791606367583 0.02280130293159609 0.026772793053545588
0 0.8583061889250815 0.8444283646888567 0.01737242128121607 0.020984081041968163
0 0.8672638436482085 0.7850940665701881 0.016829533116178068 0.020984081041968163
0 0.8645494028230185 0.8950795947901592 0.011400651465798045 0.015195369030390739
0 0.8528773072747015 0.9015918958031838 0.01031487513572204 0.012301013024602027
0 0.8420195439739414 0.9149782923299565 0.017915309446254073 0.017366136034732273
0 0.9001085776330076 0.9026772793053546 0.02008686210640608 0.02243125904486252
0 0.6528230184581976 0.7869030390738061 0.009771986970684038 0.013024602026049204
0 0.6539087947882736 0.8013748191027497 0.019001085776330078 0.015195369030390739
0 0.5545602605863192 0.6776410998552822 0.01031487513572204 0.012301013024602027
0 0.40798045602605865 0.6125180897250362 0.013029315960912053 0.017366136034732273
0 0.36427795874049945 0.6164978292329957 0.013572204125950055 0.019536903039073805
0 0.31677524429967424 0.5300289435600579 0.013029315960912053 0.020260492040520984
0 0.1479370249728556 0.5217076700434153 0.02008686210640608 0.023154848046309694
0 0.18051031487513572 0.5217076700434153 0.02008686210640608 0.024602026049204053
0 0.13707926167209555 0.6870477568740955 0.02062975027144408 0.02532561505065123
0 0.1758957654723127 0.73589001447178 0.013029315960912053 0.013748191027496382
0 0.14142236699239957 0.7959479015918958 0.01737242128121607 0.020984081041968163
0 0.17290988056460369 0.8516642547033285 0.02225841476655809 0.023878437047756874
0 0.20195439739413681 0.877713458755427 0.019543973941368076 0.02894356005788712
0 0.17236699239956568 0.8979739507959479 0.01737242128121607 0.01808972503617945
0 0.16965255157437567 0.8806078147612156 0.021715526601520086 0.020260492040520984
0 0.18322475570032573 0.9236613603473227 0.021715526601520086 0.026772793053545588
0 0.10884907709011944 0.85383502170767 0.01248642779587405 0.015195369030390739
0 0.1004343105320304 0.8183791606367583 0.021172638436482084 0.023878437047756874
0 0.5260586319218241 0.3379160636758321 0.021715526601520086 0.031114327062228653
0 0.511400651465798 0.2926917510853835 0.019543973941368076 0.023154848046309694
0 0.494842562432139 0.329232995658466 0.02225841476655809 0.024602026049204053
0 0.46959826275787186 0.3451519536903039 0.013029315960912053 0.017366136034732273
0 0.5420738327904452 0.41316931982633864 0.014657980456026058 0.01447178002894356
0 0.6232356134636265 0.28400868306801735 0.01520086862106406 0.019536903039073805
0 0.6283930510314875 0.3183791606367583 0.015743756786102063 0.020260492040520984
0 0.6490228013029316 0.5423299565846599 0.005971769815418024 0.008683068017366137
0 0.5825190010857764 0.920767004341534 0.006514657980456026 0.010130246020260492
0 0.5385450597176982 0.9316208393632417 0.011400651465798045 0.011577424023154847
0 0.5268729641693811 0.8918234442836469 0.01248642779587405 0.012301013024602027
0 0.5333876221498371 0.8654124457308249 0.008686210640608035 0.012301013024602027
0 0.7212269272529859 0.8437047756874095 0.021172638436482084 0.02243125904486252
0 0.746471226927253 0.7977568740955138 0.016286644951140065 0.019536903039073805
0 0.7668295331161781 0.613603473227207 0.019543973941368076 0.023878437047756874
0 0.7776872964169381 0.26736613603473225 0.01737242128121607 0.020260492040520984
0 0.8007600434310532 0.20296671490593343 0.01737242128121607 0.023154848046309694
0 0.8485342019543974 0.16570188133140376 0.019001085776330078 0.023878437047756874
0 0.8908794788273615 0.1512301013024602 0.013029315960912053 0.013024602026049204
0 0.7885450597176982 0.10347322720694646 0.013572204125950055 0.020260492040520984
0 0.7918023887079262 0.1450795947901592 0.016829533116178068 0.023878437047756874
0 0.8868078175895765 0.17185238784370477 0.01520086862106406 0.019536903039073805
0 0.7757871878393051 0.0658465991316932 0.013029315960912053 0.017366136034732273
0 0.8045602605863192 0.0691027496382055 0.01031487513572204 0.017366136034732273
0 0.7945168295331162 0.07199710564399421 0.01248642779587405 0.015918958031837915
0 0.8211183496199783 0.0723589001447178 0.024429967426710098 0.029667149059334298
0 0.7912595005428882 0.12698986975397974 0.01737242128121607 0.023154848046309694
0 0.8561346362649295 0.1414616497829233 0.02062975027144408 0.023154848046309694
0 0.9286102062975027 0.07850940665701882 0.01520086862106406 0.017366136034732273
0 0.9343105320304017 0.10130246020260492 0.016829533116178068 0.02243125904486252
0 0.9633550488599348 0.1049204052098408 0.015743756786102063 0.020260492040520984
0 0.9560260586319218 0.15376266280752532 0.021715526601520086 0.02894356005788712
0 0.8851791530944625 0.07923299565846599 0.015743756786102063 0.02243125904486252
0 0.8881650380021715 0.09949348769898697 0.01737242128121607 0.020984081041968163
0 0.9720412595005429 0.19247467438494936 0.02008686210640608 0.023878437047756874
0 0.989413680781759 0.22178002894356005 0.016829533116178068 0.020984081041968163
0 0.9845276872964169 0.18885672937771347 0.014657980456026058 0.019536903039073805
0 0.4231813246471227 0.847684515195369 0.0249728555917481 0.023878437047756874
0 0.4256243213897937 0.8129522431259045 0.02225841476655809 0.02604920405209841
0 0.4723127035830619 0.8451519536903039 0.008686210640608035 0.008683068017366137
0 0.4522258414766558 0.7865412445730825 0.016829533116178068 0.01808972503617945
0 0.3010314875135722 0.7326338639652678 0.02008686210640608 0.02532561505065123
0 0.34174809989142235 0.8042691751085383 0.023887079261672096 0.029667149059334298
0 0.0735613463626493 0.8541968162083936 0.01248642779587405 0.008683068017366137
0 0.11970684039087948 0.8400868306801736 0.006514657980456026 0.008683068017366137
0 0.13110749185667753 0.7698986975397974 0.02008686210640608 0.02243125904486252
0 0.1245928338762215 0.5767004341534009 0.021715526601520086 0.023154848046309694
0 0.09174809989142237 0.5575253256150506 0.021715526601520086 0.02532561505065123
0 0.07654723127035831 0.6081765557163531 0.019543973941368076 0.02170767004341534
0 0.18078175895765472 0.46164978292329956 0.01737242128121607 0.020984081041968163
0 0.08523344191096634 0.4609261939218524 0.021715526601520086 0.02894356005788712
0 0.08604777415852334 0.47901591895803186 0.01737242128121607 0.02243125904486252
0 0.17019543973941367 0.38567293777134587 0.019543973941368076 0.02532561505065123
0 0.12975027144408252 0.3516642547033285 0.021172638436482084 0.026772793053545588
0 0.14305103148751358 0.28798842257597684 0.019543973941368076 0.024602026049204053
0 0.1772529858849077 0.26013024602026047 0.009229098805646038 0.011577424023154847
0 0.17942453854505971 0.23191027496382055 0.008686210640608035 0.008683068017366137
0 0.09283387622149837 0.1678726483357453 0.008686210640608035 0.008683068017366137
0 0.10776330076004344 0.15955137481910275 0.01031487513572204 0.012301013024602027
0 0.13653637350705755 0.14580318379160637 0.009771986970684038 0.011577424023154847
0 0.1264929424538545 0.13060781476121563 0.005971769815418024 0.006512301013024602
0 0.13137893593919653 0.15846599131693198 0.00760043431053203 0.009406657018813314
0 0.1278501628664495 0.11903039073806078 0.01031487513572204 0.011577424023154847
0 0.20656894679695983 0.09696092619392185 0.01031487513572204 0.010130246020260492
0 0.1737242128121607 0.11649782923299566 0.008686210640608035 0.008683068017366137
0 0.5966340933767644 0.7793053545586107 0.011400651465798045 0.015195369030390739
0 0.6218783930510315 0.7883502170767004 0.015743756786102063 0.020260492040520984
0 0.6672095548317046 0.7246743849493488 0.014115092290988056 0.020260492040520984
0 0.5952768729641694 0.8574529667149059 0.01520086862106406 0.019536903039073805
0 0.756243213897937 0.8549204052098408 0.015743756786102063 0.020260492040520984
0 0.7931596091205212 0.7872648335745297 0.02062975027144408 0.02894356005788712
0 0.742399565689468 0.9544138929088278 0.026601520086862108 0.02894356005788712
0 0.9484256243213898 0.8205499276410999 0.015743756786102063 0.019536903039073805
0 0.9478827361563518 0.8357452966714906 0.01737242128121607 0.02532561505065123
0 0.9389250814332247 0.7706222865412445 0.021172638436482084 0.023878437047756874
0 0.33631921824104233 0.6790882778581766 0.026601520086862108 0.030390738060781478
0 0.44245385450597174 0.6924746743849494 0.025515743756786103 0.030390738060781478
0 0.16693811074918566 0.8013748191027497 0.02768729641693811 0.03256150506512301
0 0.1254071661237785 0.9135311143270622 0.03040173724212812 0.031114327062228653
0 0.07763300760043432 0.7044138929088278 0.029315960912052116 0.04052098408104197
0 0.08740499457111835 0.6761939218523878 0.029315960912052116 0.0361794500723589
0 0.1989685124864278 0.4963820549927641 0.029315960912052116 0.03400868306801737
0 0.28420195439739415 0.3227206946454414 0.03528773072747014 0.04052098408104197
0 0.3279044516829533 0.34081041968162085 0.023887079261672096 0.028219971056439943
0 0.995656894679696 0.2619392185238784 0.008686210640608035 0.02894356005788712
0 0.739956568946797 0.0691027496382055 0.019001085776330078 0.02604920405209841
0 0.8083604777415853 0.10709117221418235 0.02062975027144408 0.02604920405209841
0 0.5385450597176982 0.5426917510853835 0.013029315960912053 0.016642547033285094
0 0.5209011943539631 0.532561505065123 0.014657980456026058 0.01808972503617945
0 0.5578175895765473 0.5777858176555717 0.01248642779587405 0.015918958031837915
0 0.4489685124864278 0.48118668596237335 0.01520086862106406 0.015918958031837915
0 0.46769815418023886 0.45296671490593343 0.014657980456026058 0.017366136034732273
0 0.761672095548317 0.1248191027496382 0.014115092290988056 0.017366136034732273
0 0.7681867535287731 0.14978292329956586 0.010857763300760043 0.01881331403762663
0 0.9090662323561346 0.08140376266280752 0.013029315960912053 0.01808972503617945
0 0.9204668838219326 0.09623733719247468 0.014115092290988056 0.020984081041968163
0 0.9063517915309446 0.12047756874095514 0.013029315960912053 0.017366136034732273
0 0.8756786102062974 0.7594066570188133 0.01248642779587405 0.016642547033285094
0 0.8615635179153095 0.872286541244573 0.013572204125950055 0.01881331403762663
0 0.8965798045602605 0.9638205499276411 0.01248642779587405 0.019536903039073805
0 0.9096091205211726 0.9605643994211288 0.01520086862106406 0.020984081041968163
0 0.7307274701411509 0.5206222865412445 0.010857763300760043 0.013024602026049204
0 0.7299131378935939 0.16823444283646888 0.01248642779587405 0.016642547033285094
0 0.741042345276873 0.1183068017366136 0.01520086862106406 0.020260492040520984
0 0.7166123778501629 0.08031837916063676 0.01248642779587405 0.015918958031837915
0 0.7100977198697068 0.10817655571635311 0.011400651465798045 0.016642547033285094
0 0.6932681867535287 0.5615050651230101 0.014657980456026058 0.01881331403762663
0 0.6970684039087948 0.5788712011577424 0.013029315960912053 0.020260492040520984
0 0.6452225841476655 0.6790882778581766 0.01520086862106406 0.01808972503617945
0 0.5149294245385451 0.6845151953690304 0.014115092290988056 0.020260492040520984