0 0.8968586387434555 0.20949720670391062 0.01099476439790576 0.012569832402234637
0 0.8795811518324608 0.26466480446927376 0.014136125654450262 0.018156424581005588
0 0.8952879581151832 0.24930167597765363 0.012565445026178011 0.01675977653631285
0 0.8282722513089005 0.2852653631284916 0.015183246073298429 0.0111731843575419
0 0.8232984293193717 0.20006983240223464 0.012041884816753926 0.013966480446927373
0 0.8539267015706806 0.16445530726256982 0.013089005235602094 0.014664804469273743
0 0.8568062827225131 0.15537709497206703 0.01780104712041885 0.019553072625698324
0 0.875392670157068 0.14350558659217877 0.010471204188481676 0.013966480446927373
0 0.8552356020942409 0.11557262569832402 0.01099476439790576 0.012569832402234637
0 0.8869109947643979 0.12814245810055866 0.013612565445026177 0.013268156424581005
0 0.8468586387434555 0.13337988826815642 0.01099476439790576 0.012569832402234637
0 0.8342931937172775 0.11871508379888268 0.016230366492146597 0.018156424581005588
0 0.26413612565445027 0.9423882681564246 0.02198952879581152 0.024441340782122904
0 0.22329842931937172 0.9266759776536313 0.016753926701570682 0.02164804469273743
0 0.2361256544502618 0.9322625698324022 0.016230366492146597 0.027932960893854747
0 0.3018324607329843 0.9294692737430168 0.015183246073298429 0.024441340782122904
0 0.3667539267015707 0.931913407821229 0.014136125654450262 0.018854748603351956
0 0.37591623036649213 0.9560055865921788 0.014659685863874346 0.0223463687150838
0 0.4 0.8997905027932961 0.013089005235602094 0.014664804469273743
0 0.38717277486910995 0.8889664804469274 0.015183246073298429 0.014664804469273743
0 0.3505235602094241 0.884427374301676 0.016230366492146597 0.024441340782122904
0 0.5238219895287958 0.8896648044692738 0.007329842931937173 0.012569832402234637
0 0.5295811518324607 0.890013966480447 0.004712041884816754 0.007681564245810056
0 0.5314136125654451 0.8990921787709497 0.008376963350785341 0.011871508379888268
0 0.5722513089005236 0.9629888268156425 0.01099476439790576 0.013268156424581005
0 0.6264397905759163 0.9099162011173184 0.007329842931937173 0.0111731843575419
0 0.6230366492146597 0.9409916201117319 0.007329842931937173 0.0111731843575419
0 0.6107329842931937 0.9567039106145251 0.008376963350785341 0.0111731843575419
0 0.5575916230366492 0.8980446927374302 0.006806282722513089 0.009078212290502794
0 0.5604712041884817 0.8711592178770949 0.006806282722513089 0.009078212290502794
0 0.5832460732984294 0.8861731843575419 0.006806282722513089 0.008379888268156424
0 0.6149214659685864 0.6508379888268156 0.008900523560209424 0.013966480446927373
0 0.6162303664921466 0.664804469273743 0.011518324607329843 0.0111731843575419
0 0.61282722513089 0.6958798882681564 0.008376963350785341 0.013268156424581005
0 0.5646596858638744 0.6141759776536313 0.01099476439790576 0.01047486033519553
0 0.6277486910994764 0.4612430167597765 0.009947643979057591 0.011871508379888268
0 0.762041884816754 0.17597765363128492 0.009947643979057591 0.018854748603351956
0 0.7714659685863874 0.17667597765363127 0.008900523560209424 0.013966480446927373
0 0.868848167539267 0.47870111731843573 0.019895287958115182 0.02723463687150838
0 0.8209424083769633 0.5652932960893855 0.016230366492146597 0.018854748603351956
0 0.7782722513089005 0.8414804469273743 0.012565445026178011 0.018854748603351956
0 0.7735602094240838 0.818086592178771 0.012565445026178011 0.01606145251396648
0 0.831413612565445 0.8264664804469274 0.01099476439790576 0.013966480446927373
0 0.8536649214659686 0.9587988826815642 0.012565445026178011 0.018156424581005588
0 0.8149214659685864 0.8956005586592178 0.009947643979057591 0.01675977653631285
0 0.7646596858638743 0.8924581005586593 0.01099476439790576 0.013966480446927373
0 0.7743455497382199 0.8872206703910615 0.012565445026178011 0.01675977653631285
0 0.7842931937172775 0.8830307262569832 0.008900523560209424 0.013966480446927373
0 0.7769633507853403 0.9699720670391061 0.009947643979057591 0.01606145251396648
0 0.8227748691099477 0.9378491620111732 0.012041884816753926 0.019553072625698324
0 0.8070680628272251 0.9587988826815642 0.01780104712041885 0.02164804469273743
0 0.8081151832460733 0.9532122905027933 0.006806282722513089 0.009078212290502794
0 0.3774869109947644 0.638268156424581 0.012565445026178011 0.020251396648044692
0 0.35732984293193715 0.6623603351955307 0.014136125654450262 0.019553072625698324
0 0.3662303664921466 0.7049581005586593 0.014136125654450262 0.01675977653631285
0 0.3505235602094241 0.7067039106145251 0.016230366492146597 0.02094972067039106
0 0.39424083769633506 0.7800279329608939 0.015706806282722512 0.02094972067039106
0 0.3630890052356021 0.7877094972067039 0.016230366492146597 0.018854748603351956
0 0.29921465968586386 0.7639664804469274 0.015183246073298429 0.01675977653631285
0 0.7387434554973822 0.5663407821229051 0.019895287958115182 0.02164804469273743
0 0.7293193717277487 0.5869413407821229 0.023036649214659685 0.029329608938547486
0 0.7609947643979058 0.5764664804469274 0.02198952879581152 0.030027932960893854
0 0.7589005235602094 0.6358240223463687 0.027225130890052355 0.030726256983240222
0 0.8196335078534032 0.6386173184357542 0.02356020942408377 0.030726256983240222
0 0.8138743455497383 0.678072625698324 0.024083769633507852 0.03282122905027933
0 0.7675392670157068 0.6864525139664804 0.028272251308900525 0.036312849162011177
0 0.7892670157068062 0.6937849162011173 0.02356020942408377 0.03282122905027933
0 0.7735602094240838 0.6574720670391061 0.0193717277486911 0.027932960893854747
0 0.7942408376963351 0.647695530726257 0.024607329842931937 0.0335195530726257
0 0.7418848167539267 0.5279329608938548 0.02774869109947644 0.034217877094972066
0 0.8274869109947643 0.47416201117318435 0.020942408376963352 0.030726256983240222
0 0.6827225130890052 0.4797486033519553 0.028272251308900525 0.03840782122905028
0 0.20471204188481676 0.15782122905027932 0.014659685863874346 0.017458100558659217
0 0.2630890052356021 0.2011173184357542 0.014659685863874346 0.018854748603351956
0 0.28272251308900526 0.21543296089385475 0.014659685863874346 0.020251396648044692
0 0.15575916230366493 0.1787709497206704 0.016230366492146597 0.024441340782122904
0 0.11780104712041885 0.09497206703910614 0.012565445026178011 0.018156424581005588
0 0.07591623036649214 0.09322625698324022 0.014659685863874346 0.01606145251396648
0 0.09476439790575916 0.12744413407821228 0.011518324607329843 0.015363128491620111
0 0.28900523560209423 0.5174581005586593 0.014659685863874346 0.020251396648044692
0 0.3020942408376963 0.5370111731843575 0.016753926701570682 0.025139664804469275
0 0.3900523560209424 0.5764664804469274 0.0193717277486911 0.023044692737430168
0 0.393717277486911 0.49441340782122906 0.015706806282722512 0.02094972067039106