0 0.3367686170212766 0.1320921985815603 0.015292553191489361 0.014184397163120567
0 0.37998670212765956 0.15824468085106383 0.02127659574468085 0.020390070921985817
0 0.37101063829787234 0.14051418439716312 0.0199468085106383 0.018617021276595744
0 0.3816489361702128 0.21586879432624115 0.015957446808510637 0.01950354609929078
0 0.3055186170212766 0.2078900709219858 0.016622340425531915 0.016843971631205674
0 0.28324468085106386 0.1702127659574468 0.01795212765957447 0.018617021276595744
0 0.2759308510638298 0.16533687943262412 0.024601063829787235 0.023936170212765957
0 0.2712765957446808 0.14361702127659576 0.016622340425531915 0.015070921985815602
0 0.2403590425531915 0.16090425531914893 0.015292553191489361 0.014184397163120567
0 0.2613031914893617 0.12943262411347517 0.016622340425531915 0.018617021276595744
0 0.253656914893617 0.17198581560283688 0.015292553191489361 0.014184397163120567
0 0.23670212765957446 0.18306737588652483 0.022606382978723406 0.022163120567375887
0 0.7862367021276596 0.9104609929078015 0.030585106382978722 0.030141843971631204
0 0.7596409574468085 0.9512411347517731 0.026595744680851064 0.024822695035460994
0 0.7689494680851063 0.9388297872340425 0.031914893617021274 0.025709219858156027
0 0.7865691489361702 0.8687943262411347 0.027925531914893616 0.023936170212765957
0 0.8091755319148937 0.8009751773049646 0.021941489361702128 0.020390070921985817
0 0.8334441489361702 0.7952127659574468 0.02526595744680851 0.022163120567375887
0 0.7908909574468085 0.7615248226950354 0.01795212765957447 0.01773049645390071
0 0.7769281914893617 0.7734929078014184 0.018617021276595744 0.020390070921985817
0 0.7623005319148937 0.81072695035461 0.027925531914893616 0.023936170212765957
0 0.820811170212766 0.6298758865248227 0.013962765957446808 0.010638297872340425
0 0.8231382978723404 0.6245567375886525 0.008643617021276596 0.0070921985815602835
0 0.8311170212765957 0.6236702127659575 0.013297872340425532 0.01152482269503546
0 0.9012632978723404 0.5913120567375887 0.015957446808510637 0.015070921985815602
0 0.8706781914893617 0.525709219858156 0.013297872340425532 0.010638297872340425
0 0.8969414893617021 0.5350177304964538 0.013297872340425532 0.010638297872340425
0 0.9072473404255319 0.5492021276595744 0.013297872340425532 0.01152482269503546
0 0.839095744680851 0.5961879432624113 0.011303191489361703 0.00975177304964539
0 0.8158244680851063 0.5886524822695035 0.011303191489361703 0.00975177304964539
0 0.8361037234042553 0.5682624113475178 0.010638297872340425 0.00975177304964539
0 0.6379654255319149 0.49689716312056736 0.015292553191489361 0.014184397163120567
0 0.6505984042553191 0.49822695035460995 0.013962765957446808 0.014184397163120567
0 0.6775265957446809 0.5066489361702128 0.014627659574468085 0.01152482269503546
0 0.5904255319148937 0.5438829787234043 0.013962765957446808 0.014184397163120567
0 0.47506648936170215 0.45434397163120566 0.013962765957446808 0.013297872340425532
0 0.2646276595744681 0.26773049645390073 0.020611702127659573 0.015957446808510637
0 0.2679521276595745 0.25842198581560283 0.015292553191489361 0.013297872340425532
0 0.5651595744680851 0.20434397163120568 0.032579787234042555 0.02925531914893617
0 0.6269946808510638 0.26773049645390073 0.02327127659574468 0.022163120567375887
0 0.8577127659574468 0.35638297872340424 0.02127659574468085 0.018617021276595744
0 0.8357712765957447 0.35771276595744683 0.018617021276595744 0.01773049645390071
0 0.8607047872340425 0.2983156028368794 0.016622340425531915 0.015957446808510637
0 0.9827127659574468 0.29565602836879434 0.015957446808510637 0.018617021276595744
0 0.9168882978723404 0.3262411347517731 0.018617021276595744 0.015070921985815602
0 0.8982712765957447 0.37854609929078015 0.015957446808510637 0.015070921985815602
0 0.8969414893617021 0.3670212765957447 0.01928191489361702 0.018617021276595744
0 0.8962765957446809 0.35638297872340424 0.015957446808510637 0.014184397163120567
0 0.9700797872340425 0.37810283687943264 0.01795212765957447 0.015070921985815602
0 0.956781914893617 0.3249113475177305 0.021941489361702128 0.018617021276595744
0 0.9704122340425532 0.3448581560283688 0.026595744680851064 0.025709219858156027
0 0.9657579787234043 0.3426418439716312 0.011303191489361703 0.00975177304964539
0 0.5528590425531915 0.7437943262411347 0.022606382978723406 0.018617021276595744
0 0.5681515957446809 0.7681737588652482 0.022606382978723406 0.020390070921985817
0 0.6087101063829787 0.7664007092198581 0.020611702127659573 0.01950354609929078
0 0.6053856382978723 0.7832446808510638 0.02526595744680851 0.022163120567375887
0 0.6835106382978723 0.7486702127659575 0.024601063829787235 0.022163120567375887
0 0.6808510638297872 0.7828014184397163 0.02327127659574468 0.022163120567375887
0 0.6392952127659575 0.8453014184397163 0.020611702127659573 0.020390070921985817
0 0.6023936170212766 0.3537234042553192 0.02726063829787234 0.0274822695035461
0 0.617686170212766 0.3674645390070922 0.03523936170212766 0.03280141843971631
0 0.6186835106382979 0.3324468085106383 0.03523936170212766 0.031914893617021274
0 0.6705452127659575 0.34352836879432624 0.03856382978723404 0.038120567375886524
0 0.6918218085106383 0.28147163120567376 0.036569148936170214 0.034574468085106384
0 0.7244015957446809 0.29343971631205673 0.03723404255319149 0.034574468085106384
0 0.7177526595744681 0.3426418439716312 0.04321808510638298 0.0398936170212766
0 0.730718085106383 0.32136524822695034 0.03856382978723404 0.034574468085106384
0 0.6938164893617021 0.3324468085106383 0.032579787234042555 0.02925531914893617
0 0.6918218085106383 0.30895390070921985 0.03922872340425532 0.03546099290780142
0 0.569813829787234 0.3448581560283688 0.041223404255319146 0.03900709219858156
0 0.5485372340425532 0.24645390070921985 0.03590425531914894 0.031914893617021274
0 0.5079787234042553 0.39893617021276595 0.04521276595744681 0.040780141843971635
0 0.07446808510638298 0.8488475177304965 0.02127659574468085 0.020390070921985817
0 0.1309840425531915 0.7947695035460993 0.021941489361702128 0.020390070921985817
0 0.14993351063829788 0.7761524822695035 0.02327127659574468 0.02127659574468085
0 0.07779255319148937 0.9038120567375887 0.028590425531914893 0.024822695035460994
0 0.4185505319148936 0.8178191489361702 0.02327127659574468 0.02127659574468085
0 0.4401595744680851 0.8067375886524822 0.02925531914893617 0.025709219858156027
0 0.5023271276595744 0.7211879432624113 0.028590425531914893 0.0274822695035461
0 0.4308510638297872 0.7039007092198581 0.02526595744680851 0.022163120567375887