0 0.20681330472103004 0.5600858369098712 0.011802575107296138 0.012875536480686695
0 0.2017167381974249 0.5536480686695279 0.011266094420600859 0.012160228898426323
0 0.2384656652360515 0.5021459227467812 0.021995708154506438 0.023605150214592276
0 0.3020386266094421 0.4821173104434907 0.02092274678111588 0.022889842632331903
0 0.17945278969957082 0.6820457796852647 0.015021459227467811 0.015736766809728183
0 0.2510729613733906 0.6208869814020028 0.023068669527896997 0.024320457796852647
0 0.14967811158798283 0.6394849785407726 0.012339055793991416 0.013590844062947067
0 0.154774678111588 0.6262517882689557 0.013412017167381975 0.01430615164520744
0 0.15611587982832617 0.6040772532188842 0.016094420600858368 0.017167381974248927
0 0.12339055793991416 0.6580829756795422 0.017703862660944206 0.01859799713876967
0 0.1059549356223176 0.6988555078683834 0.012875536480686695 0.01430615164520744
0 0.12580472103004292 0.6927753934191703 0.016094420600858368 0.017167381974248927
0 0.14645922746781115 0.6984978540772532 0.012875536480686695 0.01430615164520744
0 0.15075107296137338 0.6917024320457796 0.019313304721030045 0.02074391988555079
0 0.5949570815450643 0.5833333333333334 0.01984978540772532 0.02074391988555079
0 0.5641094420600858 0.5683118741058655 0.018776824034334765 0.019313304721030045
0 0.5718884120171673 0.5493562231759657 0.013948497854077254 0.015021459227467811
0 0.5523068669527897 0.5600858369098712 0.015021459227467811 0.015736766809728183
0 0.8079399141630901 0.34334763948497854 0.016094420600858368 0.017167381974248927
0 0.7939914163090128 0.39949928469241774 0.012875536480686695 0.013590844062947067
0 0.7609978540772532 0.3905579399141631 0.014484978540772532 0.015736766809728183
0 0.8597103004291845 0.41738197424892703 0.01984978540772532 0.02074391988555079
0 0.49946351931330474 0.19670958512160228 0.012339055793991416 0.012875536480686695
0 0.4104077253218884 0.2575107296137339 0.013412017167381975 0.01430615164520744
0 0.44662017167381973 0.15379113018597998 0.012339055793991416 0.012875536480686695
0 0.5195815450643777 0.12446351931330472 0.012875536480686695 0.013590844062947067
0 0.5042918454935622 0.10765379113018599 0.012875536480686695 0.013590844062947067
0 0.5579399141630901 0.1555793991416309 0.017167381974248927 0.01859799713876967
0 0.6062231759656652 0.1963519313304721 0.012875536480686695 0.013590844062947067
0 0.40477467811158796 0.449928469241774 0.012339055793991416 0.012875536480686695
0 0.38626609442060084 0.5103719599427754 0.011266094420600859 0.012160228898426323
0 0.3425429184549356 0.3791130185979971 0.014484978540772532 0.015736766809728183
0 0.31223175965665234 0.41952789699570814 0.017167381974248927 0.01859799713876967
0 0.3280579399141631 0.4366952789699571 0.018240343347639486 0.019313304721030045
0 0.30579399141630903 0.3801859799713877 0.013412017167381975 0.01430615164520744
0 0.28353004291845496 0.39449213161659513 0.012875536480686695 0.013590844062947067
0 0.28969957081545067 0.43741058655221743 0.011802575107296138 0.012875536480686695
0 0.30257510729613735 0.43168812589413447 0.02467811158798283 0.026466380543633764
0 0.2677038626609442 0.4663805436337625 0.018776824034334765 0.020028612303290415
0 0.31920600858369097 0.449928469241774 0.013412017167381975 0.01430615164520744
0 0.33986051502145925 0.47639484978540775 0.011802575107296138 0.012875536480686695
0 0.3218884120171674 0.49642346208869814 0.018240343347639486 0.019313304721030045
0 0.40853004291845496 0.5668812589413448 0.011266094420600859 0.012160228898426323
0 0.401019313304721 0.5690271816881259 0.011266094420600859 0.012160228898426323
0 0.40477467811158796 0.5690271816881259 0.024141630901287552 0.02503576537911302
0 0.5142167381974249 0.6359084406294707 0.012339055793991416 0.012875536480686695
0 0.5563304721030042 0.5919170243204578 0.014484978540772532 0.015021459227467811
0 0.4981223175965665 0.698140200286123 0.015021459227467811 0.015736766809728183
0 0.44635193133047213 0.7203147353361946 0.016094420600858368 0.017167381974248927
0 0.40236051502145925 0.6570100143061517 0.013412017167381975 0.01430615164520744
0 0.38063304721030045 0.7081545064377682 0.012339055793991416 0.013590844062947067
0 0.34603004291845496 0.6523605150214592 0.012339055793991416 0.013590844062947067
0 0.3572961373390558 0.6523605150214592 0.012875536480686695 0.01430615164520744
0 0.31947424892703863 0.5915593705293276 0.019313304721030045 0.02074391988555079
0 0.3009656652360515 0.6115879828326181 0.012875536480686695 0.013590844062947067
0 0.3232296137339056 0.5743919885550787 0.018240343347639486 0.019313304721030045
0 0.26609442060085836 0.6030042918454935 0.0203862660944206 0.022889842632331903
0 0.1928648068669528 0.5726037195994278 0.011266094420600859 0.012160228898426323
0 0.2580472103004292 0.5382689556509299 0.01072961373390558 0.011444921316165951
0 0.1958154506437768 0.4567238912732475 0.0203862660944206 0.022174535050071532
0 0.1936695278969957 0.4678111587982833 0.018776824034334765 0.020028612303290415
0 0.18374463519313305 0.47103004291845496 0.01984978540772532 0.02074391988555079
0 0.14431330472103004 0.5543633762517882 0.012875536480686695 0.013590844062947067
0 0.1555793991416309 0.5536480686695279 0.013948497854077254 0.015021459227467811
0 0.09603004291845493 0.6090844062947067 0.012875536480686695 0.013590844062947067
0 0.09763948497854077 0.6194563662374821 0.009656652360515022 0.010014306151645207
0 0.13143776824034334 0.621244635193133 0.009656652360515022 0.010014306151645207
0 0.13090128755364808 0.6262517882689557 0.009120171673819743 0.009298998569384835
0 0.1359978540772532 0.6334048640915594 0.009656652360515022 0.010014306151645207
0 0.13009656652360516 0.6351931330472103 0.0075107296137339056 0.008583690987124463
0 0.09871244635193133 0.594062947067239 0.011266094420600859 0.012160228898426323
0 0.1046137339055794 0.5872675250357654 0.0101931330472103 0.010014306151645207
0 0.10649141630901288 0.5793991416309013 0.011802575107296138 0.012875536480686695
0 0.22103004291845493 0.6434191702432046 0.02575107296137339 0.027896995708154508
0 0.27682403433476394 0.6652360515021459 0.022532188841201718 0.023605150214592276
0 0.23685622317596566 0.7017167381974249 0.011266094420600859 0.012160228898426323
0 0.22934549356223177 0.7031473533619457 0.008583690987124463 0.009298998569384835
0 0.3082081545064378 0.7113733905579399 0.011802575107296138 0.012875536480686695
0 0.31223175965665234 0.6963519313304721 0.012339055793991416 0.012875536480686695
0 0.36722103004291845 0.7467811158798283 0.0101931330472103 0.01072961373390558
0 0.3310085836909871 0.7875536480686696 0.012339055793991416 0.013590844062947067
0 0.4517167381974249 0.7764663805436338 0.013412017167381975 0.01430615164520744
0 0.44527896995708155 0.9674535050071531 0.008583690987124463 0.009298998569384835
0 0.4393776824034335 0.9628040057224606 0.011266094420600859 0.012160228898426323
0 0.43293991416309013 0.9624463519313304 0.011266094420600859 0.012160228898426323
0 0.42891630901287553 0.9728183118741058 0.011266094420600859 0.012160228898426323
0 0.4259656652360515 0.9631616595135909 0.008583690987124463 0.009298998569384835
0 0.41496781115879827 0.9535050071530758 0.01072961373390558 0.01072961373390558
0 0.40853004291845496 0.9585121602288984 0.011802575107296138 0.012875536480686695
0 0.40772532188841204 0.8891273247496424 0.013412017167381975 0.01430615164520744
0 0.38385193133047213 0.90379113018598 0.011802575107296138 0.012875536480686695
0 0.3001609442060086 0.804005722460658 0.013412017167381975 0.01430615164520744
0 0.2862124463519313 0.8158082975679543 0.0101931330472103 0.01072961373390558
0 0.2553648068669528 0.8218884120171673 0.011266094420600859 0.012160228898426323
0 0.2977467811158798 0.8333333333333334 0.016094420600858368 0.017167381974248927
0 0.2296137339055794 0.8086552217453505 0.013412017167381975 0.01430615164520744
0 0.2229077253218884 0.7635908440629471 0.011266094420600859 0.012160228898426323
0 0.25026824034334766 0.751788268955651 0.012339055793991416 0.012875536480686695
0 0.13760729613733905 0.7414163090128756 0.016094420600858368 0.017167381974248927
0 0.13143776824034334 0.7299713876967096 0.01072961373390558 0.01072961373390558
0 0.1161480686695279 0.7235336194563662 0.008583690987124463 0.009298998569384835
0 0.125 0.7145922746781116 0.0101931330472103 0.01072961373390558
0 0.12043991416309013 0.7170958512160229 0.01072961373390558 0.01072961373390558
0 0.07752145922746781 0.6917024320457796 0.03487124463519313 0.03791130185979971
0 0.0611587982832618 0.6791845493562232 0.032188841201716736 0.035050071530758224
0 0.06035407725321888 0.6677396280400573 0.029506437768240343 0.031473533619456366
0 0.09817596566523605 0.6555793991416309 0.012875536480686695 0.013590844062947067
0 0.08556866952789699 0.6541487839771102 0.013412017167381975 0.015021459227467811
0 0.0802038626609442 0.6341201716738197 0.008047210300429184 0.009298998569384835
0 0.11212446351931331 0.678826895565093 0.011802575107296138 0.012875536480686695
0 0.10005364806866952 0.6738197424892703 0.012875536480686695 0.01430615164520744
0 0.10085836909871244 0.6802575107296137 0.011802575107296138 0.012875536480686695
0 0.09227467811158799 0.6824034334763949 0.011802575107296138 0.012875536480686695
0 0.619098712446352 0.4624463519313305 0.017167381974248927 0.01859799713876967
0 0.6276824034334764 0.47317596566523606 0.015021459227467811 0.015736766809728183
0 0.226931330472103 0.43276108726752505 0.023068669527896997 0.024320457796852647
0 0.27548283261802575 0.4302575107296137 0.016630901287553648 0.0178826895565093
0 0.2800429184549356 0.4227467811158798 0.019313304721030045 0.02074391988555079
0 0.2655579399141631 0.38197424892703863 0.017703862660944206 0.01859799713876967
0 0.2977467811158798 0.47138769670958514 0.023605150214592276 0.02503576537911302
0 0.29023605150214593 0.46208869814020026 0.02467811158798283 0.026466380543633764
0 0.3406652360515021 0.5350500715307582 0.024141630901287552 0.02575107296137339
0 0.2486587982832618 0.6698855507868383 0.022532188841201718 0.024320457796852647
0 0.25563304721030045 0.6852646638054364 0.02521459227467811 0.027896995708154508