0 0.7143229166666667 0.09930555555555555 0.011979166666666667 0.0125
0 0.7166666666666667 0.08368055555555555 0.008854166666666666 0.009027777777777777
0 0.725 0.08368055555555555 0.009895833333333333 0.009722222222222222
0 0.7359375 0.12083333333333333 0.010416666666666666 0.011805555555555555
0 0.7330729166666666 0.17604166666666668 0.0125 0.013194444444444444
0 0.7002604166666667 0.1388888888888889 0.010416666666666666 0.011805555555555555
0 0.7463541666666667 0.1597222222222222 0.0109375 0.0125
0 0.66796875 0.19826388888888888 0.0125 0.015277777777777777
0 0.6671875 0.1545138888888889 0.011458333333333333 0.011805555555555555
0 0.6833333333333333 0.09375 0.010416666666666666 0.011111111111111112
0 0.6895833333333333 0.11215277777777778 0.0140625 0.014583333333333334
0 0.4973958333333333 0.7586805555555556 0.011458333333333333 0.0125
0 0.46197916666666666 0.7708333333333334 0.011979166666666667 0.013194444444444444
0 0.5138020833333333 0.7715277777777778 0.009375 0.010416666666666666
0 0.49895833333333334 0.7763888888888889 0.010416666666666666 0.011111111111111112
0 0.5098958333333333 0.7899305555555556 0.008333333333333333 0.009027777777777777
0 0.5190104166666667 0.7635416666666667 0.008854166666666666 0.009722222222222222
0 0.5197916666666667 0.7565972222222223 0.008333333333333333 0.009722222222222222
0 0.5440104166666667 0.74375 0.011979166666666667 0.013194444444444444
0 0.5453125 0.7652777777777777 0.008333333333333333 0.008333333333333333
0 0.5096354166666667 0.3645833333333333 0.019791666666666666 0.021527777777777778
0 0.49973958333333335 0.38784722222222223 0.01875 0.02013888888888889
0 0.53515625 0.3861111111111111 0.01875 0.021527777777777778
0 0.5453125 0.3795138888888889 0.020833333333333332 0.024305555555555556
0 0.7106770833333333 0.5743055555555555 0.011458333333333333 0.011111111111111112
0 0.7434895833333334 0.5357638888888889 0.009895833333333333 0.011111111111111112
0 0.7302083333333333 0.4798611111111111 0.009375 0.010416666666666666
0 0.571875 0.34652777777777777 0.018229166666666668 0.020833333333333332
0 0.5666666666666667 0.3454861111111111 0.008333333333333333 0.009722222222222222
0 0.571875 0.3451388888888889 0.008333333333333333 0.009027777777777777
0 0.5765625 0.34930555555555554 0.013020833333333334 0.014583333333333334
0 0.6716145833333333 0.18055555555555555 0.010416666666666666 0.011111111111111112
0 0.6796875 0.1951388888888889 0.009375 0.011111111111111112
0 0.67734375 0.20833333333333334 0.008854166666666666 0.008333333333333333
0 0.72890625 0.22395833333333334 0.015104166666666667 0.016666666666666666
0 0.70859375 0.2361111111111111 0.013020833333333334 0.015277777777777777
0 0.7434895833333334 0.24479166666666666 0.011458333333333333 0.0125
0 0.7986979166666667 0.3704861111111111 0.017708333333333333 0.021527777777777778
0 0.71171875 0.1579861111111111 0.015104166666666667 0.017361111111111112
0 0.7033854166666667 0.17604166666666668 0.008333333333333333 0.009722222222222222
0 0.6208333333333333 0.2861111111111111 0.019270833333333334 0.020833333333333332
0 0.6078125 0.30416666666666664 0.018229166666666668 0.019444444444444445
0 0.6302083333333334 0.325 0.01875 0.02013888888888889
0 0.5856770833333333 0.3229166666666667 0.0140625 0.014583333333333334
0 0.6122395833333333 0.37118055555555557 0.0171875 0.019444444444444445
0 0.5716145833333334 0.36041666666666666 0.0125 0.015277777777777777
0 0.67109375 0.44583333333333336 0.0140625 0.01597222222222222
0 0.6942708333333333 0.4625 0.019270833333333334 0.02013888888888889
0 0.5161458333333333 0.4510416666666667 0.013541666666666667 0.01597222222222222
0 0.5322916666666667 0.5204861111111111 0.011979166666666667 0.013194444444444444
0 0.7942708333333334 0.3347222222222222 0.0265625 0.029166666666666667
0 0.7752604166666667 0.3545138888888889 0.0234375 0.025694444444444443
0 0.8083333333333333 0.3159722222222222 0.017708333333333333 0.02013888888888889
0 0.8205729166666667 0.35104166666666664 0.017708333333333333 0.019444444444444445
0 0.8190104166666666 0.3715277777777778 0.019791666666666666 0.022916666666666665
0 0.8393229166666667 0.3506944444444444 0.021354166666666667 0.025694444444444443