0 0.7057845744680851 0.6693262411347518 0.028590425531914893 0.031914893617021274
0 0.6496010638297872 0.8240248226950354 0.01795212765957447 0.018617021276595744
0 0.7194148936170213 0.6143617021276596 0.017287234042553192 0.01773049645390071
0 0.4930186170212766 0.8914007092198581 0.03125 0.034574468085106384
0 0.4783909574468085 0.8865248226950354 0.015292553191489361 0.015957446808510637
0 0.5339095744680851 0.8834219858156028 0.022606382978723406 0.025709219858156027
0 0.5501994680851063 0.8670212765957447 0.024601063829787235 0.0274822695035461
0 0.5023271276595744 0.8235815602836879 0.01928191489361702 0.02127659574468085
0 0.554188829787234 0.838209219858156 0.017287234042553192 0.01773049645390071
0 0.7539893617021277 0.5460992907801419 0.01795212765957447 0.01950354609929078
0 0.7639627659574468 0.5412234042553191 0.015957446808510637 0.01773049645390071
0 0.7719414893617021 0.5283687943262412 0.010638297872340425 0.01152482269503546
0 0.7792553191489362 0.47650709219858156 0.0199468085106383 0.022163120567375887
0 0.6519281914893617 0.6201241134751773 0.02127659574468085 0.02304964539007092
0 0.4557845744680851 0.5611702127659575 0.027925531914893616 0.02925531914893617
0 0.6030585106382979 0.9224290780141844 0.02327127659574468 0.025709219858156027
0 0.5774601063829787 0.9100177304964538 0.034574468085106384 0.03723404255319149