0 0.8714090287277702 0.7020985401459854 0.016415868673050615 0.016423357664233577
0 0.899452804377565 0.708941605839416 0.024623803009575923 0.025547445255474453
0 0.896032831737346 0.7221715328467153 0.021203830369357045 0.02281021897810219
0 0.9121067031463749 0.75 0.030095759233926128 0.03102189781021898
0 0.902530779753762 0.7709854014598541 0.03146374829001368 0.032846715328467155
0 0.5950752393980848 0.4197080291970803 0.014363885088919288 0.013686131386861315
0 0.5198358413132695 0.4968065693430657 0.02188782489740082 0.023722627737226276
0 0.4719562243502052 0.5364963503649635 0.01709986320109439 0.01824817518248175
0 0.4538303693570451 0.5086678832116789 0.011627906976744186 0.011861313868613138
0 0.4750341997264022 0.5109489051094891 0.008891928864569083 0.010036496350364963
0 0.5321477428180574 0.5542883211678832 0.022571819425444596 0.023722627737226276
0 0.49658002735978113 0.5145985401459854 0.016415868673050615 0.016423357664233577
0 0.466484268125855 0.48494525547445255 0.01573187414500684 0.016423357664233577
0 0.689124487004104 0.6519160583941606 0.023939808481532147 0.024635036496350366
0 0.7222982216142271 0.7340328467153284 0.029411764705882353 0.030109489051094892
0 0.7643638850889193 0.7632299270072993 0.02188782489740082 0.02281021897810219
0 0.7571819425444597 0.7709854014598541 0.021203830369357045 0.02281021897810219
0 0.7780437756497948 0.7431569343065694 0.02188782489740082 0.023722627737226276
0 0.6528727770177839 0.7965328467153284 0.015047879616963064 0.01551094890510949
0 0.6901504787961696 0.8038321167883211 0.023939808481532147 0.025547445255474453
0 0.6973324213406292 0.7750912408759124 0.023939808481532147 0.025547445255474453
0 0.6966484268125855 0.8672445255474452 0.009575923392612859 0.010036496350364963
0 0.7007523939808481 0.8631386861313869 0.011627906976744186 0.011861313868613138
0 0.6569767441860465 0.8590328467153284 0.021203830369357045 0.02281021897810219
0 0.6333789329685362 0.8508211678832117 0.022571819425444596 0.023722627737226276
0 0.5971272229822161 0.8193430656934306 0.022571819425444596 0.024635036496350366
0 0.6545827633378933 0.8343978102189781 0.011627906976744186 0.010948905109489052
0 0.679890560875513 0.9247262773722628 0.011627906976744186 0.012773722627737226
0 0.6836525307797537 0.9320255474452555 0.011627906976744186 0.011861313868613138
0 0.6997264021887825 0.9452554744525548 0.01573187414500684 0.016423357664233577
0 0.679890560875513 0.9575729927007299 0.005471956224350205 0.005474452554744526
0 0.7158002735978112 0.9735401459854015 0.021203830369357045 0.021897810218978103
0 0.7363201094391245 0.9384124087591241 0.0253077975376197 0.02737226277372263
0 0.7017783857729138 0.9598540145985401 0.018467852257181942 0.01824817518248175
0 0.707592339261286 0.9511861313868614 0.019151846785225718 0.020072992700729927
0 0.7506839945280438 0.9206204379562044 0.01094391244870041 0.010948905109489052
0 0.6186730506155951 0.8781934306569343 0.023255813953488372 0.025547445255474453
0 0.7428180574555403 0.9767335766423357 0.019151846785225718 0.020072992700729927
0 0.7329001367989056 0.9676094890510949 0.022571819425444596 0.023722627737226276
0 0.7872777017783857 0.9840328467153284 0.014363885088919288 0.01551094890510949
0 0.8064295485636115 0.9598540145985401 0.029411764705882353 0.030109489051094892
0 0.7759917920656635 0.9343065693430657 0.0253077975376197 0.02737226277372263
0 0.841313269493844 0.9297445255474452 0.033515731874145006 0.03467153284671533
0 0.7872777017783857 0.854470802919708 0.01573187414500684 0.01551094890510949
0 0.7766757865937073 0.8489963503649635 0.018467852257181942 0.01824817518248175
0 0.8177154582763337 0.7249087591240876 0.023939808481532147 0.025547445255474453
0 0.9227086183310533 0.8102189781021898 0.014363885088919288 0.014598540145985401
0 0.9045827633378933 0.8517335766423357 0.0253077975376197 0.02645985401459854
0 0.9162106703146374 0.8334854014598541 0.025991792065663474 0.02737226277372263
0 0.9073187414500684 0.8234489051094891 0.029411764705882353 0.030109489051094892
0 0.8922708618331053 0.8389598540145985 0.030779753761969904 0.03102189781021898
0 0.9312585499316005 0.7887773722627737 0.028727770177838577 0.030109489051094892
0 0.8792749658002736 0.7504562043795621 0.024623803009575923 0.02645985401459854
0 0.945280437756498 0.7988138686131386 0.019151846785225718 0.01916058394160584
0 0.948358413132695 0.7833029197080292 0.01094391244870041 0.010948905109489052
0 0.9531463748290013 0.7718978102189781 0.012311901504787962 0.013686131386861315
0 0.9774281805745554 0.6227189781021898 0.023255813953488372 0.025547445255474453
0 0.9613543091655267 0.677463503649635 0.023939808481532147 0.025547445255474453
0 0.9863201094391245 0.6587591240875912 0.017783857729138167 0.029197080291970802
0 0.9216826265389877 0.43795620437956206 0.01573187414500684 0.01551094890510949
0 0.7123803009575923 0.8959854014598541 0.011627906976744186 0.011861313868613138
0 0.8929548563611491 0.6113138686131386 0.01573187414500684 0.016423357664233577
0 0.875170998632011 0.6751824817518248 0.01573187414500684 0.016423357664233577
0 0.8744870041039672 0.6423357664233577 0.014363885088919288 0.01551094890510949
0 0.9339945280437757 0.5625 0.016415868673050615 0.017335766423357664
0 0.9353625170998632 0.6993613138686131 0.018467852257181942 0.01916058394160584
0 0.9189466484268126 0.6966240875912408 0.024623803009575923 0.02645985401459854
0 0.9459644322845417 0.7431569343065694 0.028727770177838577 0.030109489051094892
0 0.9846101231190151 0.718521897810219 0.01573187414500684 0.01916058394160584
0 0.9685362517099864 0.7436131386861314 0.02051983584131327 0.020985401459854013
0 0.8854309165526676 0.7290145985401459 0.02667578659370725 0.028284671532846715
0 0.8806429548563611 0.7796532846715328 0.025991792065663474 0.02737226277372263
0 0.8519151846785226 0.7623175182481752 0.03283173734610123 0.032846715328467155
0 0.8033515731874145 0.781478102189781 0.013679890560875513 0.013686131386861315
0 0.7906976744186046 0.8234489051094891 0.024623803009575923 0.02645985401459854
0 0.7629958960328317 0.8115875912408759 0.013679890560875513 0.014598540145985401
0 0.7411080711354309 0.2728102189781022 0.01709986320109439 0.01824817518248175
0 0.856703146374829 0.2937956204379562 0.023939808481532147 0.02645985401459854
0 0.7995896032831737 0.21395985401459855 0.019835841313269494 0.020985401459854013
0 0.6833105335157319 0.3658759124087591 0.016415868673050615 0.017335766423357664
0 0.6792065663474692 0.2103102189781022 0.019151846785225718 0.01916058394160584
0 0.4784541723666211 0.5387773722627737 0.032147742818057455 0.032846715328467155
0 0.41484268125854995 0.5232664233576643 0.022571819425444596 0.024635036496350366
0 0.40013679890560877 0.5488138686131386 0.022571819425444596 0.023722627737226276
0 0.6901504787961696 0.5269160583941606 0.023255813953488372 0.024635036496350366
0 0.6385088919288646 0.49406934306569344 0.023939808481532147 0.025547445255474453
0 0.673734610123119 0.5250912408759124 0.023939808481532147 0.024635036496350366
0 0.646032831737346 0.479014598540146 0.0253077975376197 0.02737226277372263
0 0.6518467852257182 0.5022810218978102 0.025991792065663474 0.02737226277372263
0 0.6870725034199726 0.5679744525547445 0.0280437756497948 0.029197080291970802
0 0.7421340629274966 0.6318430656934306 0.023939808481532147 0.02645985401459854
0 0.7612859097127223 0.5985401459854015 0.030095759233926128 0.03102189781021898
0 0.9162106703146374 0.7317518248175182 0.030779753761969904 0.03193430656934307
0 0.9774281805745554 0.7312956204379562 0.029411764705882353 0.030109489051094892
0 0.9107387140902873 0.7828467153284672 0.030095759233926128 0.03102189781021898
0 0.9353625170998632 0.8248175182481752 0.028727770177838577 0.030109489051094892
0 0.6169630642954856 0.541970802919708 0.03283173734610123 0.032846715328467155
0 0.5961012311901505 0.5816605839416058 0.028727770177838577 0.029197080291970802
0 0.6118331053351573 0.5670620437956204 0.03419972640218878 0.035583941605839414
0 0.6012311901504788 0.17107664233576642 0.02051983584131327 0.020985401459854013
0 0.6231190150478796 0.24361313868613138 0.018467852257181942 0.01824817518248175
0 0.6200410396716827 0.23083941605839417 0.019835841313269494 0.020985401459854013
0 0.6668946648426812 0.2093978102189781 0.018467852257181942 0.01916058394160584
0 0.6603967168262654 0.13001824817518248 0.019151846785225718 0.01916058394160584
0 0.6956224350205198 0.17563868613138686 0.018467852257181942 0.01916058394160584
0 0.7079343365253078 0.15647810218978103 0.017783857729138167 0.01824817518248175
0 0.5379616963064295 0.05656934306569343 0.017783857729138167 0.01824817518248175
0 0.5222298221614227 0.09032846715328467 0.019151846785225718 0.020072992700729927
0 0.5136798905608755 0.07801094890510948 0.017783857729138167 0.01824817518248175
0 0.5465116279069767 0.11587591240875912 0.016415868673050615 0.017335766423357664
0 0.5926812585499316 0.12910583941605838 0.024623803009575923 0.02645985401459854
0 0.49350205198358416 0.2281021897810219 0.019151846785225718 0.020072992700729927
0 0.3440492476060191 0.4416058394160584 0.021203830369357045 0.02281021897810219
0 0.22503419972640218 0.23312043795620438 0.018467852257181942 0.01824817518248175
0 0.2718878248974008 0.23996350364963503 0.02051983584131327 0.021897810218978103
0 0.41894664842681256 0.08576642335766424 0.022571819425444596 0.024635036496350366
0 0.4278385772913817 0.12408759124087591 0.019835841313269494 0.020985401459854013
0 0.4582763337893297 0.10036496350364964 0.023939808481532147 0.02645985401459854
0 0.46716826265389877 0.014142335766423358 0.019835841313269494 0.020072992700729927