0 0.15478515625 0.7486979166666666 0.01171875 0.018229166666666668
0 0.1376953125 0.7109375 0.0078125 0.012369791666666666
0 0.1923828125 0.7506510416666666 0.01123046875 0.014322916666666666
0 0.2158203125 0.7688802083333334 0.01123046875 0.01171875
0 0.234375 0.81640625 0.01123046875 0.010416666666666666
0 0.21728515625 0.6901041666666666 0.0107421875 0.013671875
0 0.1259765625 0.892578125 0.00927734375 0.013671875
0 0.287109375 0.7526041666666666 0.01171875 0.016276041666666668
0 0.15576171875 0.3014322916666667 0.01318359375 0.015625
0 0.16064453125 0.2721354166666667 0.0224609375 0.025390625
0 0.21826171875 0.3391927083333333 0.02734375 0.03515625
0 0.1826171875 0.3326822916666667 0.0146484375 0.021484375
0 0.18359375 0.2975260416666667 0.01806640625 0.024088541666666668
0 0.11181640625 0.22786458333333334 0.01123046875 0.012369791666666666
0 0.1298828125 0.23567708333333334 0.0087890625 0.011067708333333334
0 0.13818359375 0.22526041666666666 0.00732421875 0.0078125
0 0.11279296875 0.205078125 0.00927734375 0.011067708333333334
0 0.12939453125 0.20703125 0.0087890625 0.01171875
0 0.13916015625 0.20442708333333334 0.00830078125 0.009114583333333334
0 0.16455078125 0.24674479166666666 0.01220703125 0.016276041666666668
0 0.203125 0.22591145833333334 0.01123046875 0.013671875
0 0.216796875 0.22135416666666666 0.013671875 0.018229166666666668
0 0.13330078125 0.10481770833333333 0.01123046875 0.012369791666666666
0 0.14794921875 0.10677083333333333 0.009765625 0.013020833333333334
0 0.15673828125 0.103515625 0.009765625 0.013020833333333334
0 0.177734375 0.09375 0.009765625 0.009765625
0 0.1162109375 0.091796875 0.0087890625 0.008463541666666666
0 0.21240234375 0.11002604166666667 0.00927734375 0.010416666666666666
0 0.208984375 0.13606770833333334 0.0087890625 0.010416666666666666
0 0.19970703125 0.14778645833333334 0.00927734375 0.013671875
0 0.1005859375 0.16015625 0.01025390625 0.011067708333333334
0 0.1044921875 0.1484375 0.00927734375 0.009765625
0 0.10107421875 0.13802083333333334 0.00634765625 0.008463541666666666
0 0.11181640625 0.11328125 0.00634765625 0.007161458333333333
0 0.1044921875 0.2578125 0.00732421875 0.009114583333333334
0 0.1103515625 0.3040364583333333 0.00732421875 0.0078125
0 0.12158203125 0.2942708333333333 0.009765625 0.012369791666666666
0 0.15673828125 0.3209635416666667 0.0166015625 0.020182291666666668
0 0.13818359375 0.4934895833333333 0.0087890625 0.010416666666666666
0 0.0908203125 0.5045572916666666 0.0087890625 0.012369791666666666
0 0.09619140625 0.4947916666666667 0.00732421875 0.009765625
0 0.14892578125 0.5045572916666666 0.00634765625 0.009765625
0 0.18603515625 0.4947916666666667 0.00732421875 0.009765625
0 0.1787109375 0.4778645833333333 0.00927734375 0.011067708333333334
0 0.1474609375 0.4778645833333333 0.00830078125 0.010416666666666666
0 0.10205078125 0.5930989583333334 0.01123046875 0.011067708333333334
0 0.1220703125 0.59375 0.00830078125 0.012369791666666666
0 0.1171875 0.6061197916666666 0.0068359375 0.009765625
0 0.16015625 0.595703125 0.00634765625 0.0078125
0 0.1474609375 0.6048177083333334 0.01318359375 0.014973958333333334
0 0.14013671875 0.625 0.0078125 0.01171875
0 0.1044921875 0.578125 0.00732421875 0.011067708333333334
0 0.10302734375 0.7701822916666666 0.00634765625 0.009765625
0 0.1103515625 0.7779947916666666 0.00634765625 0.009765625
0 0.17626953125 0.7845052083333334 0.01318359375 0.015625
0 0.15087890625 0.7662760416666666 0.01025390625 0.012369791666666666
0 0.15966796875 0.7083333333333334 0.0087890625 0.009765625
0 0.11962890625 0.6907552083333334 0.00927734375 0.010416666666666666
0 0.12451171875 0.6985677083333334 0.009765625 0.010416666666666666
0 0.126953125 0.9075520833333334 0.0107421875 0.014973958333333334
0 0.17529296875 0.8372395833333334 0.0078125 0.013020833333333334
0 0.20751953125 0.8053385416666666 0.00634765625 0.010416666666666666
0 0.15966796875 0.8255208333333334 0.00634765625 0.012369791666666666
0 0.1416015625 0.8170572916666666 0.00927734375 0.01171875
0 0.13916015625 0.791015625 0.01025390625 0.014322916666666666
0 0.24365234375 0.8502604166666666 0.0107421875 0.010416666666666666
0 0.2666015625 0.8444010416666666 0.00830078125 0.012369791666666666
0 0.27587890625 0.8671875 0.00732421875 0.010416666666666666
0 0.27392578125 0.8873697916666666 0.009765625 0.012369791666666666
0 0.1796875 0.8645833333333334 0.00634765625 0.009114583333333334
0 0.2412109375 0.80078125 0.0087890625 0.012369791666666666
0 0.22705078125 0.7350260416666666 0.01123046875 0.014973958333333334
0 0.26318359375 0.69140625 0.0078125 0.010416666666666666
0 0.2412109375 0.7037760416666666 0.00830078125 0.009765625
0 0.2041015625 0.6627604166666666 0.01171875 0.017578125
0 0.244140625 0.6588541666666666 0.0087890625 0.012369791666666666
0 0.24609375 0.640625 0.00927734375 0.011067708333333334
0 0.23046875 0.6380208333333334 0.009765625 0.013020833333333334
0 0.22802734375 0.484375 0.0087890625 0.012369791666666666
0 0.22802734375 0.498046875 0.009765625 0.012369791666666666
0 0.21826171875 0.4661458333333333 0.01123046875 0.014322916666666666
0 0.24365234375 0.427734375 0.01708984375 0.018880208333333332
0 0.26318359375 0.423828125 0.021484375 0.027994791666666668
0 0.24560546875 0.3834635416666667 0.0205078125 0.020182291666666668
0 0.15234375 0.4205729166666667 0.01025390625 0.012369791666666666
0 0.15185546875 0.443359375 0.017578125 0.022135416666666668
0 0.2275390625 0.328125 0.0166015625 0.018880208333333332
0 0.19091796875 0.2805989583333333 0.01708984375 0.017578125
0 0.25732421875 0.36328125 0.0166015625 0.021484375
0 0.26318359375 0.09505208333333333 0.0078125 0.010416666666666666
0 0.24853515625 0.10416666666666667 0.01123046875 0.013020833333333334
0 0.3427734375 0.193359375 0.017578125 0.024088541666666668
0 0.3544921875 0.2786458333333333 0.01513671875 0.020182291666666668
0 0.35595703125 0.2942708333333333 0.0107421875 0.011067708333333334
0 0.3447265625 0.314453125 0.0263671875 0.030598958333333332
0 0.3037109375 0.2786458333333333 0.013671875 0.014973958333333334
0 0.3017578125 0.263671875 0.00634765625 0.009765625
0 0.296875 0.2545572916666667 0.01025390625 0.012369791666666666
0 0.30908203125 0.4381510416666667 0.00732421875 0.012369791666666666
0 0.28076171875 0.4303385416666667 0.01904296875 0.022135416666666668
0 0.25927734375 0.4016927083333333 0.0087890625 0.01171875
0 0.3193359375 0.4752604166666667 0.017578125 0.022135416666666668
0 0.28466796875 0.4680989583333333 0.0087890625 0.012369791666666666
0 0.31005859375 0.576171875 0.0166015625 0.017578125
0 0.326171875 0.58203125 0.0185546875 0.020182291666666668
0 0.3505859375 0.6080729166666666 0.017578125 0.022786458333333332
0 0.3369140625 0.8033854166666666 0.00732421875 0.011067708333333334
0 0.32177734375 0.8326822916666666 0.009765625 0.014322916666666666
0 0.4111328125 0.904296875 0.01123046875 0.012369791666666666
0 0.41943359375 0.9153645833333334 0.0087890625 0.012369791666666666
0 0.4130859375 0.8548177083333334 0.0107421875 0.013020833333333334
0 0.43359375 0.8756510416666666 0.00732421875 0.011067708333333334
0 0.43505859375 0.8352864583333334 0.01220703125 0.016927083333333332
0 0.43212890625 0.857421875 0.00732421875 0.01171875
0 0.4140625 0.7994791666666666 0.00927734375 0.011067708333333334
0 0.439453125 0.7903645833333334 0.0126953125 0.014322916666666666
0 0.36865234375 0.7486979166666666 0.0068359375 0.0078125
0 0.384765625 0.78125 0.009765625 0.013671875
0 0.427734375 0.73828125 0.009765625 0.011067708333333334
0 0.474609375 0.69140625 0.00927734375 0.01171875
0 0.48779296875 0.681640625 0.0087890625 0.012369791666666666
0 0.431640625 0.646484375 0.009765625 0.009765625
0 0.48388671875 0.6334635416666666 0.00732421875 0.01171875
0 0.48095703125 0.802734375 0.01123046875 0.013020833333333334
0 0.474609375 0.7760416666666666 0.00927734375 0.011067708333333334
0 0.38427734375 0.6979166666666666 0.01123046875 0.013020833333333334
0 0.349609375 0.6354166666666666 0.02001953125 0.022135416666666668
0 0.4697265625 0.591796875 0.0078125 0.0078125
0 0.3818359375 0.5520833333333334 0.01708984375 0.020833333333333332
0 0.39111328125 0.5266927083333334 0.01953125 0.020833333333333332
0 0.416015625 0.4811197916666667 0.015625 0.01953125
0 0.42333984375 0.4576822916666667 0.02001953125 0.020182291666666668
0 0.44580078125 0.4453125 0.0205078125 0.022135416666666668
0 0.41015625 0.421875 0.0205078125 0.022135416666666668
0 0.40576171875 0.3450520833333333 0.01806640625 0.024739583333333332
0 0.408203125 0.3046875 0.01904296875 0.024739583333333332
0 0.42333984375 0.333984375 0.01708984375 0.024739583333333332
0 0.34228515625 0.22395833333333334 0.0185546875 0.022135416666666668
0 0.35205078125 0.16927083333333334 0.01611328125 0.020182291666666668
0 0.3330078125 0.12239583333333333 0.01025390625 0.015625
0 0.4921875 0.24479166666666666 0.0126953125 0.014322916666666666
0 0.48193359375 0.263671875 0.01123046875 0.012369791666666666
0 0.5283203125 0.4166666666666667 0.009765625 0.012369791666666666
0 0.50537109375 0.4654947916666667 0.0146484375 0.014973958333333334
0 0.505859375 0.4375 0.009765625 0.011067708333333334
0 0.52587890625 0.4830729166666667 0.00927734375 0.011067708333333334
0 0.55615234375 0.5201822916666666 0.01123046875 0.013671875
0 0.55419921875 0.6321614583333334 0.00927734375 0.014322916666666666
0 0.5625 0.6263020833333334 0.00732421875 0.010416666666666666
0 0.52978515625 0.603515625 0.01123046875 0.013020833333333334
0 0.51806640625 0.6380208333333334 0.01220703125 0.012369791666666666
0 0.46337890625 0.603515625 0.009765625 0.011067708333333334
0 0.52392578125 0.685546875 0.009765625 0.011067708333333334
0 0.54736328125 0.67578125 0.0107421875 0.011067708333333334
0 0.55419921875 0.6979166666666666 0.00732421875 0.009765625
0 0.4765625 0.86328125 0.013671875 0.014973958333333334
0 0.458984375 0.8873697916666666 0.00634765625 0.008463541666666666
0 0.5439453125 0.8873697916666666 0.00732421875 0.013020833333333334
0 0.52490234375 0.9283854166666666 0.00927734375 0.01171875
0 0.55126953125 0.92578125 0.01318359375 0.012369791666666666
0 0.57421875 0.9329427083333334 0.01123046875 0.014973958333333334
0 0.580078125 0.8919270833333334 0.01318359375 0.016927083333333332
0 0.5576171875 0.9114583333333334 0.0087890625 0.010416666666666666
0 0.59716796875 0.8391927083333334 0.0078125 0.009765625
0 0.57666015625 0.8522135416666666 0.00732421875 0.011067708333333334
0 0.60302734375 0.9544270833333334 0.01318359375 0.017578125
0 0.60693359375 0.9010416666666666 0.009765625 0.013671875
0 0.658203125 0.912109375 0.009765625 0.012369791666666666
0 0.6513671875 0.9407552083333334 0.0185546875 0.026041666666666668
0 0.673828125 0.943359375 0.0107421875 0.013020833333333334
0 0.5361328125 0.802734375 0.009765625 0.013671875
0 0.65478515625 0.767578125 0.01220703125 0.014973958333333334
0 0.65869140625 0.7421875 0.01123046875 0.012369791666666666
0 0.64306640625 0.7571614583333334 0.0107421875 0.013671875
0 0.58251953125 0.7154947916666666 0.009765625 0.011067708333333334
0 0.6181640625 0.7376302083333334 0.009765625 0.013671875
0 0.58154296875 0.7421875 0.0107421875 0.013671875
0 0.58984375 0.6627604166666666 0.01416015625 0.014322916666666666
0 0.60302734375 0.4127604166666667 0.009765625 0.01171875
0 0.67138671875 0.4108072916666667 0.01318359375 0.014322916666666666
0 0.56787109375 0.10481770833333333 0.00927734375 0.014322916666666666
0 0.58642578125 0.10611979166666667 0.01025390625 0.012369791666666666
0 0.76220703125 0.10611979166666667 0.015625 0.022135416666666668
0 0.74072265625 0.107421875 0.0107421875 0.014973958333333334
0 0.7431640625 0.126953125 0.0166015625 0.018880208333333332
0 0.7568359375 0.142578125 0.0087890625 0.009765625
0 0.7255859375 0.15625 0.01123046875 0.011067708333333334
0 0.7451171875 0.21744791666666666 0.01025390625 0.014973958333333334
0 0.72900390625 0.23958333333333334 0.0107421875 0.015625
0 0.71826171875 0.2506510416666667 0.00830078125 0.013671875
0 0.71484375 0.2265625 0.013671875 0.017578125
0 0.7138671875 0.33203125 0.0087890625 0.013671875
0 0.705078125 0.3255208333333333 0.01025390625 0.013020833333333334
0 0.7490234375 0.3984375 0.01220703125 0.014322916666666666
0 0.7001953125 0.599609375 0.0078125 0.010416666666666666
0 0.7197265625 0.6796875 0.0107421875 0.013671875
0 0.6982421875 0.7721354166666666 0.0107421875 0.012369791666666666
0 0.7578125 0.7825520833333334 0.00634765625 0.010416666666666666
0 0.75 0.7819010416666666 0.0087890625 0.013671875
0 0.7978515625 0.703125 0.00830078125 0.010416666666666666
0 0.78564453125 0.7766927083333334 0.0078125 0.012369791666666666
0 0.783203125 0.8046875 0.013671875 0.016276041666666668
0 0.771484375 0.796875 0.00927734375 0.013020833333333334
0 0.798828125 0.7845052083333334 0.0078125 0.013671875
0 0.8154296875 0.7903645833333334 0.013671875 0.020182291666666668
0 0.77978515625 0.75 0.01025390625 0.014973958333333334
0 0.77978515625 0.7623697916666666 0.0078125 0.011067708333333334
0 0.80615234375 0.7356770833333334 0.00732421875 0.009765625
0 0.75341796875 0.8346354166666666 0.01123046875 0.012369791666666666
0 0.7353515625 0.818359375 0.0107421875 0.013020833333333334
0 0.72119140625 0.8515625 0.0078125 0.013671875
0 0.71337890625 0.8509114583333334 0.00732421875 0.01171875
0 0.6953125 0.837890625 0.009765625 0.013671875
0 0.75927734375 0.8880208333333334 0.01123046875 0.015625
0 0.73388671875 0.8782552083333334 0.0087890625 0.010416666666666666
0 0.6943359375 0.8873697916666666 0.0087890625 0.010416666666666666
0 0.72119140625 0.9108072916666666 0.01025390625 0.012369791666666666
0 0.7841796875 0.9153645833333334 0.01123046875 0.011067708333333334
0 0.76220703125 0.931640625 0.01220703125 0.014322916666666666
0 0.75 0.9453125 0.0107421875 0.013020833333333334
0 0.7822265625 0.939453125 0.0087890625 0.010416666666666666
0 0.72119140625 0.9420572916666666 0.0078125 0.009765625
0 0.73779296875 0.9459635416666666 0.01318359375 0.016276041666666668
0 0.71240234375 0.9466145833333334 0.009765625 0.012369791666666666
0 0.69970703125 0.904296875 0.015625 0.016927083333333332
0 0.7158203125 0.8971354166666666 0.0078125 0.009765625
0 0.80029296875 0.9186197916666666 0.00732421875 0.0078125
0 0.79638671875 0.927734375 0.00830078125 0.012369791666666666
0 0.81884765625 0.9153645833333334 0.0078125 0.01171875
0 0.81591796875 0.89453125 0.01220703125 0.014322916666666666
0 0.8251953125 0.9270833333333334 0.01025390625 0.013020833333333334
0 0.8515625 0.9095052083333334 0.0205078125 0.025390625
0 0.849609375 0.8997395833333334 0.00732421875 0.010416666666666666
0 0.85302734375 0.9153645833333334 0.00537109375 0.008463541666666666
0 0.87060546875 0.9069010416666666 0.0078125 0.012369791666666666
0 0.876953125 0.8802083333333334 0.00830078125 0.012369791666666666
0 0.87939453125 0.8600260416666666 0.01220703125 0.016276041666666668
0 0.8671875 0.853515625 0.01123046875 0.016276041666666668
0 0.8447265625 0.8365885416666666 0.01513671875 0.016276041666666668
0 0.86767578125 0.8001302083333334 0.0087890625 0.012369791666666666
0 0.845703125 0.794921875 0.01953125 0.014973958333333334
0 0.8544921875 0.7779947916666666 0.0087890625 0.012369791666666666
0 0.88916015625 0.8020833333333334 0.01220703125 0.016927083333333332
0 0.880859375 0.83203125 0.01708984375 0.022135416666666668
0 0.88525390625 0.849609375 0.01123046875 0.016276041666666668
0 0.869140625 0.7200520833333334 0.013671875 0.018880208333333332
0 0.900390625 0.6263020833333334 0.0087890625 0.011067708333333334
0 0.87841796875 0.5807291666666666 0.0078125 0.011067708333333334
0 0.89501953125 0.5846354166666666 0.01318359375 0.020182291666666668
0 0.9033203125 0.599609375 0.0107421875 0.011067708333333334
0 0.93017578125 0.134765625 0.0341796875 0.044921875
0 0.8740234375 0.134765625 0.01025390625 0.011067708333333334
0 0.931640625 0.123046875 0.00634765625 0.0078125
0 0.912109375 0.11067708333333333 0.01025390625 0.014322916666666666
0 0.91796875 0.09505208333333333 0.013671875 0.014973958333333334
0 0.89306640625 0.11588541666666667 0.01318359375 0.018229166666666668
0 0.9287109375 0.17578125 0.01513671875 0.022135416666666668
0 0.92041015625 0.13802083333333334 0.013671875 0.018229166666666668
0 0.92431640625 0.15299479166666666 0.0078125 0.010416666666666666
0 0.880859375 0.14778645833333334 0.0166015625 0.016927083333333332
0 0.8876953125 0.158203125 0.0078125 0.010416666666666666
0 0.87841796875 0.16666666666666666 0.0126953125 0.016276041666666668
0 0.9375 0.19140625 0.00732421875 0.009765625
0 0.92724609375 0.20182291666666666 0.0146484375 0.01953125
0 0.912109375 0.18294270833333334 0.01123046875 0.014322916666666666
0 0.9130859375 0.20377604166666666 0.0126953125 0.014973958333333334
0 0.9228515625 0.22200520833333334 0.0224609375 0.01953125
0 0.9130859375 0.21744791666666666 0.0087890625 0.011067708333333334
0 0.890625 0.20963541666666666 0.01513671875 0.014322916666666666
0 0.92431640625 0.25390625 0.01123046875 0.016927083333333332
0 0.85107421875 0.3170572916666667 0.0078125 0.012369791666666666
0 0.8662109375 0.3138020833333333 0.01123046875 0.013020833333333334
0 0.85400390625 0.2786458333333333 0.00830078125 0.009114583333333334
0 0.876953125 0.2506510416666667 0.01318359375 0.012369791666666666
0 0.8974609375 0.236328125 0.0078125 0.010416666666666666
0 0.880859375 0.3118489583333333 0.01513671875 0.01953125
0 0.9267578125 0.345703125 0.009765625 0.009765625
0 0.87158203125 0.3763020833333333 0.0087890625 0.011067708333333334
0 0.8642578125 0.3880208333333333 0.009765625 0.013020833333333334
0 0.912109375 0.3541666666666667 0.013671875 0.014973958333333334
0 0.9033203125 0.3040364583333333 0.0263671875 0.024739583333333332
0 0.88671875 0.330078125 0.01025390625 0.012369791666666666
0 0.88037109375 0.3470052083333333 0.00830078125 0.013020833333333334
0 0.88330078125 0.4264322916666667 0.0078125 0.010416666666666666
0 0.875 0.4934895833333333 0.00732421875 0.009765625
0 0.408203125 0.68359375 0.0087890625 0.009765625
0 0.49853515625 0.7747395833333334 0.009765625 0.013671875