0 0.27061170212765956 0.9370567375886525 0.015957446808510637 0.016843971631205674
0 0.45246010638297873 0.9250886524822695 0.025930851063829786 0.03280141843971631
0 0.12367021276595745 0.7832446808510638 0.017287234042553192 0.024822695035460994
0 0.26263297872340424 0.7779255319148937 0.02726063829787234 0.03546099290780142
0 0.13065159574468085 0.8927304964539007 0.014627659574468085 0.01950354609929078
0 0.14893617021276595 0.9042553191489362 0.015957446808510637 0.01773049645390071
0 0.02526595744680851 0.8603723404255319 0.017287234042553192 0.016843971631205674
0 0.05352393617021277 0.8413120567375887 0.020611702127659573 0.02304964539007092
0 0.07081117021276596 0.8045212765957447 0.015957446808510637 0.01950354609929078
0 0.08178191489361702 0.8076241134751773 0.02526595744680851 0.026595744680851064
0 0.6848404255319149 0.3519503546099291 0.023936170212765957 0.02925531914893617
0 0.664561170212766 0.41888297872340424 0.023936170212765957 0.025709219858156027
0 0.6914893617021277 0.438386524822695 0.017287234042553192 0.02127659574468085
0 0.6592420212765957 0.44725177304964536 0.01928191489361702 0.022163120567375887
0 0.5987367021276596 0.8306737588652482 0.015957446808510637 0.01773049645390071
0 0.5206117021276596 0.7624113475177305 0.013962765957446808 0.016843971631205674
0 0.5249335106382979 0.9609929078014184 0.024601063829787235 0.023936170212765957
0 0.5019946808510638 0.9924645390070922 0.02526595744680851 0.015070921985815602
0 0.5026595744680851 0.9521276595744681 0.014627659574468085 0.02127659574468085
0 0.5003324468085106 0.8816489361702128 0.013962765957446808 0.01773049645390071
0 0.4611037234042553 0.875886524822695 0.022606382978723406 0.025709219858156027
0 0.4910239361702128 0.6405141843971631 0.012632978723404254 0.016843971631205674
0 0.48038563829787234 0.6476063829787234 0.013297872340425532 0.016843971631205674
0 0.48470744680851063 0.6431737588652482 0.028590425531914893 0.03634751773049645
0 0.5435505319148937 0.3807624113475177 0.014627659574468085 0.018617021276595744
0 0.633311170212766 0.39184397163120566 0.017287234042553192 0.020390070921985817
0 0.4664228723404255 0.3054078014184397 0.01795212765957447 0.02304964539007092
0 0.386968085106383 0.34397163120567376 0.01928191489361702 0.023936170212765957
0 0.3976063829787234 0.5070921985815603 0.015957446808510637 0.01950354609929078
0 0.3248005319148936 0.45656028368794327 0.015957446808510637 0.01773049645390071
0 0.33876329787234044 0.5939716312056738 0.015292553191489361 0.020390070921985817
0 0.3523936170212766 0.5775709219858156 0.015292553191489361 0.020390070921985817
0 0.3670212765957447 0.7278368794326241 0.024601063829787235 0.028368794326241134
0 0.3271276595744681 0.7220744680851063 0.015957446808510637 0.018617021276595744
0 0.3882978723404255 0.749113475177305 0.022606382978723406 0.025709219858156027
0 0.296875 0.785904255319149 0.022606382978723406 0.034574468085106384
0 0.24368351063829788 0.9339539007092199 0.013962765957446808 0.012411347517730497
0 0.35006648936170215 0.899822695035461 0.013962765957446808 0.015070921985815602
0 0.20711436170212766 0.7850177304964538 0.0339095744680851 0.03634751773049645
0 0.24900265957446807 0.6710992907801419 0.02726063829787234 0.03280141843971631
0 0.16954787234042554 0.6702127659574468 0.014627659574468085 0.016843971631205674
0 0.1595744680851064 0.6790780141843972 0.010638297872340425 0.012411347517730497
0 0.24002659574468085 0.5531914893617021 0.015292553191489361 0.016843971631205674
0 0.25930851063829785 0.5722517730496454 0.015292553191489361 0.018617021276595744
0 0.27293882978723405 0.4148936170212766 0.013297872340425532 0.013297872340425532
0 0.1934840425531915 0.40115248226950356 0.015957446808510637 0.01773049645390071
0 0.3390957446808511 0.24778368794326242 0.017287234042553192 0.018617021276595744
0 0.12865691489361702 0.018617021276595744 0.012632978723404254 0.015957446808510637
0 0.11702127659574468 0.020833333333333332 0.013962765957446808 0.01773049645390071
0 0.1815159574468085 0.13076241134751773 0.016622340425531915 0.020390070921985817
0 0.14095744680851063 0.1427304964539007 0.013962765957446808 0.01773049645390071
0 0.14261968085106383 0.41843971631205673 0.016622340425531915 0.01950354609929078
0 0.11535904255319149 0.41888297872340424 0.012632978723404254 0.015070921985815602
0 0.07513297872340426 0.45390070921985815 0.014627659574468085 0.016843971631205674
0 0.11170212765957446 0.37632978723404253 0.0199468085106383 0.02304964539007092
0 0.059175531914893616 0.5110815602836879 0.015957446808510637 0.02127659574468085
0 0.09441489361702128 0.5917553191489362 0.013962765957446808 0.016843971631205674
0 0.1363031914893617 0.5718085106382979 0.013297872340425532 0.020390070921985817
0 0.020611702127659573 0.74822695035461 0.018617021276595744 0.023936170212765957
0 0.023936170212765957 0.774822695035461 0.013297872340425532 0.015957446808510637
0 0.013297872340425532 0.8071808510638298 0.00997340425531915 0.012411347517730497
0 0.03158244680851064 0.8076241134751773 0.012632978723404254 0.014184397163120567
0 0.02360372340425532 0.81072695035461 0.011968085106382979 0.016843971631205674
0 0.05186170212765957 0.8798758865248227 0.013297872340425532 0.012411347517730497
0 0.8271276595744681 0.5075354609929078 0.018617021276595744 0.028368794326241134
0 0.8267952127659575 0.4791666666666667 0.01795212765957447 0.023936170212765957
0 0.4574468085106383 0.949468085106383 0.028590425531914893 0.03546099290780142
0 0.4584441489361702 0.9747340425531915 0.02925531914893617 0.03634751773049645
0 0.4451462765957447 0.7881205673758865 0.028590425531914893 0.038120567375886524
0 0.21243351063829788 0.7039007092198581 0.027925531914893616 0.03368794326241135
0 0.2057845744680851 0.6702127659574468 0.02992021276595745 0.0398936170212766