0 0.32568359375 0.4876302083333333 0.01025390625 0.012369791666666666
0 0.24951171875 0.5006510416666666 0.0087890625 0.008463541666666666
0 0.79833984375 0.171875 0.02197265625 0.0234375
0 0.8505859375 0.16015625 0.01904296875 0.024739583333333332
0 0.83740234375 0.14583333333333334 0.01611328125 0.020182291666666668
0 0.82421875 0.8515625 0.01123046875 0.014973958333333334
0 0.79296875 0.8131510416666666 0.01123046875 0.011067708333333334
0 0.86767578125 0.869140625 0.01416015625 0.020182291666666668
0 0.86669921875 0.8313802083333334 0.01708984375 0.020833333333333332
0 0.8525390625 0.904296875 0.0166015625 0.020182291666666668
0 0.86474609375 0.9192708333333334 0.01513671875 0.016927083333333332
0 0.81298828125 0.9095052083333334 0.01513671875 0.020182291666666668
0 0.833984375 0.8658854166666666 0.00927734375 0.012369791666666666
0 0.83154296875 0.8430989583333334 0.01123046875 0.011067708333333334
0 0.89697265625 0.8365885416666666 0.0146484375 0.020833333333333332
0 0.8759765625 0.853515625 0.0146484375 0.020182291666666668
0 0.88427734375 0.7955729166666666 0.01513671875 0.020182291666666668
0 0.86865234375 0.810546875 0.0166015625 0.018229166666666668
0 0.8994140625 0.755859375 0.025390625 0.027994791666666668
0 0.1416015625 0.884765625 0.01025390625 0.014973958333333334
0 0.1474609375 0.9036458333333334 0.00927734375 0.012369791666666666
0 0.11767578125 0.9036458333333334 0.00927734375 0.012369791666666666
0 0.16357421875 0.8587239583333334 0.009765625 0.01171875
0 0.11181640625 0.8424479166666666 0.00732421875 0.014322916666666666
0 0.23486328125 0.7923177083333334 0.015625 0.017578125
0 0.1279296875 0.8977864583333334 0.0126953125 0.016927083333333332
0 0.484375 0.8522135416666666 0.01318359375 0.017578125
0 0.5 0.8951822916666666 0.0087890625 0.014322916666666666
0 0.48388671875 0.9055989583333334 0.009765625 0.013671875
0 0.54638671875 0.8391927083333334 0.0087890625 0.009765625
0 0.54638671875 0.8893229166666666 0.01025390625 0.013671875
0 0.55126953125 0.82421875 0.01220703125 0.014322916666666666
0 0.55859375 0.8111979166666666 0.0087890625 0.011067708333333334
0 0.546875 0.8125 0.00732421875 0.012369791666666666
0 0.6005859375 0.87890625 0.01318359375 0.014322916666666666
0 0.57470703125 0.876953125 0.0107421875 0.013020833333333334
0 0.53955078125 0.8671875 0.0087890625 0.013020833333333334
0 0.65380859375 0.8430989583333334 0.0087890625 0.011067708333333334
0 0.66064453125 0.8138020833333334 0.0107421875 0.013020833333333334
0 0.6611328125 0.8268229166666666 0.0107421875 0.014973958333333334
0 0.6728515625 0.837890625 0.0107421875 0.011067708333333334
0 0.6640625 0.8470052083333334 0.01123046875 0.014973958333333334
0 0.66357421875 0.8307291666666666 0.0390625 0.054036458333333336
0 0.71875 0.8287760416666666 0.009765625 0.012369791666666666
0 0.701171875 0.8502604166666666 0.0068359375 0.011067708333333334
0 0.71484375 0.8600260416666666 0.0078125 0.009765625
0 0.72900390625 0.86328125 0.01220703125 0.013671875
0 0.6943359375 0.84375 0.0087890625 0.012369791666666666
0 0.724609375 0.7578125 0.00927734375 0.01171875
0 0.73291015625 0.748046875 0.0078125 0.011067708333333334
0 0.7392578125 0.8118489583333334 0.0087890625 0.013020833333333334
0 0.755859375 0.8079427083333334 0.01123046875 0.013671875
0 0.755859375 0.7415364583333334 0.009765625 0.013671875
0 0.70556640625 0.7962239583333334 0.00634765625 0.012369791666666666
0 0.7138671875 0.66796875 0.01123046875 0.012369791666666666
0 0.798828125 0.7688802083333334 0.0087890625 0.012369791666666666
0 0.8193359375 0.7669270833333334 0.013671875 0.012369791666666666
0 0.818359375 0.8802083333333334 0.0078125 0.010416666666666666
0 0.83544921875 0.8860677083333334 0.01611328125 0.017578125
0 0.83642578125 0.9088541666666666 0.01513671875 0.016927083333333332
0 0.85205078125 0.8763020833333334 0.0078125 0.012369791666666666
0 0.8447265625 0.8665364583333334 0.009765625 0.014322916666666666
0 0.9091796875 0.8248697916666666 0.01806640625 0.025390625
0 0.92236328125 0.865234375 0.0185546875 0.021484375
0 0.814453125 0.8626302083333334 0.01513671875 0.01953125
0 0.90283203125 0.9309895833333334 0.00927734375 0.013671875
0 0.91455078125 0.91796875 0.01513671875 0.01953125
0 0.86572265625 0.7916666666666666 0.01416015625 0.020182291666666668
0 0.8994140625 0.7786458333333334 0.0185546875 0.020182291666666668
0 0.86279296875 0.7141927083333334 0.01904296875 0.024739583333333332
0 0.87548828125 0.7259114583333334 0.01171875 0.015625
0 0.81640625 0.7057291666666666 0.00927734375 0.012369791666666666
0 0.921875 0.6171875 0.02294921875 0.024088541666666668
0 0.92236328125 0.5846354166666666 0.017578125 0.022786458333333332
0 0.82568359375 0.5729166666666666 0.0205078125 0.025390625
0 0.8388671875 0.4772135416666667 0.01904296875 0.024088541666666668
0 0.8115234375 0.4967447916666667 0.02099609375 0.024739583333333332
0 0.9150390625 0.44140625 0.02197265625 0.024739583333333332
0 0.93310546875 0.4186197916666667 0.0185546875 0.022135416666666668
0 0.865234375 0.318359375 0.0166015625 0.020182291666666668
0 0.931640625 0.3502604166666667 0.0166015625 0.021484375
0 0.89599609375 0.259765625 0.01611328125 0.0234375
0 0.92822265625 0.24544270833333334 0.015625 0.020833333333333332
0 0.91015625 0.24283854166666666 0.013671875 0.01953125
0 0.73876953125 0.09309895833333333 0.0166015625 0.022786458333333332
0 0.7265625 0.2701822916666667 0.00927734375 0.013020833333333334
0 0.76025390625 0.2903645833333333 0.01123046875 0.016927083333333332
0 0.69189453125 0.498046875 0.00927734375 0.013020833333333334
0 0.7197265625 0.53515625 0.0087890625 0.01171875
0 0.720703125 0.5983072916666666 0.01025390625 0.013020833333333334
0 0.76025390625 0.6399739583333334 0.0078125 0.010416666666666666
0 0.7880859375 0.6666666666666666 0.0078125 0.010416666666666666
0 0.7734375 0.71875 0.01025390625 0.012369791666666666
0 0.78564453125 0.8815104166666666 0.00732421875 0.009765625
0 0.70166015625 0.9166666666666666 0.00732421875 0.009765625
0 0.65234375 0.8020833333333334 0.009765625 0.013020833333333334
0 0.5908203125 0.677734375 0.013671875 0.016276041666666668
0 0.57666015625 0.6627604166666666 0.01123046875 0.013671875
0 0.61669921875 0.6595052083333334 0.01123046875 0.011067708333333334
0 0.6376953125 0.6770833333333334 0.00927734375 0.010416666666666666
0 0.6142578125 0.5690104166666666 0.0078125 0.01171875
0 0.59375 0.5833333333333334 0.009765625 0.010416666666666666
0 0.578125 0.47265625 0.01025390625 0.013671875
0 0.64892578125 0.5013020833333334 0.01025390625 0.013671875
0 0.646484375 0.3196614583333333 0.0146484375 0.01953125
0 0.6728515625 0.07942708333333333 0.0244140625 0.022786458333333332
0 0.59765625 0.07747395833333333 0.02001953125 0.0234375
0 0.4912109375 0.5227864583333334 0.00927734375 0.013020833333333334
0 0.4658203125 0.5364583333333334 0.0146484375 0.016276041666666668
0 0.51171875 0.576171875 0.0087890625 0.012369791666666666
0 0.4482421875 0.716796875 0.01123046875 0.012369791666666666
0 0.41552734375 0.7734375 0.0078125 0.013020833333333334
0 0.40576171875 0.7623697916666666 0.01220703125 0.014973958333333334
0 0.4287109375 0.7858072916666666 0.01513671875 0.016276041666666668
0 0.40234375 0.83984375 0.009765625 0.014322916666666666
0 0.4609375 0.9010416666666666 0.017578125 0.024739583333333332
0 0.4296875 0.9055989583333334 0.0185546875 0.0234375
0 0.52001953125 0.888671875 0.01025390625 0.012369791666666666
0 0.4580078125 0.900390625 0.0087890625 0.011067708333333334
0 0.43115234375 0.900390625 0.00732421875 0.010416666666666666
0 0.302734375 0.7109375 0.01123046875 0.014322916666666666
0 0.3544921875 0.6673177083333334 0.01123046875 0.012369791666666666
0 0.3935546875 0.6881510416666666 0.00927734375 0.011067708333333334
0 0.3193359375 0.541015625 0.0087890625 0.011067708333333334
0 0.32861328125 0.5670572916666666 0.0087890625 0.011067708333333334
0 0.3466796875 0.37109375 0.01123046875 0.014973958333333334
0 0.318359375 0.11002604166666667 0.0166015625 0.024739583333333332
0 0.3427734375 0.111328125 0.02001953125 0.0234375
0 0.27392578125 0.09895833333333333 0.01953125 0.0234375
0 0.23046875 0.2682291666666667 0.01171875 0.016927083333333332
0 0.22998046875 0.2858072916666667 0.01953125 0.027994791666666668
0 0.22412109375 0.6595052083333334 0.0126953125 0.016276041666666668
0 0.25048828125 0.9088541666666666 0.013671875 0.018880208333333332
0 0.2158203125 0.904296875 0.009765625 0.014322916666666666
0 0.20263671875 0.9075520833333334 0.01318359375 0.01953125
0 0.1005859375 0.8268229166666666 0.00927734375 0.010416666666666666
0 0.1328125 0.8079427083333334 0.0087890625 0.013020833333333334
0 0.10546875 0.7083333333333334 0.00927734375 0.013020833333333334
0 0.10693359375 0.72265625 0.0107421875 0.013671875
0 0.115234375 0.6803385416666666 0.0078125 0.010416666666666666
0 0.09716796875 0.609375 0.0205078125 0.02734375
0 0.1025390625 0.544921875 0.01806640625 0.026041666666666668
0 0.076171875 0.580078125 0.01904296875 0.025390625
0 0.13330078125 0.5716145833333334 0.0205078125 0.022135416666666668
0 0.11767578125 0.5696614583333334 0.01904296875 0.024739583333333332
0 0.1044921875 0.4993489583333333 0.013671875 0.020182291666666668
0 0.09228515625 0.482421875 0.0234375 0.027994791666666668
0 0.095703125 0.4388020833333333 0.01416015625 0.016927083333333332
0 0.0966796875 0.451171875 0.013671875 0.014973958333333334
0 0.1259765625 0.4609375 0.02099609375 0.026041666666666668
0 0.10205078125 0.4453125 0.025390625 0.031901041666666664
0 0.17041015625 0.3046875 0.0185546875 0.022786458333333332
0 0.15625 0.2766927083333333 0.01806640625 0.022135416666666668
0 0.69921875 0.3782552083333333 0.01123046875 0.014973958333333334
0 0.69189453125 0.3424479166666667 0.01123046875 0.012369791666666666
0 0.64501953125 0.24609375 0.01123046875 0.014322916666666666
0 0.6513671875 0.4635416666666667 0.01416015625 0.016276041666666668
0 0.64990234375 0.6178385416666666 0.013671875 0.013671875
0 0.6826171875 0.6315104166666666 0.01123046875 0.013671875
0 0.71240234375 0.08203125 0.0205078125 0.022786458333333332
0 0.779296875 0.16666666666666666 0.0205078125 0.027994791666666668
0 0.91357421875 0.322265625 0.02392578125 0.029947916666666668
0 0.8818359375 0.3001302083333333 0.0224609375 0.02734375
0 0.8408203125 0.3834635416666667 0.0244140625 0.03125
0 0.91796875 0.5533854166666666 0.02099609375 0.024088541666666668
0 0.892578125 0.7578125 0.01513671875 0.0234375