0 0.7655131264916468 0.6954617834394905 0.032219570405727926 0.03662420382165605
0 0.7446300715990454 0.6962579617834395 0.0256563245823389 0.028662420382165606
0 0.7488066825775657 0.7710987261146497 0.03162291169451074 0.03503184713375796
0 0.7622315035799523 0.7647292993630573 0.02684964200477327 0.030254777070063694
0 0.14200477326968974 0.5123407643312102 0.02028639618138425 0.02308917197452229
0 0.18556085918854415 0.5509554140127388 0.017899761336515514 0.019904458598726114
0 0.1873508353221957 0.508359872611465 0.014916467780429593 0.016719745222929936
0 0.15721957040572793 0.5601114649681529 0.015513126491646777 0.018312101910828025
0 0.23359188544152745 0.5027866242038217 0.016109785202863963 0.018312101910828025
0 0.309964200477327 0.8614649681528662 0.014916467780429593 0.01751592356687898
0 0.31593078758949883 0.8451433121019108 0.013126491646778043 0.015127388535031847
0 0.3013126491646778 0.8383757961783439 0.014916467780429593 0.016719745222929936
0 0.31354415274463004 0.8339968152866242 0.014916467780429593 0.016719745222929936
0 0.3827565632458234 0.8089171974522293 0.017899761336515514 0.01910828025477707
0 0.4194510739856802 0.8738057324840764 0.014319809069212411 0.01592356687898089
0 0.3278639618138425 0.9068471337579618 0.018496420047732696 0.021496815286624203
0 0.35113365155131265 0.9574044585987261 0.023269689737470168 0.024681528662420384
0 0.39618138424821003 0.9613853503184714 0.016109785202863963 0.018312101910828025
0 0.45077565632458233 0.9406847133757962 0.018496420047732696 0.020700636942675158
0 0.48299522673031026 0.98328025477707 0.023269689737470168 0.026273885350318472
0 0.4170644391408115 0.9792993630573248 0.01909307875894988 0.020700636942675158
0 0.660799522673031 0.830015923566879 0.014319809069212411 0.01592356687898089
0 0.6437947494033412 0.8678343949044586 0.018496420047732696 0.020700636942675158
0 0.6619928400954654 0.8757961783439491 0.015513126491646777 0.01751592356687898
0 0.6593078758949881 0.8638535031847133 0.015513126491646777 0.018312101910828025
0 0.6345465393794749 0.830812101910828 0.017899761336515514 0.019904458598726114
0 0.5665274463007159 0.8415605095541401 0.018496420047732696 0.020700636942675158
0 0.7326968973747017 0.8471337579617835 0.015513126491646777 0.01751592356687898
0 0.7395584725536993 0.8499203821656051 0.031026252983293555 0.03423566878980892
0 0.7559665871121718 0.8511146496815286 0.014916467780429593 0.01751592356687898
0 0.7520883054892601 0.8367834394904459 0.017899761336515514 0.019904458598726114
0 0.7756563245823389 0.839171974522293 0.0405727923627685 0.04538216560509554
0 0.831145584725537 0.8152866242038217 0.0220763723150358 0.025477707006369428
0 0.8028042959427207 0.8304140127388535 0.03341288782816229 0.03662420382165605
0 0.8096658711217184 0.8272292993630573 0.011336515513126491 0.012738853503184714
0 0.7863961813842482 0.8160828025477707 0.035202863961813845 0.03980891719745223
0 0.9815035799522673 0.6644108280254777 0.010739856801909307 0.02786624203821656
0 0.969272076372315 0.7277070063694268 0.011933174224343675 0.021496815286624203
0 0.9161694510739857 0.6389331210191083 0.015513126491646777 0.018312101910828025
0 0.920346062052506 0.607484076433121 0.014319809069212411 0.01592356687898089
0 0.9770286396181385 0.5414012738853503 0.013723150357995227 0.015127388535031847
0 0.9251193317422435 0.43988853503184716 0.02386634844868735 0.027070063694267517
0 0.8562052505966588 0.46496815286624205 0.013723150357995227 0.015127388535031847
0 0.8636634844868735 0.5254777070063694 0.01909307875894988 0.021496815286624203
0 0.7965393794749404 0.5406050955414012 0.031026252983293555 0.03423566878980892
0 0.9301909307875895 0.46576433121019106 0.01909307875894988 0.021496815286624203
0 0.9543556085918854 0.49601910828025475 0.01909307875894988 0.021496815286624203
0 0.9149761336515513 0.508359872611465 0.01909307875894988 0.021496815286624203
0 0.9433174224343676 0.48606687898089174 0.015513126491646777 0.018312101910828025
0 0.7031622911694511 0.27428343949044587 0.02028639618138425 0.02308917197452229
0 0.7315035799522673 0.26313694267515925 0.017303102625298328 0.01910828025477707
0 0.7237470167064439 0.2862261146496815 0.015513126491646777 0.018312101910828025
0 0.711217183770883 0.2914012738853503 0.018496420047732696 0.021496815286624203
0 0.7714797136038186 0.2289012738853503 0.015513126491646777 0.018312101910828025
0 0.7473150357995226 0.22412420382165604 0.017303102625298328 0.01910828025477707
0 0.72881861575179 0.22810509554140126 0.017303102625298328 0.01910828025477707
0 0.6482696897374701 0.21297770700636942 0.015513126491646777 0.018312101910828025
0 0.308472553699284 0.37977707006369427 0.017303102625298328 0.01910828025477707
0 0.2756563245823389 0.3630573248407643 0.018496420047732696 0.021496815286624203
0 0.2896778042959427 0.3853503184713376 0.019689737470167064 0.022292993630573247
0 0.8159307875894988 0.589171974522293 0.03281622911694511 0.03662420382165605
0 0.8114558472553699 0.5159235668789809 0.028639618138424822 0.03264331210191083
0 0.836217183770883 0.5218949044585988 0.028639618138424822 0.03264331210191083
0 0.627983293556086 0.6054936305732485 0.018496420047732696 0.021496815286624203
0 0.6324582338902148 0.38136942675159236 0.017303102625298328 0.01910828025477707
0 0.6351431980906921 0.3519108280254777 0.018496420047732696 0.021496815286624203
0 0.649164677804296 0.3359872611464968 0.022673031026252982 0.025477707006369428
0 0.6327565632458234 0.28821656050955413 0.01909307875894988 0.022292993630573247
0 0.5847255369928401 0.2484076433121019 0.017899761336515514 0.01910828025477707
0 0.5656324582338902 0.2448248407643312 0.0220763723150358 0.025477707006369428
0 0.6288782816229117 0.24721337579617833 0.018496420047732696 0.020700636942675158
0 0.6727326968973747 0.29179936305732485 0.019689737470167064 0.022292993630573247
0 0.6965990453460621 0.2910031847133758 0.022673031026252982 0.025477707006369428
0 0.7425417661097852 0.31170382165605093 0.018496420047732696 0.020700636942675158
0 0.7810262529832935 0.31687898089171973 0.017303102625298328 0.01910828025477707
0 0.7702863961813843 0.3105095541401274 0.021479713603818614 0.02388535031847134
0 0.7998210023866349 0.33081210191082805 0.019689737470167064 0.022292993630573247
0 0.7917661097852029 0.3929140127388535 0.02684964200477327 0.030254777070063694
0 0.7992243436754176 0.37738853503184716 0.02028639618138425 0.02308917197452229