0 0.8778176229508197 0.36168032786885246 0.01485655737704918 0.01912568306010929
0 0.9093237704918032 0.3968579234972678 0.0194672131147541 0.022540983606557378
0 0.9159836065573771 0.4224726775956284 0.017418032786885244 0.01980874316939891
0 0.9203381147540983 0.4412568306010929 0.02459016393442623 0.02459016393442623
0 0.8872950819672131 0.4375 0.025614754098360656 0.028688524590163935
0 0.8816598360655737 0.4060792349726776 0.021004098360655737 0.02459016393442623
0 0.9310963114754098 0.4733606557377049 0.0194672131147541 0.023224043715846996
0 0.8721823770491803 0.5351775956284153 0.014344262295081968 0.01707650273224044
0 0.8055840163934426 0.4733606557377049 0.016905737704918034 0.01980874316939891
0 0.7935450819672131 0.5088797814207651 0.0117827868852459 0.01639344262295082
0 0.8916495901639344 0.6031420765027322 0.018954918032786885 0.023224043715846996
0 0.8691086065573771 0.6417349726775956 0.021004098360655737 0.030054644808743168
0 0.8173668032786885 0.8125 0.018954918032786885 0.028005464480874317
0 0.8819159836065574 0.8237704918032787 0.013831967213114754 0.01912568306010929
0 0.8911372950819673 0.8309426229508197 0.0117827868852459 0.015710382513661202
0 0.8335040983606558 0.8548497267759563 0.02971311475409836 0.03483606557377049
0 0.8347848360655737 0.95525956284153 0.00819672131147541 0.009562841530054645
0 0.8888319672131147 0.8917349726775956 0.01485655737704918 0.02117486338797814
0 0.1293545081967213 0.6721311475409836 0.011270491803278689 0.014344262295081968
0 0.0706967213114754 0.6164617486338798 0.011270491803278689 0.017759562841530054
0 0.0630122950819672 0.6936475409836066 0.015368852459016393 0.020491803278688523
0 0.09221311475409837 0.8920765027322405 0.01485655737704918 0.017759562841530054
0 0.13345286885245902 0.8913934426229508 0.012295081967213115 0.01639344262295082
0 0.1175717213114754 0.8886612021857924 0.010245901639344262 0.01366120218579235
0 0.20568647540983606 0.6810109289617486 0.01485655737704918 0.01707650273224044
0 0.22822745901639344 0.6670081967213115 0.012807377049180328 0.01912568306010929
0 0.1173155737704918 0.3524590163934426 0.011270491803278689 0.014344262295081968
0 0.125 0.2182377049180328 0.010758196721311475 0.01639344262295082
0 0.13473360655737704 0.20560109289617487 0.011270491803278689 0.015027322404371584
0 0.13780737704918034 0.10177595628415301 0.01485655737704918 0.015027322404371584
0 0.11372950819672131 0.07718579234972678 0.020491803278688523 0.02663934426229508
0 0.4948770491803279 0.576844262295082 0.022540983606557378 0.023224043715846996
0 0.47207991803278687 0.6495901639344263 0.017930327868852458 0.02117486338797814
0 0.5163934426229508 0.5877732240437158 0.017418032786885244 0.02390710382513661
0 0.38729508196721313 0.6721311475409836 0.012807377049180328 0.01639344262295082
0 0.28739754098360654 0.6687158469945356 0.016905737704918034 0.025956284153005466
0 0.3086577868852459 0.8541666666666666 0.010758196721311475 0.01707650273224044
0 0.3204405737704918 0.9012978142076503 0.01485655737704918 0.018442622950819672
0 0.3401639344262295 0.8688524590163934 0.012295081967213115 0.01639344262295082
0 0.34605532786885246 0.8784153005464481 0.024077868852459015 0.03415300546448088
0 0.36116803278688525 0.8609972677595629 0.008709016393442622 0.011612021857923498
0 0.3614241803278688 0.8712431693989071 0.009221311475409836 0.012295081967213115
0 0.4264856557377049 0.8521174863387978 0.018442622950819672 0.02390710382513661
0 0.44287909836065575 0.8705601092896175 0.017930327868852458 0.023224043715846996
0 0.4608094262295082 0.9026639344262295 0.0194672131147541 0.02459016393442623
0 0.48719262295081966 0.8913934426229508 0.020491803278688523 0.025956284153005466
0 0.47950819672131145 0.9289617486338798 0.018442622950819672 0.023224043715846996
0 0.5271516393442623 0.8859289617486339 0.020491803278688523 0.030054644808743168
0 0.5151127049180327 0.9118852459016393 0.019979508196721313 0.03210382513661202
0 0.5197233606557377 0.9426229508196722 0.02151639344262295 0.023224043715846996
0 0.501280737704918 0.9436475409836066 0.01639344262295082 0.02185792349726776
0 0.4707991803278688 0.7974726775956285 0.014344262295081968 0.018442622950819672
0 0.5566086065573771 0.8671448087431693 0.022540983606557378 0.029371584699453553
0 0.5689036885245902 0.8995901639344263 0.019979508196721313 0.025273224043715847
0 0.6529200819672131 0.875 0.017930327868852458 0.025273224043715847
0 0.6365266393442623 0.8801229508196722 0.0235655737704918 0.03551912568306011
0 0.5640368852459017 0.942964480874317 0.02305327868852459 0.028688524590163935
0 0.7092725409836066 0.8282103825136612 0.0194672131147541 0.02390710382513661
0 0.6933913934426229 0.735655737704918 0.015368852459016393 0.017759562841530054
0 0.6495901639344263 0.6345628415300546 0.02459016393442623 0.028688524590163935
0 0.6977459016393442 0.6355874316939891 0.0235655737704918 0.03346994535519126
0 0.717469262295082 0.4713114754098361 0.015368852459016393 0.022540983606557378
0 0.7087602459016393 0.4600409836065574 0.01485655737704918 0.01366120218579235
0 0.8849897540983607 0.5119535519125683 0.013831967213114754 0.02117486338797814
0 0.8867827868852459 0.5314207650273224 0.017418032786885244 0.02185792349726776
0 0.8427254098360656 0.4733606557377049 0.022028688524590164 0.030737704918032786
0 0.7269467213114754 0.7254098360655737 0.013831967213114754 0.01912568306010929
0 0.7556352459016393 0.773224043715847 0.0117827868852459 0.01707650273224044
0 0.7861168032786885 0.8954918032786885 0.017930327868852458 0.0273224043715847
0 0.8662909836065574 0.9665300546448088 0.02920081967213115 0.03961748633879782
0 0.7453893442622951 0.9467213114754098 0.01639344262295082 0.020491803278688523
0 0.7369364754098361 0.9637978142076503 0.021004098360655737 0.028005464480874317
0 0.7858606557377049 0.9337431693989071 0.02612704918032787 0.03415300546448088
0 0.8962602459016393 0.8637295081967213 0.021004098360655737 0.036202185792349725
0 0.7646004098360656 0.8483606557377049 0.018954918032786885 0.029371584699453553
0 0.7151639344262295 0.9651639344262295 0.012807377049180328 0.018442622950819672
0 0.8224897540983607 0.9709699453551912 0.0117827868852459 0.01707650273224044
0 0.8747438524590164 0.7940573770491803 0.024077868852459015 0.030737704918032786
0 0.8644979508196722 0.6171448087431693 0.022540983606557378 0.030737704918032786
0 0.8419569672131147 0.64275956284153 0.021004098360655737 0.029371584699453553
0 0.6974897540983607 0.7752732240437158 0.022028688524590164 0.030054644808743168
0 0.701844262295082 0.7455601092896175 0.012807377049180328 0.015710382513661202
0 0.6183401639344263 0.7578551912568307 0.02305327868852459 0.028688524590163935
0 0.6119364754098361 0.8080601092896175 0.022540983606557378 0.025273224043715847
0 0.6052766393442623 0.6417349726775956 0.025614754098360656 0.030737704918032786
0 0.8516905737704918 0.8920765027322405 0.018954918032786885 0.02459016393442623
0 0.7943135245901639 0.7155054644808743 0.0194672131147541 0.025273224043715847