0 0.37890625 0.6181640625 0.021484375 0.02001953125
0 0.3736979166666667 0.6015625 0.0234375 0.0224609375
0 0.33203125 0.6357421875 0.01953125 0.0166015625
0 0.2701822916666667 0.60888671875 0.027994791666666668 0.025390625
0 0.3079427083333333 0.533203125 0.029947916666666668 0.02783203125
0 0.3828125 0.55615234375 0.02734375 0.02294921875
0 0.4557291666666667 0.54541015625 0.03515625 0.0322265625
0 0.4876302083333333 0.669921875 0.026692708333333332 0.0234375
0 0.4479166666666667 0.6630859375 0.024739583333333332 0.02099609375
0 0.4544270833333333 0.64111328125 0.028645833333333332 0.02392578125
0 0.5084635416666666 0.6142578125 0.035807291666666664 0.03173828125
0 0.5006510416666666 0.615234375 0.033203125 0.03125
0 0.5169270833333334 0.62060546875 0.037109375 0.0341796875
0 0.5657552083333334 0.552734375 0.026692708333333332 0.02294921875
0 0.5221354166666666 0.54052734375 0.024739583333333332 0.02197265625
0 0.4934895833333333 0.52783203125 0.025390625 0.0224609375
0 0.6048177083333334 0.47119140625 0.029947916666666668 0.02490234375
0 0.6334635416666666 0.44921875 0.024088541666666668 0.02197265625
0 0.416015625 0.5625 0.024739583333333332 0.021484375
0 0.4153645833333333 0.48876953125 0.027994791666666668 0.0244140625
0 0.4674479166666667 0.482421875 0.024088541666666668 0.02197265625
0 0.4505208333333333 0.50146484375 0.03515625 0.033203125
0 0.603515625 0.43798828125 0.031901041666666664 0.029296875
0 0.6263020833333334 0.42431640625 0.0234375 0.021484375
0 0.5345052083333334 0.40869140625 0.02734375 0.02490234375
0 0.54296875 0.39599609375 0.027994791666666668 0.02490234375
0 0.4798177083333333 0.4658203125 0.022786458333333332 0.01953125
0 0.4791666666666667 0.5107421875 0.024739583333333332 0.02294921875
0 0.548828125 0.5869140625 0.032552083333333336 0.029296875
0 0.5944010416666666 0.5556640625 0.028645833333333332 0.0263671875
0 0.578125 0.57421875 0.034505208333333336 0.0322265625
0 0.5768229166666666 0.58349609375 0.029296875 0.02734375
0 0.517578125 0.56689453125 0.024088541666666668 0.021484375
0 0.5013020833333334 0.560546875 0.028645833333333332 0.02587890625
0 0.4895833333333333 0.57763671875 0.02734375 0.0244140625
0 0.4264322916666667 0.62744140625 0.0234375 0.02197265625
0 0.3951822916666667 0.6220703125 0.029296875 0.02685546875
0 0.42578125 0.599609375 0.024739583333333332 0.02294921875
0 0.65625 0.52099609375 0.036458333333333336 0.0322265625
0 0.6634114583333334 0.56103515625 0.03515625 0.029296875
0 0.6223958333333334 0.5244140625 0.02734375 0.02490234375
0 0.71875 0.5546875 0.028645833333333332 0.02490234375
0 0.7076822916666666 0.58251953125 0.037109375 0.0322265625
0 0.6998697916666666 0.57861328125 0.026692708333333332 0.025390625
0 0.71484375 0.5908203125 0.029296875 0.02783203125
0 0.64453125 0.6201171875 0.029947916666666668 0.0283203125
0 0.6497395833333334 0.69677734375 0.028645833333333332 0.02685546875
0 0.6041666666666666 0.69091796875 0.032552083333333336 0.02783203125
0 0.5384114583333334 0.73876953125 0.035807291666666664 0.03173828125
0 0.4895833333333333 0.38134765625 0.01953125 0.01806640625
0 0.4375 0.361328125 0.022135416666666668 0.0205078125
0 0.4778645833333333 0.39208984375 0.020833333333333332 0.0185546875
0 0.416015625 0.38427734375 0.022135416666666668 0.0205078125
0 0.4329427083333333 0.4013671875 0.026041666666666668 0.02587890625
0 0.4303385416666667 0.408203125 0.022135416666666668 0.0205078125
0 0.412109375 0.40185546875 0.020833333333333332 0.01953125
0 0.458984375 0.447265625 0.021484375 0.02001953125
0 0.43359375 0.43896484375 0.022786458333333332 0.0205078125
0 0.4205729166666667 0.44970703125 0.020833333333333332 0.02001953125
0 0.3977864583333333 0.4296875 0.01953125 0.0185546875
0 0.3606770833333333 0.462890625 0.024088541666666668 0.0224609375
0 0.4388020833333333 0.525390625 0.025390625 0.02294921875
0 0.3444010416666667 0.58544921875 0.018880208333333332 0.01806640625
0 0.34375 0.57177734375 0.020833333333333332 0.01953125
0 0.4973958333333333 0.70654296875 0.016927083333333332 0.015625
0 0.51953125 0.71484375 0.024739583333333332 0.0224609375
0 0.5143229166666666 0.73486328125 0.0234375 0.02197265625
0 0.5677083333333334 0.75341796875 0.022135416666666668 0.02099609375
0 0.5709635416666666 0.73974609375 0.022135416666666668 0.0205078125
0 0.556640625 0.7255859375 0.026692708333333332 0.02490234375
0 0.5377604166666666 0.71630859375 0.026692708333333332 0.0244140625
0 0.5325520833333334 0.73486328125 0.022135416666666668 0.0205078125
0 0.5748697916666666 0.6845703125 0.020833333333333332 0.02001953125
0 0.54296875 0.63671875 0.022786458333333332 0.02099609375
0 0.58984375 0.65869140625 0.022135416666666668 0.021484375
0 0.595703125 0.64794921875 0.020182291666666668 0.0185546875
0 0.615234375 0.671875 0.024739583333333332 0.0234375
0 0.611328125 0.64599609375 0.018229166666666668 0.015625
0 0.6178385416666666 0.638671875 0.022135416666666668 0.02001953125
0 0.6692708333333334 0.58642578125 0.02734375 0.025390625
0 0.7057291666666666 0.6201171875 0.022786458333333332 0.01953125
0 0.7122395833333334 0.64013671875 0.020833333333333332 0.01953125
0 0.720703125 0.61181640625 0.026692708333333332 0.0244140625
0 0.7473958333333334 0.57177734375 0.025390625 0.0244140625
0 0.70703125 0.50390625 0.02734375 0.025390625
0 0.7662760416666666 0.4765625 0.024088541666666668 0.02197265625
0 0.716796875 0.439453125 0.022786458333333332 0.02197265625
0 0.7376302083333334 0.4375 0.025390625 0.02392578125
0 0.75 0.4140625 0.020182291666666668 0.0185546875
0 0.796875 0.47802734375 0.022135416666666668 0.01953125
0 0.818359375 0.4375 0.022135416666666668 0.02099609375
0 0.7845052083333334 0.40380859375 0.024088541666666668 0.02197265625
0 0.5266927083333334 0.50439453125 0.017578125 0.015625
0 0.5397135416666666 0.48583984375 0.020182291666666668 0.017578125
0 0.6048177083333334 0.37109375 0.020182291666666668 0.0185546875
0 0.6419270833333334 0.3232421875 0.027994791666666668 0.02587890625
0 0.5247395833333334 0.23291015625 0.022135416666666668 0.02001953125
0 0.466796875 0.60986328125 0.02734375 0.025390625
0 0.4680989583333333 0.6015625 0.01953125 0.017578125
0 0.3196614583333333 0.6015625 0.022786458333333332 0.021484375
0 0.3977864583333333 0.3544921875 0.031901041666666664 0.02978515625
0 0.4127604166666667 0.330078125 0.022135416666666668 0.02197265625
0 0.369140625 0.3505859375 0.015625 0.01416015625
0 0.3567708333333333 0.3740234375 0.022786458333333332 0.02099609375
0 0.3639322916666667 0.39013671875 0.022786458333333332 0.0224609375
0 0.3841145833333333 0.404296875 0.029296875 0.02685546875
0 0.3658854166666667 0.4189453125 0.018229166666666668 0.01708984375
0 0.306640625 0.4658203125 0.022786458333333332 0.0234375
0 0.2786458333333333 0.46337890625 0.024739583333333332 0.0234375
0 0.5358072916666666 0.1943359375 0.02734375 0.0234375
0 0.4680989583333333 0.19873046875 0.022786458333333332 0.0244140625
0 0.4596354166666667 0.22314453125 0.022135416666666668 0.021484375
0 0.4446614583333333 0.23095703125 0.020833333333333332 0.01953125
0 0.4505208333333333 0.18359375 0.0234375 0.0224609375
0 0.5579427083333334 0.22802734375 0.01953125 0.0185546875
0 0.564453125 0.27294921875 0.025390625 0.02392578125
0 0.5520833333333334 0.2919921875 0.022135416666666668 0.0224609375
0 0.5416666666666666 0.3408203125 0.022135416666666668 0.0234375
0 0.515625 0.34765625 0.020833333333333332 0.0185546875