0 0.11376953125 0.2421875 0.01220703125 0.017578125
0 0.10693359375 0.2630208333333333 0.013671875 0.017578125
0 0.15966796875 0.3098958333333333 0.01318359375 0.014973958333333334
0 0.22216796875 0.3092447916666667 0.013671875 0.014973958333333334
0 0.19091796875 0.23958333333333334 0.01025390625 0.010416666666666666
0 0.205078125 0.22916666666666666 0.00927734375 0.014322916666666666
0 0.14892578125 0.216796875 0.00830078125 0.010416666666666666
0 0.111328125 0.3059895833333333 0.009765625 0.012369791666666666
0 0.10791015625 0.3352864583333333 0.01025390625 0.016276041666666668
0 0.20361328125 0.3567708333333333 0.0126953125 0.015625
0 0.20166015625 0.328125 0.01318359375 0.012369791666666666
0 0.177734375 0.3131510416666667 0.0107421875 0.013020833333333334
0 0.7666015625 0.8977864583333334 0.01123046875 0.016276041666666668
0 0.755859375 0.9134114583333334 0.0087890625 0.013020833333333334
0 0.7568359375 0.9309895833333334 0.0126953125 0.014973958333333334
0 0.7705078125 0.8268229166666666 0.00927734375 0.012369791666666666
0 0.81982421875 0.9108072916666666 0.01220703125 0.013020833333333334
0 0.8251953125 0.9322916666666666 0.00927734375 0.012369791666666666
0 0.73046875 0.865234375 0.01220703125 0.016927083333333332
0 0.88232421875 0.763671875 0.01123046875 0.014973958333333334
0 0.8974609375 0.7337239583333334 0.01220703125 0.016276041666666668
0 0.86962890625 0.7291666666666666 0.0087890625 0.013020833333333334
0 0.8486328125 0.7259114583333334 0.01220703125 0.014973958333333334
0 0.79541015625 0.7141927083333334 0.0146484375 0.017578125
0 0.9130859375 0.8450520833333334 0.00830078125 0.009765625
0 0.92333984375 0.8131510416666666 0.01318359375 0.014973958333333334
0 0.89990234375 0.837890625 0.0087890625 0.011067708333333334
0 0.9013671875 0.9075520833333334 0.01318359375 0.015625
0 0.88916015625 0.9296875 0.0146484375 0.017578125
0 0.85693359375 0.9095052083333334 0.01318359375 0.017578125
0 0.8857421875 0.8587239583333334 0.01025390625 0.013020833333333334
0 0.85302734375 0.572265625 0.009765625 0.014322916666666666
0 0.861328125 0.5748697916666666 0.01025390625 0.013671875
0 0.876953125 0.5462239583333334 0.0087890625 0.012369791666666666
0 0.85888671875 0.525390625 0.00927734375 0.014973958333333334
0 0.8740234375 0.5065104166666666 0.01220703125 0.013671875
0 0.7978515625 0.478515625 0.0146484375 0.025390625
0 0.908203125 0.5794270833333334 0.0087890625 0.009765625
0 0.91455078125 0.5598958333333334 0.00927734375 0.010416666666666666
0 0.85546875 0.5911458333333334 0.01025390625 0.011067708333333334
0 0.78076171875 0.6009114583333334 0.01318359375 0.014973958333333334
0 0.2724609375 0.818359375 0.01513671875 0.020833333333333332
0 0.2861328125 0.8606770833333334 0.01708984375 0.020182291666666668
0 0.29345703125 0.9095052083333334 0.0146484375 0.016276041666666668
0 0.2216796875 0.8938802083333334 0.01318359375 0.016927083333333332
0 0.3330078125 0.728515625 0.0146484375 0.016276041666666668
0 0.10302734375 0.5631510416666666 0.01513671875 0.017578125
0 0.1845703125 0.515625 0.017578125 0.022786458333333332
0 0.2109375 0.4420572916666667 0.01708984375 0.020182291666666668
0 0.11279296875 0.4309895833333333 0.017578125 0.01953125
0 0.12353515625 0.4791666666666667 0.017578125 0.017578125
0 0.31298828125 0.873046875 0.02197265625 0.029296875
0 0.431640625 0.8001302083333334 0.02294921875 0.028645833333333332
0 0.46728515625 0.8196614583333334 0.0205078125 0.024739583333333332
0 0.447265625 0.8294270833333334 0.0244140625 0.029947916666666668
0 0.4677734375 0.681640625 0.02197265625 0.026692708333333332
0 0.46875 0.71484375 0.0283203125 0.030598958333333332
0 0.47900390625 0.5143229166666666 0.02099609375 0.026692708333333332
0 0.49951171875 0.5162760416666666 0.0263671875 0.032552083333333336
0 0.8857421875 0.4069010416666667 0.029296875 0.037760416666666664
0 0.92626953125 0.369140625 0.025390625 0.032552083333333336
0 0.44970703125 0.3268229166666667 0.01953125 0.02734375
0 0.51416015625 0.5279947916666666 0.02099609375 0.029296875
0 0.92578125 0.14908854166666666 0.01513671875 0.0234375