0 0.8700107874865156 0.8960431654676259 0.016720604099244876 0.02014388489208633
0 0.7055016181229773 0.8571942446043166 0.02535059331175836 0.027338129496402876
0 0.7135922330097088 0.839568345323741 0.019956850053937433 0.022302158273381296
0 0.7249190938511327 0.9345323741007194 0.018338727076591153 0.020863309352517987
0 0.4792340884573894 0.8827338129496403 0.02319309600862999 0.025899280575539568
0 0.22330097087378642 0.866546762589928 0.022653721682847898 0.02805755395683453
0 0.22276159654800431 0.7996402877697841 0.018878101402373247 0.02302158273381295
0 0.08360302049622438 0.8010791366906475 0.018878101402373247 0.020863309352517987
0 0.0709277238403452 0.5866906474820144 0.019417475728155338 0.025179856115107913
0 0.08818770226537216 0.5802158273381295 0.021035598705501618 0.023741007194244605
0 0.3117583603020496 0.746043165467626 0.02319309600862999 0.02877697841726619
0 0.48759439050701187 0.7276978417266187 0.018878101402373247 0.02014388489208633
0 0.5245415318230853 0.6550359712230216 0.019956850053937433 0.02158273381294964
0 0.5693096008629989 0.6586330935251798 0.017259978425026967 0.02302158273381295
0 0.8031283710895362 0.7381294964028777 0.022114347357065803 0.022302158273381296
0 0.8149946062567421 0.7586330935251798 0.02535059331175836 0.02446043165467626
0 0.9056094929881338 0.6766187050359712 0.022114347357065803 0.025899280575539568
0 0.9323085221143473 0.6640287769784172 0.018338727076591153 0.02302158273381295
0 0.9471413160733549 0.6705035971223021 0.017259978425026967 0.02014388489208633
0 0.9398597626752967 0.587410071942446 0.02319309600862999 0.025179856115107913
0 0.8913160733549083 0.6053956834532375 0.02535059331175836 0.025899280575539568
0 0.8451995685005393 0.5679856115107914 0.02535059331175836 0.027338129496402876
0 0.8247033441208198 0.5899280575539568 0.018338727076591153 0.025179856115107913
0 0.8379180151024811 0.6050359712230216 0.017259978425026967 0.020863309352517987
0 0.8495145631067961 0.5241007194244605 0.01779935275080906 0.01870503597122302
0 0.06014023732470335 0.3327338129496403 0.021035598705501618 0.02158273381294964
0 0.44795037756202805 0.38884892086330936 0.021574973031283712 0.02446043165467626
0 0.9428263214670982 0.42697841726618707 0.01779935275080906 0.02158273381294964
0 0.9560409924487594 0.46007194244604316 0.018338727076591153 0.017985611510791366
0 0.9495685005393744 0.47985611510791365 0.018878101402373247 0.022302158273381296
0 0.9444444444444444 0.5151079136690647 0.019417475728155338 0.023741007194244605
0 0.9377022653721683 0.49892086330935254 0.01348435814455232 0.016546762589928057
0 0.9662891046386192 0.27482014388489207 0.014563106796116505 0.016546762589928057
0 0.9298813376483279 0.30683453237410074 0.018878101402373247 0.02014388489208633
0 0.948220064724919 0.16223021582733813 0.01779935275080906 0.019424460431654675
0 0.9552319309600863 0.17913669064748203 0.021574973031283712 0.022302158273381296
0 0.9336569579288025 0.18201438848920864 0.019417475728155338 0.023741007194244605
0 0.9347357065803668 0.22158273381294963 0.018338727076591153 0.025899280575539568
0 0.8975188781014024 0.18093525179856115 0.026429341963322545 0.026618705035971222
0 0.936084142394822 0.11151079136690648 0.015102481121898598 0.017985611510791366
0 0.947680690399137 0.11618705035971223 0.016720604099244876 0.019424460431654675
0 0.9611650485436893 0.0974820143884892 0.018878101402373247 0.01870503597122302
0 0.9050701186623517 0.03884892086330935 0.019956850053937433 0.020863309352517987
0 0.883495145631068 0.03561151079136691 0.014023732470334413 0.02014388489208633
0 0.9279935275080906 0.04352517985611511 0.015102481121898598 0.01870503597122302
0 0.936084142394822 0.08776978417266187 0.017259978425026967 0.017985611510791366
0 0.8532901833872708 0.14064748201438848 0.01779935275080906 0.01870503597122302
0 0.8554476806903991 0.16151079136690646 0.012944983818770227 0.016546762589928057
0 0.7891046386192018 0.033453237410071945 0.016720604099244876 0.016546762589928057
0 0.7295037756202805 0.021223021582733814 0.019417475728155338 0.020863309352517987
0 0.23004314994606256 0.12949640287769784 0.018878101402373247 0.022302158273381296
0 0.11461704422869472 0.06654676258992806 0.019417475728155338 0.022302158273381296
0 0.06984897518878101 0.10863309352517986 0.018338727076591153 0.02158273381294964
0 0.1005933117583603 0.025899280575539568 0.019417475728155338 0.02302158273381295
0 0.13052858683926646 0.003237410071942446 0.018338727076591153 0.006474820143884892
0 0.08441208198489752 0.18920863309352517 0.01779935275080906 0.02446043165467626
0 0.12864077669902912 0.19460431654676258 0.016720604099244876 0.017266187050359712
0 0.09223300970873786 0.1370503597122302 0.019956850053937433 0.02446043165467626
0 0.12998921251348436 0.3043165467625899 0.019417475728155338 0.022302158273381296