0 0.3174119241192412 0.9344484629294756 0.10365853658536585 0.13110307414104883
0 0.37262872628726285 0.8928571428571429 0.12059620596205962 0.16998191681735986
0 0.3946476964769648 0.796112115732369 0.09552845528455285 0.13291139240506328
0 0.45359078590785906 0.9751356238698011 0.09688346883468835 0.04972875226039783
0 0.521680216802168 0.846745027124774 0.08672086720867209 0.12025316455696203
0 0.608739837398374 0.953887884267631 0.10569105691056911 0.07956600361663653
0 0.584349593495935 0.895117540687161 0.1043360433604336 0.1383363471971067
0 0.24932249322493225 0.5253164556962026 0.1043360433604336 0.14556962025316456
0 0.5396341463414634 0.4561482820976492 0.09078590785907859 0.1410488245931284
0 0.14498644986449866 0.2807414104882459 0.07452574525745258 0.09674502712477397
0 0.393970189701897 0.054701627486437615 0.09281842818428185 0.0922242314647378
0 0.44579945799457993 0.018083182640144666 0.056910569105691054 0.03616636528028933
0 0.4027777777777778 0.13471971066907776 0.11653116531165311 0.12658227848101267
0 0.4861111111111111 0.04972875226039783 0.07859078590785908 0.0949367088607595
0 0.5501355013550135 0.07549728752260398 0.08604336043360433 0.1410488245931284
0 0.5575880758807588 0.19439421338155516 0.0989159891598916 0.13381555153707053
0 0.649390243902439 0.3191681735985534 0.09010840108401084 0.11573236889692586
0 0.7225609756097561 0.2988245931283906 0.07655826558265583 0.11211573236889692
0 0.5562330623306233 0.31374321880650996 0.09010840108401084 0.11301989150090416
0 0.6080623306233063 0.3811030741410488 0.06504065040650407 0.11844484629294756
0 0.7232384823848238 0.5009041591320073 0.061653116531165314 0.09132007233273057
0 0.6256775067750677 0.5872513562386981 0.0948509485094851 0.13291139240506328
0 0.7479674796747967 0.6121157323688969 0.08807588075880758 0.11392405063291139
0 0.8048780487804879 0.5334538878842676 0.07317073170731707 0.10307414104882459
0 0.8136856368563685 0.6243218806509946 0.07655826558265583 0.11754068716094032
0 0.7632113821138211 0.6835443037974683 0.058265582655826556 0.08589511754068715
0 0.8448509485094851 0.8435804701627486 0.11246612466124661 0.14828209764918626
0 0.872289972899729 0.5940325497287523 0.07859078590785908 0.1057866184448463
0 0.9369918699186992 0.35804701627486435 0.11585365853658537 0.13381555153707053
0 0.8492547425474255 0.17088607594936708 0.09146341463414634 0.11482820976491863
0 0.8871951219512195 0.0461121157323689 0.09688346883468835 0.0922242314647378
0 0.8221544715447154 0.2635623869801085 0.07655826558265583 0.09945750452079566
0 0.9251355013550135 0.5655515370705244 0.08062330623306233 0.11844484629294756
0 0.9752710027100271 0.5691681735985533 0.0494579945799458 0.11844484629294756
0 0.907520325203252 0.6500904159132007 0.06436314363143632 0.08860759493670886
0 0.9779810298102981 0.7938517179023508 0.04403794037940379 0.10669077757685352
0 0.9898373983739838 0.8372513562386981 0.02032520325203252 0.05244122965641953
0 0.9610433604336044 0.6726943942133815 0.07791327913279132 0.162748643761302
0 0.7374661246612466 0.804249547920434 0.0948509485094851 0.11482820976491863