0 0.421875 0.13541666666666666 0.0107421875 0.009765625
0 0.45263671875 0.15755208333333334 0.01513671875 0.013671875
0 0.44677734375 0.14388020833333334 0.01416015625 0.012369791666666666
0 0.45166015625 0.19986979166666666 0.01123046875 0.013020833333333334
0 0.39599609375 0.18880208333333334 0.01171875 0.011067708333333334
0 0.38134765625 0.15950520833333334 0.0126953125 0.012369791666666666
0 0.3759765625 0.15559895833333334 0.01708984375 0.016276041666666668
0 0.37353515625 0.13932291666666666 0.01171875 0.009765625
0 0.35009765625 0.14973958333333334 0.0107421875 0.009765625
0 0.36669921875 0.12825520833333334 0.01171875 0.012369791666666666
0 0.359375 0.15885416666666666 0.0107421875 0.009765625
0 0.3466796875 0.166015625 0.015625 0.014973958333333334
0 0.72119140625 0.736328125 0.021484375 0.020182291666666668
0 0.7001953125 0.7643229166666666 0.0185546875 0.016276041666666668
0 0.70751953125 0.755859375 0.0224609375 0.016927083333333332
0 0.72314453125 0.7057291666666666 0.01953125 0.015625
0 0.7421875 0.6575520833333334 0.015625 0.013671875
0 0.76025390625 0.6549479166666666 0.01806640625 0.014322916666666666
0 0.73046875 0.6276041666666666 0.0126953125 0.01171875
0 0.7197265625 0.6354166666666666 0.01318359375 0.013671875
0 0.70751953125 0.6614583333333334 0.01953125 0.015625
0 0.75732421875 0.533203125 0.009765625 0.007161458333333333
0 0.75927734375 0.529296875 0.00634765625 0.004557291666666667
0 0.76513671875 0.529296875 0.00927734375 0.0078125
0 0.81787109375 0.5104166666666666 0.01123046875 0.009765625
0 0.7978515625 0.4602864583333333 0.00927734375 0.007161458333333333
0 0.81689453125 0.46875 0.00927734375 0.007161458333333333
0 0.82373046875 0.4798177083333333 0.00927734375 0.0078125
0 0.77197265625 0.509765625 0.0078125 0.006510416666666667
0 0.75537109375 0.5026041666666666 0.0078125 0.006510416666666667
0 0.77099609375 0.4889322916666667 0.00732421875 0.006510416666666667
0 0.62841796875 0.4231770833333333 0.0107421875 0.009114583333333334
0 0.6376953125 0.4251302083333333 0.009765625 0.009765625
0 0.6572265625 0.4329427083333333 0.01025390625 0.0078125
0 0.591796875 0.4544270833333333 0.009765625 0.009765625
0 0.5107421875 0.380859375 0.009765625 0.009114583333333334
0 0.36376953125 0.22981770833333334 0.0146484375 0.010416666666666666
0 0.36669921875 0.22330729166666666 0.0107421875 0.008463541666666666
0 0.58642578125 0.20377604166666666 0.02294921875 0.01953125
0 0.62939453125 0.2545572916666667 0.01611328125 0.014973958333333334
0 0.794921875 0.3352864583333333 0.01513671875 0.012369791666666666
0 0.77880859375 0.3346354166666667 0.01318359375 0.01171875
0 0.79931640625 0.29296875 0.01171875 0.010416666666666666
0 0.890625 0.2994791666666667 0.0146484375 0.012369791666666666
0 0.83935546875 0.3170572916666667 0.01318359375 0.009765625
0 0.82373046875 0.3541666666666667 0.01123046875 0.009765625
0 0.8232421875 0.345703125 0.013671875 0.012369791666666666
0 0.8232421875 0.337890625 0.01123046875 0.009114583333333334
0 0.87646484375 0.3587239583333333 0.0126953125 0.009765625
0 0.86865234375 0.3190104166666667 0.015625 0.012369791666666666
0 0.8779296875 0.3346354166666667 0.0185546875 0.016927083333333332
0 0.87451171875 0.3326822916666667 0.0078125 0.006510416666666667
0 0.556640625 0.5983072916666666 0.01611328125 0.012369791666666666
0 0.56689453125 0.6171875 0.01611328125 0.013671875
0 0.5966796875 0.6184895833333334 0.0146484375 0.013020833333333334
0 0.59375 0.630859375 0.017578125 0.014973958333333334
0 0.65234375 0.6106770833333334 0.01708984375 0.014973958333333334
0 0.64892578125 0.6354166666666666 0.01611328125 0.014973958333333334
0 0.6162109375 0.6783854166666666 0.0146484375 0.013671875
0 0.60791015625 0.3157552083333333 0.01904296875 0.018229166666666668
0 0.61865234375 0.3268229166666667 0.02490234375 0.022135416666666668
0 0.62060546875 0.3014322916666667 0.02490234375 0.021484375
0 0.658203125 0.3131510416666667 0.02685546875 0.025390625
0 0.67626953125 0.2688802083333333 0.02587890625 0.022786458333333332
0 0.69970703125 0.2799479166666667 0.0263671875 0.022786458333333332
0 0.69287109375 0.3157552083333333 0.0302734375 0.026692708333333332
0 0.703125 0.30078125 0.02734375 0.022786458333333332
0 0.67578125 0.306640625 0.02294921875 0.01953125
0 0.67529296875 0.2890625 0.02783203125 0.0234375
0 0.58447265625 0.3072916666666667 0.02880859375 0.026041666666666668
0 0.57275390625 0.23372395833333334 0.025390625 0.020833333333333332
0 0.537109375 0.3424479166666667 0.03173828125 0.02734375
0 0.2021484375 0.642578125 0.01513671875 0.013671875
0 0.24560546875 0.6067708333333334 0.015625 0.013671875
0 0.26025390625 0.5944010416666666 0.0166015625 0.014322916666666666
0 0.20263671875 0.6829427083333334 0.02001953125 0.016276041666666668
0 0.138671875 0.6966145833333334 0.0146484375 0.012369791666666666
0 0.1259765625 0.7272135416666666 0.01416015625 0.013020833333333334
0 0.1533203125 0.7194010416666666 0.0126953125 0.011067708333333334
0 0.45556640625 0.6432291666666666 0.0166015625 0.014322916666666666
0 0.4716796875 0.63671875 0.0205078125 0.016927083333333332
0 0.5205078125 0.578125 0.02001953125 0.018229166666666668
0 0.46875 0.560546875 0.017578125 0.014973958333333334