0 0.9764204545454546 0.8693181818181818 0.029545454545454545 0.045454545454545456
0 0.9252840909090909 0.8928030303030303 0.03125 0.03333333333333333
0 0.9150568181818182 0.8416666666666667 0.026704545454545453 0.03333333333333333
0 0.8852272727272728 0.8553030303030303 0.03465909090909091 0.04318181818181818
0 0.85625 0.8575757575757575 0.03125 0.037121212121212124
0 0.8738636363636364 0.9458333333333333 0.023863636363636365 0.02878787878787879
0 0.9463068181818182 0.7859848484848485 0.02159090909090909 0.03106060606060606
0 0.9789772727272728 0.7507575757575757 0.030113636363636363 0.03257575757575758
0 0.8951704545454545 0.7397727272727272 0.022727272727272728 0.02878787878787879
0 0.9053977272727273 0.6757575757575758 0.024431818181818183 0.03333333333333333
0 0.9059659090909091 0.6242424242424243 0.020454545454545454 0.024242424242424242
0 0.9497159090909091 0.6306818181818182 0.02727272727272727 0.02803030303030303
0 0.9139204545454546 0.6534090909090909 0.019886363636363636 0.030303030303030304
0 0.8267045454545454 0.6621212121212121 0.02556818181818182 0.03636363636363636
0 0.7556818181818182 0.615909090909091 0.026136363636363635 0.031818181818181815
0 0.7622159090909091 0.5590909090909091 0.028409090909090908 0.030303030303030304
0 0.7238636363636364 0.6098484848484849 0.021022727272727273 0.03333333333333333
0 0.7818181818181819 0.48143939393939394 0.022727272727272728 0.025757575757575757
0 0.7826704545454546 0.4268939393939394 0.022727272727272728 0.02727272727272727
0 0.8039772727272727 0.42083333333333334 0.023295454545454546 0.03484848484848485
0 0.7545454545454545 0.39734848484848484 0.022727272727272728 0.025
0 0.7730113636363637 0.3662878787878788 0.023295454545454546 0.03333333333333333
0 0.8630681818181818 0.3522727272727273 0.026136363636363635 0.03333333333333333
0 0.8789772727272728 0.3325757575757576 0.02556818181818182 0.03333333333333333
0 0.8443181818181819 0.3734848484848485 0.024431818181818183 0.03484848484848485
0 0.8363636363636363 0.2481060606060606 0.022727272727272728 0.030303030303030304
0 0.8579545454545454 0.4174242424242424 0.023863636363636365 0.025757575757575757
0 0.8414772727272727 0.39924242424242423 0.022727272727272728 0.02727272727272727
0 0.834375 0.42916666666666664 0.02784090909090909 0.03333333333333333
0 0.8784090909090909 0.4893939393939394 0.03125 0.035606060606060606
0 0.6539772727272727 0.43522727272727274 0.02215909090909091 0.02878787878787879
0 0.6167613636363637 0.38484848484848483 0.02159090909090909 0.029545454545454545
0 0.6196022727272728 0.3659090909090909 0.023863636363636365 0.02803030303030303
0 0.5982954545454545 0.4537878787878788 0.019318181818181818 0.02878787878787879
0 0.5883522727272728 0.49507575757575756 0.023295454545454546 0.029545454545454545
0 0.5920454545454545 0.5450757575757575 0.022727272727272728 0.024242424242424242
0 0.6201704545454545 0.531439393939394 0.023295454545454546 0.029545454545454545
0 0.6389204545454545 0.584469696969697 0.022727272727272728 0.03106060606060606
0 0.5661931818181818 0.5825757575757575 0.024431818181818183 0.02803030303030303
0 0.5602272727272727 0.6113636363636363 0.023863636363636365 0.02803030303030303
0 0.4133522727272727 0.6363636363636364 0.02159090909090909 0.024242424242424242
0 0.43664772727272727 0.7026515151515151 0.02159090909090909 0.02803030303030303
0 0.446875 0.7303030303030303 0.025 0.02803030303030303
0 0.47017045454545453 0.8132575757575757 0.024431818181818183 0.026515151515151516
0 0.3482954545454545 0.7818181818181819 0.02727272727272727 0.031818181818181815
0 0.4005681818181818 0.9806818181818182 0.02556818181818182 0.031818181818181815
0 0.4193181818181818 0.9810606060606061 0.024431818181818183 0.031818181818181815
0 0.3599431818181818 0.9852272727272727 0.021022727272727273 0.01818181818181818
0 0.33295454545454545 0.9878787878787879 0.02784090909090909 0.010606060606060607
0 0.278125 0.8791666666666667 0.029545454545454545 0.037121212121212124
0 0.30227272727272725 0.7818181818181819 0.03068181818181818 0.03257575757575758
0 0.3 0.8166666666666667 0.028977272727272727 0.03333333333333333
0 0.24602272727272728 0.8178030303030303 0.026704545454545453 0.03333333333333333
0 0.2190340909090909 0.8318181818181818 0.030113636363636363 0.03333333333333333
0 0.2409090909090909 0.8625 0.028409090909090908 0.030303030303030304
0 0.2497159090909091 0.7007575757575758 0.03068181818181818 0.04242424242424243
0 0.19318181818181818 0.6852272727272727 0.03295454545454545 0.03636363636363636
0 0.25227272727272726 0.6696969696969697 0.028409090909090908 0.029545454545454545
0 0.4323863636363636 0.4537878787878788 0.021022727272727273 0.024242424242424242
0 0.3588068181818182 0.44356060606060604 0.021022727272727273 0.03409090909090909
0 0.42982954545454544 0.5337121212121212 0.031818181818181815 0.029545454545454545
0 0.4630681818181818 0.4087121212121212 0.026704545454545453 0.025757575757575757
0 0.3840909090909091 0.30416666666666664 0.02784090909090909 0.03333333333333333
0 0.384375 0.24659090909090908 0.024431818181818183 0.029545454545454545
0 0.42613636363636365 0.2556818181818182 0.030113636363636363 0.03787878787878788
0 0.43863636363636366 0.30757575757575756 0.023863636363636365 0.022727272727272728
0 0.48125 0.3087121212121212 0.02215909090909091 0.026515151515151516
0 0.4090909090909091 0.18863636363636363 0.020454545454545454 0.026515151515151516
0 0.425 0.16818181818181818 0.024431818181818183 0.02878787878787879
0 0.4213068181818182 0.1159090909090909 0.023295454545454546 0.024242424242424242
0 0.37471590909090907 0.17803030303030304 0.024431818181818183 0.02727272727272727
0 0.4994318181818182 0.11325757575757575 0.028977272727272727 0.030303030303030304
0 0.4642045454545455 0.19810606060606062 0.031818181818181815 0.03333333333333333
0 0.5284090909090909 0.21477272727272728 0.026704545454545453 0.030303030303030304
0 0.5292613636363637 0.24659090909090908 0.029545454545454545 0.02878787878787879
0 0.5431818181818182 0.2837121212121212 0.02215909090909091 0.025
0 0.7784090909090909 0.7473484848484848 0.02215909090909091 0.025
0 0.7917613636363636 0.7772727272727272 0.019886363636363636 0.02727272727272727
0 0.7559659090909091 0.7962121212121213 0.02727272727272727 0.03106060606060606
0 0.7823863636363636 0.8109848484848485 0.017613636363636363 0.020454545454545454
0 0.7602272727272728 0.8496212121212121 0.015909090909090907 0.021212121212121213
0 0.7815340909090909 0.8640151515151515 0.02159090909090909 0.02196969696969697
0 0.73125 0.8481060606060606 0.016477272727272726 0.024242424242424242
0 0.7934659090909091 0.8223484848484849 0.016477272727272726 0.02196969696969697