0 0.47384155455904337 0.08211883408071749 0.053811659192825115 0.04204035874439462
0 0.414050822122571 0.14321748878923768 0.052316890881913304 0.03923766816143498
0 0.46898355754857995 0.18946188340807174 0.052316890881913304 0.03643497757847534
0 0.5100896860986547 0.14237668161434977 0.03961136023916293 0.03195067264573991
0 0.5758594917787743 0.1429372197309417 0.043348281016442454 0.032511210762331835
0 0.5691330343796711 0.09417040358744394 0.035127055306427506 0.027466367713004484
0 0.5295216741405082 0.02522421524663677 0.03961136023916293 0.028026905829596414
0 0.5179372197309418 0.05409192825112107 0.03886397608370702 0.03195067264573991
0 0.48243647234678627 0.02382286995515695 0.04783258594917788 0.03195067264573991
0 0.5866965620328849 0.037836322869955155 0.04185351270553064 0.03699551569506727
0 0.4439461883408072 0.014013452914798207 0.032137518684603884 0.023542600896860985
0 0.3195067264573991 0.07399103139013453 0.03587443946188341 0.02914798206278027
0 0.22982062780269058 0.05605381165919283 0.030642750373692077 0.024103139013452915
0 0.2148729446935725 0.10341928251121076 0.04110612855007474 0.027466367713004484
0 0.226457399103139 0.14630044843049328 0.06352765321375187 0.04596412556053812
0 0.3038116591928251 0.12359865470852018 0.042600896860986545 0.02858744394618834
0 0.17002989536621824 0.13452914798206278 0.05455904334828102 0.034192825112107625
0 0.3247384155455904 0.21776905829596413 0.04185351270553064 0.03867713004484305
0 0.3725710014947683 0.20039237668161436 0.04110612855007474 0.02914798206278027
0 0.39648729446935727 0.23318385650224216 0.04185351270553064 0.03195067264573991
0 0.375186846038864 0.17376681614349776 0.04110612855007474 0.030829596412556053
0 0.24738415545590434 0.22253363228699552 0.04857997010463378 0.03587443946188341
0 0.2843796711509716 0.23570627802690583 0.03587443946188341 0.026905829596412557
0 0.31203288490284004 0.29596412556053814 0.02765321375186846 0.021860986547085202
0 0.335949177877429 0.31053811659192826 0.042600896860986545 0.02522421524663677
0 0.38228699551569506 0.3102578475336323 0.04110612855007474 0.033632286995515695
0 0.2619581464872945 0.28335201793721976 0.033632286995515695 0.021860986547085202
0 0.21748878923766815 0.2727017937219731 0.06053811659192825 0.034192825112107625
0 0.2328101644245142 0.38817264573991034 0.04110612855007474 0.03531390134529148
0 0.23243647234678624 0.41900224215246634 0.043348281016442454 0.03139013452914798
0 0.1468609865470852 0.3926569506726457 0.04185351270553064 0.034192825112107625
0 0.156203288490284 0.45067264573991034 0.04110612855007474 0.034192825112107625
0 0.24775784753363228 0.46917040358744394 0.042600896860986545 0.03587443946188341
0 0.5153213751868461 0.36182735426008966 0.02914798206278027 0.021860986547085202
0 0.6363976083707026 0.3486547085201794 0.03961136023916293 0.02914798206278027
0 0.734304932735426 0.31978699551569506 0.035127055306427506 0.02914798206278027
0 0.7017937219730942 0.359585201793722 0.0343796711509716 0.023542600896860985
0 0.7384155455904334 0.38789237668161436 0.032137518684603884 0.02466367713004484
0 0.7518684603886397 0.2822309417040359 0.02914798206278027 0.02298206278026906
0 0.6659192825112108 0.4077914798206278 0.029895366218236172 0.02298206278026906
0 0.609118086696562 0.43329596412556054 0.02466367713004484 0.017376681614349777
0 0.7286995515695067 0.453195067264574 0.02914798206278027 0.024103139013452915
0 0.7784005979073244 0.4966367713004484 0.025411061285500747 0.0257847533632287
0 0.7690582959641256 0.5176569506726457 0.026158445440956652 0.021300448430493273
0 0.5194319880418535 0.320347533632287 0.03139013452914798 0.023542600896860985
0 0.5216741405082213 0.3430493273542601 0.026158445440956652 0.023542600896860985
0 0.804932735426009 0.20011210762331838 0.03139013452914798 0.0257847533632287
0 0.7597159940209267 0.1765695067264574 0.02391629297458894 0.024103139013452915
0 0.7795216741405082 0.13705156950672645 0.03139013452914798 0.0257847533632287
0 0.7593423019431988 0.08772421524663677 0.025411061285500747 0.020179372197309416
0 0.8011958146487295 0.09837443946188341 0.026158445440956652 0.021860986547085202
0 0.8135276532137519 0.11434977578475336 0.02466367713004484 0.02298206278026906
0 0.749626307922272 0.1031390134529148 0.028400597907324365 0.021860986547085202
0 0.6928251121076233 0.11743273542600897 0.0343796711509716 0.030269058295964126
0 0.6748878923766816 0.13396860986547085 0.02914798206278027 0.02466367713004484
0 0.6117339312406577 0.09417040358744394 0.035127055306427506 0.021300448430493273
0 0.5923019431988041 0.5266255605381166 0.02092675635276532 0.014573991031390135
0 0.625186846038864 0.4899103139013453 0.029895366218236172 0.021300448430493273
0 0.648355754857997 0.44730941704035876 0.026158445440956652 0.01905829596412556
0 0.7387892376681614 0.5442825112107623 0.02242152466367713 0.01569506726457399
0 0.632660687593423 0.5409192825112108 0.028400597907324365 0.021300448430493273