0 0.03857308584686775 0.9231066460587326 0.02088167053364269 0.030911901081916538
0 0.03074245939675174 0.9466769706336939 0.023781902552204175 0.03323029366306028
0 0.17720417633410673 0.9949768160741885 0.02494199535962877 0.010046367851622875
0 0.1458816705336427 0.9930448222565688 0.020301624129930394 0.013910355486862442
0 0.1632830626450116 0.9582689335394127 0.027262180974477957 0.0401854714064915
0 0.10933874709976799 0.9860896445131375 0.026102088167053363 0.027820710973724884
0 0.25754060324825984 0.9899536321483772 0.027842227378190254 0.02009273570324575
0 0.2877030162412993 0.9629057187017002 0.027262180974477957 0.03323029366306028
0 0.3561484918793503 0.9466769706336939 0.022041763341067284 0.03400309119010819
0 0.45910672853828305 0.9934312210200927 0.02262180974477958 0.01313755795981453
0 0.4144431554524362 0.8914219474497682 0.023781902552204175 0.03709428129829984
0 0.4060324825986079 0.8554868624420402 0.025522041763341066 0.03863987635239567
0 0.5 0.9412673879443586 0.02668213457076566 0.0347758887171561
0 0.5406032482598608 0.9149922720247295 0.02842227378190255 0.0285935085007728
0 0.5588747099767981 0.9323802163833076 0.02494199535962877 0.0347758887171561
0 0.5365429234338747 0.955564142194745 0.02842227378190255 0.03554868624420402
0 0.519431554524362 0.990726429675425 0.02262180974477958 0.01854714064914992
0 0.8193155452436195 0.8639876352395672 0.027842227378190254 0.030911901081916538
0 0.8126450116009281 0.8914219474497682 0.027842227378190254 0.03245749613601236
0 0.8306264501160093 0.7824574961360123 0.024361948955916472 0.03400309119010819
0 0.7993039443155452 0.7724111282843895 0.020301624129930394 0.02704791344667697
0 0.6424013921113689 0.6912673879443586 0.031322505800464036 0.03168469860896445
0 0.6102088167053364 0.732225656877898 0.025522041763341066 0.03323029366306028
0 0.5930974477958236 0.7102009273570324 0.025522041763341066 0.03400309119010819
0 0.5092807424593968 0.7816846986089645 0.03074245939675174 0.04404945904173107
0 0.49680974477958234 0.8307573415765069 0.029002320185614848 0.03632148377125193
0 0.4240139211136891 0.7708655332302936 0.026102088167053363 0.03168469860896445
0 0.40226218097447797 0.8040958268933539 0.02842227378190255 0.03786707882534776
0 0.3810904872389791 0.7836166924265843 0.03654292343387471 0.04095826893353941
0 0.339907192575406 0.7897990726429676 0.026102088167053363 0.03245749613601236
0 0.33410672853828305 0.8767387944358578 0.025522041763341066 0.03323029366306028
0 0.3158352668213457 0.865919629057187 0.025522041763341066 0.03323029366306028
0 0.042923433874709975 0.5622102009273571 0.029002320185614848 0.03941267387944358
0 0.13225058004640372 0.4860896445131376 0.037703016241299306 0.03632148377125193
0 0.11832946635730858 0.5150695517774343 0.03074245939675174 0.03554868624420402
0 0.23955916473317865 0.5065687789799073 0.024361948955916472 0.03323029366306028
0 0.26189095127610207 0.499613601236476 0.031902552204176336 0.03632148377125193
0 0.25638051044083526 0.5378670788253478 0.029002320185614848 0.03863987635239567
0 0.21374709976798145 0.4609737248840804 0.02842227378190255 0.03709428129829984
0 0.18561484918793503 0.49265842349304484 0.030162412993039442 0.03632148377125193
0 0.2404292343387471 0.7217928902627512 0.03248259860788863 0.04095826893353941
0 0.31844547563805103 0.6959041731066461 0.029002320185614848 0.03400309119010819
0 0.3082946635730858 0.5877125193199382 0.025522041763341066 0.03168469860896445
0 0.351508120649652 0.5792117465224111 0.025522041763341066 0.02704791344667697
0 0.3462877030162413 0.625193199381762 0.024361948955916472 0.03400309119010819
0 0.40342227378190254 0.6414219474497682 0.02494199535962877 0.030911901081916538
0 0.40052204176334105 0.6750386398763524 0.03306264501160093 0.03786707882534776
0 0.43039443155452434 0.6526275115919629 0.025522041763341066 0.03400309119010819
0 0.4280742459396752 0.5622102009273571 0.02668213457076566 0.03400309119010819
0 0.4611368909512761 0.6499227202472952 0.026102088167053363 0.03323029366306028
0 0.47998839907192575 0.6715610510046368 0.026102088167053363 0.0347758887171561
0 0.4904292343387471 0.5842349304482226 0.02320185614849188 0.02936630602782071
0 0.6490719257540604 0.45324574961360126 0.027262180974477957 0.03323029366306028
0 0.6705336426914154 0.40224111282843894 0.030162412993039442 0.03554868624420402
0 0.43793503480278423 0.39605873261205565 0.026102088167053363 0.030911901081916538
0 0.3831206496519722 0.3767387944358578 0.03596287703016241 0.04095826893353941
0 0.3561484918793503 0.4899536321483771 0.025522041763341066 0.03245749613601236
0 0.002900232018561485 0.2159969088098918 0.00580046403712297 0.03632148377125193
0 0.10788863109048724 0.04366306027820711 0.029582366589327145 0.03168469860896445
0 0.16183294663573086 0.10046367851622875 0.037122969837587005 0.03245749613601236
0 0.2842227378190255 0.02472952086553323 0.022041763341067284 0.02241112828438949
0 0.3622389791183295 0.05293663060278207 0.024361948955916472 0.030911901081916538
0 0.3486078886310905 0.15378670788253476 0.02320185614849188 0.02704791344667697
0 0.4359048723897912 0.01893353941267388 0.030162412993039442 0.03245749613601236
0 0.4593967517401392 0.11669242658423493 0.02668213457076566 0.03709428129829984
0 0.6696635730858469 0.25193199381761977 0.02494199535962877 0.03168469860896445
0 0.2708816705336427 0.37210200927357034 0.03248259860788863 0.04095826893353941
0 0.205046403712297 0.24884080370942813 0.026102088167053363 0.030139103554868624
0 0.22447795823665892 0.2847758887171561 0.031322505800464036 0.0347758887171561