0 0.4155107187894073 0.47685185185185186 0.013871374527112233 0.010942760942760943
0 0.4155107187894073 0.31102693602693604 0.018915510718789406 0.022727272727272728
0 0.42370744010088274 0.21548821548821548 0.014501891551071878 0.01936026936026936
0 0.4599621689785624 0.2255892255892256 0.008827238335435058 0.012626262626262626
0 0.44041614123581335 0.24663299663299662 0.0069356872635561164 0.009259259259259259
0 0.36128625472887765 0.2622053872053872 0.02080706179066835 0.021885521885521887
0 0.4208701134930643 0.2668350168350168 0.013871374527112233 0.016835016835016835
0 0.4687894073139975 0.26557239057239057 0.012610340479192938 0.017676767676767676
0 0.1585750315258512 0.33164983164983164 0.022068095838587643 0.021885521885521887
0 0.06841109709962169 0.27904040404040403 0.023329129886506934 0.031144781144781145
0 0.011349306431273645 0.2937710437710438 0.01828499369482976 0.022727272727272728
0 0.011664564943253467 0.2769360269360269 0.01828499369482976 0.021885521885521887
0 0.016078184110970995 0.3312289562289562 0.01828499369482976 0.02356902356902357
0 0.07534678436317781 0.13468013468013468 0.013871374527112233 0.01430976430976431
0 0.03972257250945776 0.16835016835016836 0.01828499369482976 0.027777777777777776
0 0.05580075662042875 0.20833333333333334 0.01828499369482976 0.026936026936026935
0 0.02269861286254729 0.07323232323232323 0.017654476670870115 0.02356902356902357
0 0.048549810844892814 0.05597643097643098 0.019546027742749054 0.022727272727272728
0 0.10277427490542244 0.04924242424242424 0.018915510718789406 0.02441077441077441
0 0.04476670870113493 0.0968013468013468 0.01008827238335435 0.010101010101010102
0 0.0037831021437578815 0.39351851851851855 0.007566204287515763 0.026094276094276093
0 0.13839848675914249 0.8156565656565656 0.012610340479192938 0.016835016835016835
0 0.0255359394703657 0.5980639730639731 0.013240857503152586 0.016835016835016835
0 0.016708701134930642 0.5454545454545454 0.010718789407313998 0.017676767676767676
0 0.03121059268600252 0.6952861952861953 0.01197982345523329 0.01936026936026936
0 0.41172761664564944 0.7946127946127947 0.013871374527112233 0.01936026936026936
0 0.30296343001261034 0.8998316498316499 0.017654476670870115 0.029461279461279462
0 0.4114123581336696 0.9225589225589226 0.015132408575031526 0.02356902356902357
0 0.38682219419924335 0.6317340067340067 0.014501891551071878 0.017676767676767676
0 0.510718789407314 0.79503367003367 0.01639344262295082 0.01936026936026936
0 0.41645649432534676 0.2218013468013468 0.029003783102143757 0.030303030303030304
0 0.4791929382093317 0.1675084175084175 0.017654476670870115 0.026094276094276093
0 0.4713114754098361 0.12415824915824916 0.01828499369482976 0.02441077441077441
0 0.25504413619167715 0.4659090909090909 0.01828499369482976 0.026094276094276093
0 0.3218789407313997 0.4452861952861953 0.019546027742749054 0.026936026936026935
0 0.2701765447667087 0.45075757575757575 0.0201765447667087 0.02356902356902357
0 0.3281841109709962 0.4692760942760943 0.0201765447667087 0.029461279461279462
0 0.30580075662042877 0.45075757575757575 0.021437578814627996 0.027777777777777776
0 0.22540983606557377 0.41835016835016836 0.022068095838587643 0.030303030303030304
0 0.13114754098360656 0.41035353535353536 0.019546027742749054 0.026936026936026935
0 0.1421815889029004 0.468013468013468 0.023329129886506934 0.03282828282828283
0 0.30233291298865067 0.36952861952861954 0.029003783102143757 0.031144781144781145
0 0.2878310214375788 0.30345117845117847 0.023329129886506934 0.029461279461279462
0 0.28688524590163933 0.3371212121212121 0.02711223203026482 0.037037037037037035
0 0.6043505674653216 0.7504208754208754 0.017023959646910468 0.021885521885521887
0 0.5296343001261034 0.6965488215488216 0.015762925598991173 0.017676767676767676
0 0.5425598991172762 0.7079124579124579 0.015762925598991173 0.021885521885521887
0 0.5217528373266078 0.781986531986532 0.014501891551071878 0.021043771043771045
0 0.5882723833543506 0.8598484848484849 0.017023959646910468 0.01936026936026936
0 0.524905422446406 0.8493265993265994 0.014501891551071878 0.021043771043771045
0 0.5290037831021438 0.8834175084175084 0.015132408575031526 0.017676767676767676
0 0.744640605296343 0.8034511784511784 0.013240857503152586 0.021885521885521887
0 0.730453972257251 0.7504208754208754 0.015762925598991173 0.021043771043771045
0 0.7471626733921816 0.7554713804713805 0.013871374527112233 0.020202020202020204
0 0.6907313997477932 0.7504208754208754 0.012610340479192938 0.01936026936026936
0 0.6437578814627994 0.7857744107744108 0.022068095838587643 0.02356902356902357
0 0.6456494325346784 0.5707070707070707 0.01639344262295082 0.020202020202020204
0 0.599936948297604 0.17676767676767677 0.01639344262295082 0.02441077441077441
0 0.8587641866330391 0.26936026936026936 0.015762925598991173 0.018518518518518517
0 0.8149432534678437 0.3135521885521885 0.017023959646910468 0.022727272727272728
0 0.8171500630517023 0.6418350168350169 0.018915510718789406 0.02441077441077441
0 0.7805800756620429 0.6098484848484849 0.01639344262295082 0.021885521885521887
0 0.7736443883984867 0.6683501683501684 0.0201765447667087 0.026094276094276093
0 0.8338587641866331 0.7706228956228957 0.015762925598991173 0.021885521885521887