0 0.828125 0.3352864583333333 0.01318359375 0.016927083333333332
0 0.8603515625 0.365234375 0.017578125 0.01953125
0 0.8681640625 0.388671875 0.015625 0.016927083333333332
0 0.87353515625 0.40625 0.02197265625 0.020833333333333332
0 0.841796875 0.40625 0.02294921875 0.024739583333333332
0 0.83447265625 0.376953125 0.0185546875 0.021484375
0 0.8857421875 0.435546875 0.01708984375 0.020182291666666668
0 0.83349609375 0.5006510416666666 0.0126953125 0.014973958333333334
0 0.7666015625 0.44921875 0.01513671875 0.016927083333333332
0 0.75732421875 0.484375 0.01025390625 0.014322916666666666
0 0.8564453125 0.5631510416666666 0.0166015625 0.020182291666666668
0 0.83740234375 0.6022135416666666 0.0185546875 0.026692708333333332
0 0.798828125 0.7701822916666666 0.0166015625 0.024739583333333332
0 0.86083984375 0.7734375 0.01220703125 0.016927083333333332
0 0.8701171875 0.779296875 0.01025390625 0.013671875
0 0.81689453125 0.80859375 0.0263671875 0.029947916666666668
0 0.82421875 0.9036458333333334 0.00732421875 0.008463541666666666
0 0.87158203125 0.8372395833333334 0.01318359375 0.018880208333333332
0 0.13671875 0.712890625 0.009765625 0.012369791666666666
0 0.07763671875 0.6666666666666666 0.009765625 0.015625
0 0.0751953125 0.7408854166666666 0.013671875 0.018229166666666668
0 0.115234375 0.92578125 0.01318359375 0.015625
0 0.154296875 0.9205729166666666 0.0107421875 0.014322916666666666
0 0.13916015625 0.919921875 0.0087890625 0.012369791666666666
0 0.2099609375 0.712890625 0.01318359375 0.014973958333333334
0 0.23046875 0.697265625 0.01123046875 0.016927083333333332
0 0.10546875 0.4108072916666667 0.009765625 0.012369791666666666
0 0.1044921875 0.2825520833333333 0.00927734375 0.014322916666666666
0 0.11279296875 0.26953125 0.009765625 0.013020833333333334
0 0.109375 0.17057291666666666 0.01318359375 0.013020833333333334
0 0.0849609375 0.14973958333333334 0.01806640625 0.0234375
0 0.47802734375 0.58203125 0.0205078125 0.01953125
0 0.4609375 0.6536458333333334 0.01611328125 0.018229166666666668
0 0.4990234375 0.58984375 0.01513671875 0.020833333333333332
0 0.3818359375 0.6842447916666666 0.01123046875 0.014322916666666666
0 0.28662109375 0.6920572916666666 0.0146484375 0.0234375
0 0.318359375 0.8658854166666666 0.00927734375 0.014973958333333334
0 0.33251953125 0.9095052083333334 0.01318359375 0.016276041666666668
0 0.34912109375 0.8763020833333334 0.0107421875 0.014322916666666666
0 0.35546875 0.884765625 0.02099609375 0.029947916666666668
0 0.36865234375 0.8665364583333334 0.0078125 0.010416666666666666
0 0.36962890625 0.8763020833333334 0.00830078125 0.011067708333333334
0 0.43017578125 0.8509114583333334 0.01611328125 0.020833333333333332
0 0.44677734375 0.8665364583333334 0.015625 0.020182291666666668
0 0.4658203125 0.8951822916666666 0.01708984375 0.021484375
0 0.490234375 0.8815104166666666 0.01806640625 0.022786458333333332
0 0.4853515625 0.91796875 0.01611328125 0.020182291666666668
0 0.52783203125 0.8717447916666666 0.01806640625 0.026692708333333332
0 0.51806640625 0.8977864583333334 0.01708984375 0.028645833333333332
0 0.5244140625 0.9264322916666666 0.01904296875 0.020182291666666668
0 0.5068359375 0.9296875 0.0146484375 0.018880208333333332
0 0.46875 0.7942708333333334 0.0126953125 0.016276041666666668
0 0.5546875 0.8509114583333334 0.02001953125 0.026041666666666668
0 0.568359375 0.8802083333333334 0.017578125 0.022135416666666668
0 0.646484375 0.84765625 0.015625 0.022135416666666668
0 0.63134765625 0.8541666666666666 0.0205078125 0.031901041666666664
0 0.56640625 0.921875 0.0205078125 0.024739583333333332
0 0.697265625 0.796875 0.01708984375 0.020833333333333332
0 0.67626953125 0.7109375 0.013671875 0.015625
0 0.62841796875 0.6197916666666666 0.02197265625 0.024739583333333332
0 0.67431640625 0.615234375 0.0205078125 0.029947916666666668
0 0.6826171875 0.45703125 0.01318359375 0.020182291666666668
0 0.673828125 0.447265625 0.013671875 0.01171875
0 0.84423828125 0.4772135416666667 0.01220703125 0.018880208333333332
0 0.84716796875 0.4954427083333333 0.015625 0.018880208333333332
0 0.8017578125 0.4453125 0.01904296875 0.02734375
0 0.70751953125 0.697265625 0.01220703125 0.016927083333333332
0 0.73779296875 0.7395833333333334 0.01025390625 0.014973958333333334
0 0.7744140625 0.8522135416666666 0.015625 0.024088541666666668
0 0.85498046875 0.9108072916666666 0.025390625 0.03515625
0 0.73876953125 0.9055989583333334 0.0146484375 0.017578125
0 0.73193359375 0.9225260416666666 0.0185546875 0.024739583333333332
0 0.7763671875 0.888671875 0.02294921875 0.029947916666666668
0 0.876953125 0.8098958333333334 0.01806640625 0.032552083333333336
0 0.7509765625 0.8098958333333334 0.0166015625 0.026041666666666668
0 0.71142578125 0.9264322916666666 0.01123046875 0.016276041666666668
0 0.8134765625 0.919921875 0.01025390625 0.014973958333333334
0 0.85205078125 0.74609375 0.021484375 0.026692708333333332
0 0.83154296875 0.5794270833333334 0.01953125 0.02734375
0 0.8115234375 0.6061197916666666 0.0185546875 0.026041666666666668
0 0.6826171875 0.748046875 0.01953125 0.026692708333333332
0 0.68505859375 0.7194010416666666 0.01123046875 0.013671875
0 0.6064453125 0.740234375 0.0205078125 0.024739583333333332
0 0.603515625 0.7884114583333334 0.02001953125 0.022135416666666668
0 0.5869140625 0.6315104166666666 0.02294921875 0.026692708333333332
0 0.83642578125 0.841796875 0.0166015625 0.021484375
0 0.77099609375 0.6803385416666666 0.01708984375 0.022135416666666668