0 0.9204660587639311 0.3898648648648649 0.013171225937183385 0.019594594594594596
0 0.9536474164133738 0.439527027027027 0.018743667679837893 0.022972972972972974
0 0.8280141843971631 0.4402027027027027 0.015197568389057751 0.01756756756756757
0 0.894630192502533 0.28885135135135137 0.012664640324214792 0.016216216216216217
0 0.19680851063829788 0.07466216216216216 0.02735562310030395 0.030405405405405407
0 0.22441742654508612 0.37804054054054054 0.028875379939209727 0.03310810810810811
0 0.1524822695035461 0.754054054054054 0.02330293819655522 0.024324324324324326
0 0.12563323201621074 0.7810810810810811 0.013171225937183385 0.016891891891891893
0 0.13855116514690982 0.7996621621621621 0.01165146909827761 0.015540540540540541
0 0.22416413373860183 0.8128378378378378 0.015704154002026342 0.01891891891891892
0 0.7849544072948328 0.8760135135135135 0.02988855116514691 0.04054054054054054
0 0.7922998986828774 0.8114864864864865 0.016717325227963525 0.021621621621621623
0 0.727710233029382 0.8361486486486487 0.024822695035460994 0.032432432432432434
0 0.7279635258358662 0.9057432432432433 0.025835866261398176 0.03310810810810811
0 0.7441742654508612 0.9131756756756757 0.024822695035460994 0.03783783783783784
0 0.8199088145896657 0.9324324324324325 0.022796352583586626 0.031081081081081083
0 0.7520263424518744 0.9496621621621621 0.02684903748733536 0.03986486486486487
0 0.686676798378926 0.9010135135135136 0.03090172239108409 0.03783783783783784
0 0.797112462006079 0.9712837837837838 0.02634245187436677 0.03581081081081081
0 0.8318135764944276 0.9554054054054054 0.02330293819655522 0.031081081081081083
0 0.7783687943262412 0.9635135135135136 0.025835866261398176 0.033783783783783786
0 0.6537487335359676 0.9043918918918918 0.03090172239108409 0.037162162162162164
0 0.7613981762917933 0.9804054054054054 0.03090172239108409 0.03581081081081081
0 0.7933130699088146 0.7631756756756757 0.017223910840932118 0.022972972972972974
0 0.7695035460992907 0.6817567567567567 0.02330293819655522 0.02702702702702703
0 0.766210739614995 0.7030405405405405 0.01773049645390071 0.0222972972972973
0 0.8173758865248227 0.49966216216216214 0.016717325227963525 0.020945945945945947
0 0.6912360688956434 0.4783783783783784 0.025835866261398176 0.029054054054054056
0 0.700354609929078 0.5027027027027027 0.016717325227963525 0.01756756756756757
0 0.7512664640324215 0.3435810810810811 0.013171225937183385 0.01891891891891892
0 0.44376899696048633 0.8182432432432433 0.013171225937183385 0.019594594594594596
0 0.4564336372847011 0.8462837837837838 0.014184397163120567 0.019594594594594596
0 0.4217325227963526 0.8834459459459459 0.015704154002026342 0.021621621621621623
0 0.33915906788247213 0.7793918918918918 0.014184397163120567 0.0222972972972973
0 0.2869807497467072 0.7341216216216216 0.014184397163120567 0.01756756756756757
0 0.3242147922998987 0.8341216216216216 0.013677811550151976 0.01756756756756757
0 0.3105369807497467 0.7956081081081081 0.02127659574468085 0.024324324324324326
0 0.24088145896656535 0.8256756756756757 0.014184397163120567 0.020945945945945947
0 0.31864235055724416 0.8189189189189189 0.015197568389057751 0.02027027027027027
0 0.3394123606889564 0.8976351351351352 0.016210739614994935 0.022972972972972974
0 0.25 0.8533783783783784 0.016210739614994935 0.02027027027027027
0 0.6988348530901722 0.735472972972973 0.025835866261398176 0.03175675675675676
0 0.6930091185410334 0.7584459459459459 0.028875379939209727 0.037162162162162164
0 0.12512664640324214 0.4523648648648649 0.03546099290780142 0.0445945945945946
0 0.1770516717325228 0.39864864864864863 0.022796352583586626 0.03445945945945946
0 0.2315096251266464 0.2945945945945946 0.02330293819655522 0.032432432432432434
0 0.20567375886524822 0.17060810810810811 0.02684903748733536 0.037162162162162164
0 0.14235055724417425 0.1766891891891892 0.027862208713272545 0.033783783783783786
0 0.4219858156028369 0.18412162162162163 0.03242147922998987 0.04256756756756757
0 0.6319655521783182 0.49155405405405406 0.03090172239108409 0.043243243243243246
0 0.6236068895643364 0.5277027027027027 0.033941236068895646 0.0445945945945946
0 0.6129685916919959 0.5483108108108108 0.034954407294832825 0.03986486486486487
0 0.6800911854103343 0.4179054054054054 0.037487335359675786 0.04594594594594595
0 0.5937183383991894 0.9006756756756756 0.0364741641337386 0.04391891891891892
0 0.6144883485309017 0.9429054054054054 0.034447821681864235 0.05405405405405406
0 0.6385511651469098 0.9638513513513514 0.036980749746707196 0.04932432432432433
0 0.8406788247213779 0.6314189189189189 0.0364741641337386 0.0445945945945946
0 0.8323201621073961 0.5597972972972973 0.027862208713272545 0.037162162162162164
0 0.8586626139817629 0.5743243243243243 0.02634245187436677 0.03581081081081081