0 0.8117906683480454 0.898989898989899 0.02269861286254729 0.03535353535353535
0 0.837641866330391 0.8417508417508418 0.02269861286254729 0.02441077441077441
0 0.8489911727616646 0.8922558922558923 0.01828499369482976 0.030303030303030304
0 0.8660151324085751 0.9053030303030303 0.02395964691046658 0.037037037037037035
0 0.8789407313997478 0.9065656565656566 0.017023959646910468 0.026094276094276093
0 0.8918663303909206 0.9124579124579124 0.01828499369482976 0.027777777777777776
0 0.8597099621689785 0.9604377104377104 0.01828499369482976 0.021885521885521887
0 0.8278688524590164 0.7319023569023569 0.02080706179066835 0.02441077441077441
0 0.8527742749054225 0.6881313131313131 0.01828499369482976 0.025252525252525252
0 0.8729508196721312 0.6830808080808081 0.023329129886506934 0.031144781144781145
0 0.5226986128625473 0.8278619528619529 0.017654476670870115 0.021885521885521887
0 0.507250945775536 0.8135521885521886 0.02269861286254729 0.029461279461279462
0 0.5012610340479193 0.8459595959595959 0.02080706179066835 0.02441077441077441
0 0.462484237074401 0.7457912457912458 0.017654476670870115 0.021043771043771045
0 0.4757250945775536 0.803030303030303 0.019546027742749054 0.027777777777777776
0 0.4662673392181589 0.8602693602693603 0.018915510718789406 0.017676767676767676
0 0.5337326607818411 0.9111952861952862 0.022068095838587643 0.02861952861952862
0 0.4489281210592686 0.9722222222222222 0.021437578814627996 0.031144781144781145
0 0.5460277427490542 0.8720538720538721 0.014501891551071878 0.01936026936026936
0 0.6201134930643127 0.5113636363636364 0.023329129886506934 0.03282828282828283
0 0.5264817150063051 0.6161616161616161 0.0201765447667087 0.026094276094276093
0 0.4880201765447667 0.6069023569023569 0.023329129886506934 0.030303030303030304
0 0.5353089533417402 0.5016835016835017 0.02837326607818411 0.029461279461279462
0 0.8984867591424969 0.19234006734006734 0.014501891551071878 0.020202020202020204
0 0.9243379571248423 0.20664983164983164 0.01639344262295082 0.02861952861952862
0 0.9284363177805801 0.16456228956228955 0.01197982345523329 0.015993265993265993
0 0.9605926860025221 0.1734006734006734 0.015762925598991173 0.017676767676767676
0 0.9404161412358134 0.2887205387205387 0.015762925598991173 0.02356902356902357
0 0.9583858764186634 0.30597643097643096 0.013240857503152586 0.018518518518518517
0 0.9700504413619168 0.3122895622895623 0.011349306431273645 0.016835016835016835
0 0.9627994955863808 0.2836700336700337 0.01639344262295082 0.022727272727272728
0 0.862547288776797 0.3354377104377104 0.022068095838587643 0.029461279461279462
0 0.894703656998739 0.38552188552188554 0.025220680958385876 0.029461279461279462
0 0.8458385876418664 0.4187710437710438 0.019546027742749054 0.02356902356902357
0 0.7645018915510718 0.5004208754208754 0.022068095838587643 0.02441077441077441
0 0.7411727616645649 0.5593434343434344 0.017023959646910468 0.022727272727272728
0 0.792875157629256 0.5416666666666666 0.01828499369482976 0.02356902356902357
0 0.7906683480453972 0.7975589225589226 0.02837326607818411 0.03282828282828283
0 0.8795712484237075 0.7824074074074074 0.018915510718789406 0.031144781144781145
0 0.889344262295082 0.7676767676767676 0.018915510718789406 0.022727272727272728
0 0.6932534678436317 0.9722222222222222 0.012610340479192938 0.017676767676767676
0 0.6305170239596469 0.9932659932659933 0.015132408575031526 0.013468013468013467
0 0.7474779319041615 0.6944444444444444 0.013871374527112233 0.018518518518518517
0 0.6809583858764187 0.6851851851851852 0.018915510718789406 0.022727272727272728
0 0.6733921815889029 0.7028619528619529 0.01828499369482976 0.01936026936026936
0 0.6519546027742749 0.7331649831649831 0.014501891551071878 0.02441077441077441
0 0.6194829760403531 0.7125420875420876 0.015762925598991173 0.022727272727272728
0 0.6658259773013872 0.7323232323232324 0.015762925598991173 0.02356902356902357
0 0.7206809583858764 0.4048821548821549 0.018915510718789406 0.030303030303030304
0 0.33575031525851196 0.004629629629629629 0.015762925598991173 0.009259259259259259
0 0.5245901639344263 0.3661616161616162 0.02395964691046658 0.029461279461279462
0 0.5015762925598991 0.390993265993266 0.02080706179066835 0.025252525252525252
0 0.43316519546027743 0.5942760942760943 0.021437578814627996 0.03198653198653199
0 0.4520807061790668 0.5643939393939394 0.022068095838587643 0.026936026936026935
0 0.3319672131147541 0.7058080808080808 0.01639344262295082 0.02356902356902357
0 0.47635561160151324 0.7133838383838383 0.015762925598991173 0.021043771043771045
0 0.2947667087011349 0.8232323232323232 0.014501891551071878 0.017676767676767676
0 0.26166456494325346 0.8160774410774411 0.02269861286254729 0.025252525252525252
0 0.2635561160151324 0.9006734006734006 0.0201765447667087 0.022727272727272728
0 0.3924968474148802 0.8543771043771043 0.013871374527112233 0.017676767676767676
0 0.4145649432534678 0.8295454545454546 0.01828499369482976 0.025252525252525252
0 0.4170870113493064 0.7887205387205387 0.019546027742749054 0.02441077441077441
0 0.42276166456494324 0.9175084175084175 0.015762925598991173 0.02441077441077441
0 0.3505674653215637 0.9271885521885522 0.0201765447667087 0.021885521885521887
0 0.3666456494325347 0.8644781144781145 0.013871374527112233 0.017676767676767676
0 0.5122950819672131 0.9010942760942761 0.017023959646910468 0.026936026936026935
0 0.5264817150063051 0.944023569023569 0.0201765447667087 0.026936026936026935
0 0.18505674653215637 0.9570707070707071 0.01828499369482976 0.017676767676767676
0 0.13619167717528374 0.8640572390572391 0.0201765447667087 0.02356902356902357
0 0.12957124842370743 0.7550505050505051 0.011349306431273645 0.015151515151515152
0 0.07566204287515763 0.7748316498316499 0.013240857503152586 0.016835016835016835
0 0.08701134930643127 0.8514309764309764 0.012610340479192938 0.016835016835016835
0 0.01355611601513241 0.8131313131313131 0.008827238335435058 0.015151515151515152
0 0.005989911727616645 0.867003367003367 0.01197982345523329 0.020202020202020204
0 0.005359394703656999 0.8834175084175084 0.010718789407313998 0.01936026936026936
0 0.04634300126103405 0.7192760942760943 0.01828499369482976 0.02356902356902357
0 0.019230769230769232 0.7201178451178452 0.011349306431273645 0.016835016835016835
0 0.017969735182849937 0.6877104377104377 0.017654476670870115 0.016835016835016835
0 0.0031525851197982345 0.7108585858585859 0.006305170239596469 0.022727272727272728
0 0.004413619167717529 0.7756734006734006 0.008827238335435058 0.01936026936026936
0 0.13366960907944514 0.8181818181818182 0.013240857503152586 0.016835016835016835
0 0.1437578814627995 0.8388047138047138 0.017023959646910468 0.017676767676767676
0 0.0457124842370744 0.9141414141414141 0.011349306431273645 0.016835016835016835
0 0.10308953341740228 0.6283670033670034 0.013240857503152586 0.020202020202020204
0 0.0037831021437578815 0.6056397306397306 0.007566204287515763 0.015993265993265993
0 0.049495586380832284 0.5951178451178452 0.014501891551071878 0.020202020202020204
0 0.011034047919293822 0.622895622895623 0.02080706179066835 0.02356902356902357
0 0.012295081967213115 0.5622895622895623 0.012610340479192938 0.016835016835016835
0 0.2244640605296343 0.7239057239057239 0.017023959646910468 0.02441077441077441
0 0.23581336696090793 0.5441919191919192 0.013871374527112233 0.022727272727272728
0 0.006305170239596469 0.4701178451178451 0.010718789407313998 0.01430976430976431
0 0.028688524590163935 0.41792929292929293 0.014501891551071878 0.018518518518518517
0 0.056116015132408575 0.3771043771043771 0.015132408575031526 0.018518518518518517
0 0.12799495586380832 0.20664983164983164 0.014501891551071878 0.020202020202020204
0 0.07219419924337957 0.27525252525252525 0.015762925598991173 0.01936026936026936
0 0.056116015132408575 0.07702020202020202 0.025851197982345524 0.02861952861952862
0 0.03530895334174023 0.11447811447811448 0.019546027742749054 0.025252525252525252
0 0.06084489281210593 0.10984848484848485 0.0201765447667087 0.027777777777777776
0 0.025220680958385876 0.1468855218855219 0.009457755359394703 0.02356902356902357
0 0.058638083228247165 0.15361952861952863 0.018915510718789406 0.026936026936026935
0 0.07534678436317781 0.0021043771043771043 0.01828499369482976 0.004208754208754209
0 0.873266078184111 0.24368686868686867 0.022068095838587643 0.027777777777777776
0 0.9240226986128626 0.694023569023569 0.02459016393442623 0.03198653198653199
0 0.8092686002522068 0.843013468013468 0.025220680958385876 0.03535353535353535
0 0.867906683480454 0.9393939393939394 0.0201765447667087 0.027777777777777776
0 0.8909205548549811 0.9772727272727273 0.0201765447667087 0.025252525252525252
0 0.8168348045397226 0.9595959595959596 0.01828499369482976 0.02441077441077441
0 0.8527742749054225 0.9772727272727273 0.023329129886506934 0.031144781144781145
0 0.29823455233291296 0.3413299663299663 0.02080706179066835 0.027777777777777776