0 0.439453125 0.255859375 0.009765625 0.009765625
0 0.43212890625 0.2526041666666667 0.00927734375 0.009114583333333334
0 0.3955078125 0.294921875 0.01806640625 0.018229166666666668
0 0.39599609375 0.3541666666666667 0.01806640625 0.017578125
0 0.54150390625 0.20703125 0.01318359375 0.012369791666666666
0 0.5068359375 0.2819010416666667 0.01904296875 0.018880208333333332
0 0.49462890625 0.19010416666666666 0.0107421875 0.009765625
0 0.484375 0.197265625 0.01171875 0.011067708333333334
0 0.46484375 0.203125 0.013671875 0.013020833333333334
0 0.50390625 0.1640625 0.0146484375 0.014322916666666666
0 0.5361328125 0.140625 0.0107421875 0.011067708333333334
0 0.53662109375 0.15885416666666666 0.01318359375 0.013020833333333334
0 0.54736328125 0.17578125 0.01123046875 0.010416666666666666
0 0.54296875 0.18033854166666666 0.01611328125 0.016276041666666668
0 0.57080078125 0.5865885416666666 0.0166015625 0.016276041666666668
0 0.54833984375 0.5631510416666666 0.015625 0.014973958333333334
0 0.533203125 0.57421875 0.01171875 0.01171875
0 0.5380859375 0.5553385416666666 0.0126953125 0.012369791666666666
0 0.4140625 0.8196614583333334 0.01318359375 0.013020833333333334
0 0.46142578125 0.7962239583333334 0.0107421875 0.010416666666666666
0 0.44384765625 0.7701822916666666 0.01220703125 0.01171875
0 0.49609375 0.849609375 0.0166015625 0.016276041666666668
0 0.19384765625 0.5826822916666666 0.0107421875 0.009765625
0 0.22314453125 0.4934895833333333 0.01123046875 0.011067708333333334
0 0.1396484375 0.5462239583333334 0.0107421875 0.009765625
0 0.13330078125 0.6145833333333334 0.0107421875 0.010416666666666666
0 0.1142578125 0.6048177083333334 0.0107421875 0.009765625
0 0.17333984375 0.6419270833333334 0.0146484375 0.014322916666666666
0 0.2236328125 0.6751302083333334 0.0107421875 0.010416666666666666
0 0.39599609375 0.4498697916666667 0.01025390625 0.009765625
0 0.4453125 0.4212239583333333 0.00927734375 0.009114583333333334
0 0.31396484375 0.41015625 0.01220703125 0.012369791666666666
0 0.341796875 0.3756510416666667 0.01416015625 0.014322916666666666
0 0.36181640625 0.3860677083333333 0.01513671875 0.014973958333333334
0 0.3046875 0.3776041666666667 0.01123046875 0.011067708333333334
0 0.3115234375 0.35546875 0.01123046875 0.010416666666666666
0 0.3515625 0.3522135416666667 0.009765625 0.009765625
0 0.3505859375 0.3645833333333333 0.02099609375 0.01953125
0 0.3720703125 0.3274739583333333 0.015625 0.015625
0 0.37158203125 0.3756510416666667 0.01123046875 0.010416666666666666
0 0.4013671875 0.3880208333333333 0.009765625 0.009765625
0 0.4140625 0.3684895833333333 0.01513671875 0.014973958333333334
0 0.50341796875 0.4290364583333333 0.00927734375 0.009114583333333334
0 0.5029296875 0.4225260416666667 0.00927734375 0.009114583333333334
0 0.50390625 0.4251302083333333 0.02001953125 0.01953125
0 0.595703125 0.5065104166666666 0.01025390625 0.009765625
0 0.56787109375 0.5520833333333334 0.01220703125 0.01171875
0 0.6474609375 0.48046875 0.0126953125 0.012369791666666666
0 0.65283203125 0.4309895833333333 0.01318359375 0.013020833333333334
0 0.58251953125 0.4049479166666667 0.01123046875 0.011067708333333334
0 0.623046875 0.3763020833333333 0.01025390625 0.010416666666666666
0 0.5625 0.357421875 0.0107421875 0.009765625
0 0.56591796875 0.3678385416666667 0.01123046875 0.010416666666666666
0 0.5 0.3470052083333333 0.01611328125 0.016276041666666668
0 0.5126953125 0.3268229166666667 0.0107421875 0.010416666666666666
0 0.48583984375 0.353515625 0.01513671875 0.014973958333333334
0 0.49462890625 0.298828125 0.01806640625 0.016927083333333332
0 0.44677734375 0.24153645833333334 0.00927734375 0.009765625
0 0.43359375 0.3046875 0.0087890625 0.009114583333333334
0 0.34228515625 0.267578125 0.017578125 0.016927083333333332
0 0.3515625 0.2630208333333333 0.01611328125 0.015625
0 0.3525390625 0.25390625 0.0166015625 0.016276041666666668
0 0.41650390625 0.203125 0.01123046875 0.010416666666666666
0 0.41845703125 0.212890625 0.01171875 0.01171875
0 0.45166015625 0.150390625 0.01123046875 0.010416666666666666
0 0.4619140625 0.14908854166666666 0.00830078125 0.0078125
0 0.47314453125 0.17838541666666666 0.0078125 0.0078125
0 0.4775390625 0.17643229166666666 0.0078125 0.007161458333333333
0 0.48583984375 0.1796875 0.0078125 0.0078125
0 0.4853515625 0.17447916666666666 0.00634765625 0.005859375
0 0.43896484375 0.15559895833333334 0.009765625 0.009114583333333334
0 0.4345703125 0.162109375 0.00830078125 0.0078125
0 0.42822265625 0.16471354166666666 0.01025390625 0.009765625
0 0.51904296875 0.2513020833333333 0.021484375 0.021484375
0 0.5546875 0.2955729166666667 0.0185546875 0.018229166666666668
0 0.57568359375 0.2532552083333333 0.00927734375 0.009114583333333334
0 0.5751953125 0.24609375 0.00732421875 0.007161458333333333
0 0.60546875 0.3131510416666667 0.009765625 0.009765625
0 0.5927734375 0.3196614583333333 0.01025390625 0.009765625
0 0.654296875 0.3567708333333333 0.00830078125 0.008463541666666666
0 0.68017578125 0.3177083333333333 0.01025390625 0.010416666666666666
0 0.705078125 0.423828125 0.01123046875 0.011067708333333334
0 0.8759765625 0.3795572916666667 0.00732421875 0.007161458333333333
0 0.87060546875 0.3756510416666667 0.00927734375 0.009765625
0 0.8681640625 0.3697916666666667 0.009765625 0.009765625
0 0.8759765625 0.3645833333333333 0.00927734375 0.009114583333333334
0 0.8671875 0.3639322916666667 0.00732421875 0.007161458333333333
0 0.85498046875 0.3561197916666667 0.0087890625 0.008463541666666666
0 0.857421875 0.349609375 0.01025390625 0.009765625
0 0.794921875 0.36328125 0.01123046875 0.011067708333333334
0 0.80078125 0.3391927083333333 0.01025390625 0.009765625
0 0.6865234375 0.287109375 0.01123046875 0.011067708333333334
0 0.69384765625 0.2727864583333333 0.00830078125 0.008463541666666666
0 0.68994140625 0.24479166666666666 0.00927734375 0.009765625
0 0.71240234375 0.279296875 0.01318359375 0.013020833333333334
0 0.6708984375 0.22526041666666666 0.01123046875 0.011067708333333334
0 0.62841796875 0.228515625 0.00927734375 0.009114583333333334
0 0.625 0.2545572916666667 0.01025390625 0.009765625
0 0.58349609375 0.15950520833333334 0.013671875 0.013020833333333334
0 0.57177734375 0.15625 0.0087890625 0.008463541666666666
0 0.56103515625 0.14453125 0.00732421875 0.007161458333333333
0 0.55615234375 0.15364583333333334 0.00830078125 0.008463541666666666
0 0.556640625 0.14908854166666666 0.0087890625 0.008463541666666666
0 0.52197265625 0.1171875 0.029296875 0.028645833333333332
0 0.50537109375 0.10611979166666667 0.02734375 0.026692708333333332
0 0.49462890625 0.107421875 0.0244140625 0.024088541666666668
0 0.4951171875 0.142578125 0.0107421875 0.010416666666666666
0 0.48974609375 0.13151041666666666 0.01171875 0.011067708333333334
0 0.47021484375 0.13151041666666666 0.00732421875 0.007161458333333333
0 0.51953125 0.150390625 0.01025390625 0.009765625
0 0.51171875 0.140625 0.01123046875 0.010416666666666666
0 0.51806640625 0.13932291666666666 0.009765625 0.009765625
0 0.517578125 0.13151041666666666 0.01025390625 0.009765625
0 0.46875 0.6328125 0.01513671875 0.013671875
0 0.48095703125 0.6380208333333334 0.01318359375 0.012369791666666666
0 0.32958984375 0.2994791666666667 0.01953125 0.018880208333333332
0 0.34130859375 0.3411458333333333 0.01416015625 0.013671875
0 0.3359375 0.3470052083333333 0.0166015625 0.015625
0 0.294921875 0.3424479166666667 0.01513671875 0.014322916666666666
0 0.384765625 0.3522135416666667 0.01953125 0.01953125
0 0.37451171875 0.34765625 0.0205078125 0.020182291666666668
0 0.45458984375 0.376953125 0.0205078125 0.020182291666666668
0 0.55078125 0.26953125 0.01904296875 0.018229166666666668
0 0.56640625 0.2727864583333333 0.021484375 0.020833333333333332