0 0.3642578125 0.8854166666666666 0.0185546875 0.016927083333333332
0 0.224609375 0.8932291666666666 0.00927734375 0.013671875
0 0.41259765625 0.875 0.0087890625 0.013020833333333334
0 0.1357421875 0.7454427083333334 0.0185546875 0.021484375
0 0.13623046875 0.7259114583333334 0.00732421875 0.012369791666666666
0 0.15087890625 0.7884114583333334 0.01416015625 0.014322916666666666
0 0.16748046875 0.7994791666666666 0.01513671875 0.016276041666666668
0 0.19384765625 0.7233072916666666 0.01171875 0.012369791666666666
0 0.1923828125 0.791015625 0.0087890625 0.013020833333333334
0 0.4765625 0.8828125 0.009765625 0.013671875
0 0.48291015625 0.8919270833333334 0.0087890625 0.011067708333333334
0 0.4951171875 0.8951822916666666 0.00537109375 0.0078125
0 0.53955078125 0.8795572916666666 0.01123046875 0.013020833333333334
0 0.3935546875 0.8001302083333334 0.01171875 0.015625
0 0.40234375 0.5475260416666666 0.013671875 0.021484375
0 0.13232421875 0.8860677083333334 0.0126953125 0.016927083333333332
0 0.13720703125 0.8509114583333334 0.0185546875 0.026041666666666668