0 0.34450604838709675 0.8010752688172043 0.021673387096774195 0.021505376344086023
0 0.36517137096774194 0.740255376344086 0.025705645161290324 0.02620967741935484
0 0.42893145161290325 0.8098118279569892 0.023689516129032258 0.024193548387096774
0 0.38256048387096775 0.8282930107526881 0.020161290322580645 0.020161290322580645
0 0.5408266129032258 0.7147177419354839 0.021673387096774195 0.021505376344086023
0 0.592741935483871 0.1898521505376344 0.020161290322580645 0.020161290322580645
0 0.6194556451612904 0.17103494623655913 0.02066532258064516 0.020161290322580645
0 0.6091229838709677 0.1592741935483871 0.022681451612903226 0.023521505376344086
0 0.43674395161290325 0.6461693548387096 0.014112903225806451 0.014112903225806451
0 0.4067540322580645 0.8074596774193549 0.01965725806451613 0.019489247311827957
0 0.37651209677419356 0.8138440860215054 0.010584677419354838 0.010752688172043012
0 0.4007056451612903 0.7943548387096774 0.021169354838709676 0.020833333333333332
0 0.3737399193548387 0.8051075268817204 0.009576612903225807 0.009408602150537635
0 0.3666834677419355 0.8397177419354839 0.010584677419354838 0.010752688172043012
0 0.3616431451612903 0.8252688172043011 0.012096774193548387 0.012096774193548387
0 0.41431451612903225 0.8521505376344086 0.023185483870967742 0.024193548387096774
0 0.38256048387096775 0.8296370967741935 0.009576612903225807 0.010080645161290322
0 0.38533266129032256 0.8219086021505376 0.012600806451612902 0.012096774193548387
0 0.5748487903225806 0.7231182795698925 0.021169354838709676 0.020833333333333332
0 0.5625 0.7103494623655914 0.01965725806451613 0.01881720430107527
0 0.7074092741935484 0.4055779569892473 0.011592741935483871 0.0114247311827957
0 0.7676411290322581 0.37533602150537637 0.010080645161290322 0.010752688172043012
0 0.7663810483870968 0.3834005376344086 0.012096774193548387 0.012096774193548387
0 0.3152721774193548 0.7688172043010753 0.01965725806451613 0.019489247311827957
0 0.48286290322580644 0.7698252688172043 0.01965725806451613 0.019489247311827957
0 0.532258064516129 0.09173387096774194 0.025705645161290324 0.02620967741935484
0 0.5189012096774194 0.4324596774193548 0.029737903225806453 0.02956989247311828
0 0.30569556451612906 0.6710349462365591 0.02469758064516129 0.02486559139784946
0 0.4080141129032258 0.6233198924731183 0.029233870967741934 0.02956989247311828
0 0.45388104838709675 0.7436155913978495 0.020161290322580645 0.020161290322580645