0 0.46401098901098903 0.02749266862170088 0.02857142857142857 0.0373900293255132
0 0.5043956043956044 0.01906158357771261 0.03241758241758242 0.036656891495601175
0 0.37252747252747254 0.020894428152492667 0.03406593406593406 0.041788856304985335
0 0.4126373626373626 0.01722873900293255 0.041758241758241756 0.0344574780058651
0 0.957967032967033 0.28519061583577715 0.026923076923076925 0.03152492668621701
0 0.9903846153846154 0.2972873900293255 0.019230769230769232 0.028592375366568914
0 0.9304945054945055 0.24450146627565983 0.02142857142857143 0.024926686217008796
0 0.9541208791208792 0.22910557184750732 0.024175824175824177 0.03152492668621701
0 0.9085164835164835 0.2532991202346041 0.026923076923076925 0.03152492668621701
0 0.8903846153846153 0.32661290322580644 0.023626373626373626 0.02932551319648094
0 0.8631868131868132 0.2122434017595308 0.024175824175824177 0.03152492668621701
0 0.8843406593406593 0.2151759530791789 0.023626373626373626 0.02932551319648094
0 0.7953296703296703 0.966642228739003 0.022527472527472527 0.02785923753665689
0 0.926923076923077 0.15762463343108504 0.025824175824175823 0.03372434017595308
0 0.15879120879120878 0.7221407624633431 0.03241758241758242 0.04032258064516129
0 0.12445054945054945 0.4633431085043988 0.018131868131868133 0.02346041055718475
0 0.1532967032967033 0.3947947214076246 0.02142857142857143 0.024926686217008796
0 0.24478021978021977 0.7848240469208211 0.02912087912087912 0.036656891495601175
0 0.26153846153846155 0.8607038123167156 0.022527472527472527 0.028592375366568914
0 0.26593406593406593 0.8357771260997068 0.023076923076923078 0.028592375366568914
0 0.1620879120879121 0.6726539589442815 0.03626373626373627 0.04398826979472141
0 0.20302197802197802 0.7697947214076246 0.04120879120879121 0.054252199413489736
0 0.7228021978021978 0.5197947214076246 0.02197802197802198 0.028592375366568914
0 0.5164835164835165 0.23277126099706744 0.03406593406593406 0.04472140762463343
0 0.5576923076923077 0.2873900293255132 0.035164835164835165 0.045454545454545456
0 0.48653846153846153 0.2093108504398827 0.04065934065934066 0.04912023460410557
0 0.2543956043956044 0.03225806451612903 0.035164835164835165 0.04912023460410557
0 0.31236263736263736 0.019794721407624633 0.033516483516483515 0.039589442815249266
0 0.28434065934065933 0.12646627565982405 0.03021978021978022 0.04325513196480939
0 0.1519230769230769 0.16165689149560117 0.03296703296703297 0.04252199413489736
0 0.16483516483516483 0.20124633431085043 0.04395604395604396 0.056451612903225805
0 0.2076923076923077 0.1781524926686217 0.03406593406593406 0.04472140762463343
0 0.24587912087912087 0.19904692082111436 0.035164835164835165 0.04472140762463343
0 0.21978021978021978 0.3460410557184751 0.03131868131868132 0.04325513196480939
0 0.23736263736263735 0.3588709677419355 0.03461538461538462 0.04618768328445748
0 0.7703296703296704 0.7760263929618768 0.03131868131868132 0.047653958944281524
0 0.7598901098901099 0.842008797653959 0.035164835164835165 0.04398826979472141
0 0.7214285714285714 0.7947214076246334 0.028021978021978023 0.0373900293255132
0 0.6991758241758241 0.7441348973607038 0.03241758241758242 0.04032258064516129
0 0.6793956043956044 0.7697947214076246 0.02967032967032967 0.04105571847507331
0 0.6615384615384615 0.6972140762463344 0.02912087912087912 0.041788856304985335
0 0.6211538461538462 0.7155425219941349 0.035164835164835165 0.04325513196480939
0 0.8219780219780219 0.8555718475073314 0.03296703296703297 0.041788856304985335
0 0.7546703296703297 0.8922287390029325 0.046703296703296704 0.05571847507331378
0 0.7497252747252747 0.9266862170087976 0.033516483516483515 0.04325513196480939
0 0.7052197802197803 0.9530791788856305 0.036813186813186814 0.04985337243401759
0 0.6346153846153846 0.9574780058651027 0.03791208791208791 0.050586510263929615
0 0.743956043956044 0.9633431085043989 0.025274725274725275 0.032991202346041054
0 0.7217032967032967 0.8713343108504399 0.033516483516483515 0.04398826979472141
0 0.896978021978022 0.8134164222873901 0.03296703296703297 0.04398826979472141
0 0.8527472527472527 0.8665689149560117 0.02967032967032967 0.03812316715542522
0 0.9282967032967033 0.7943548387096774 0.03021978021978022 0.0373900293255132
0 0.9252747252747253 0.8280791788856305 0.03736263736263736 0.04472140762463343
0 0.8736263736263736 0.34494134897360706 0.02967032967032967 0.03592375366568915
0 0.12307692307692308 0.31158357771260997 0.026923076923076925 0.03225806451612903
0 0.09478021978021978 0.3911290322580645 0.028021978021978023 0.0373900293255132
0 0.11950549450549451 0.5212609970674487 0.028021978021978023 0.03592375366568915