0 0.3093311758360302 0.5255395683453238 0.012405609492988134 0.015827338129496403
0 0.22761596548004315 0.5553956834532374 0.010787486515641856 0.01079136690647482
0 0.7899137001078749 0.08309352517985612 0.02696871628910464 0.030215827338129497
0 0.8457389428263214 0.05971223021582734 0.023732470334412083 0.03093525179856115
0 0.8295577130528586 0.046762589928057555 0.019956850053937433 0.025179856115107913
0 0.8967098166127292 0.8215827338129497 0.014023732470334413 0.01870503597122302
0 0.8581445523193096 0.7859712230215827 0.01348435814455232 0.014388489208633094
0 0.9463322545846817 0.8320143884892086 0.01779935275080906 0.025179856115107913
0 0.9406688241639698 0.7906474820143885 0.021035598705501618 0.026618705035971222
0 0.9336569579288025 0.8733812949640288 0.020496224379719527 0.025179856115107913
0 0.9487594390507011 0.887410071942446 0.018338727076591153 0.02158273381294964
0 0.8910463861920173 0.887410071942446 0.018878101402373247 0.025179856115107913
0 0.9088457389428263 0.8352517985611511 0.011326860841423949 0.015107913669064749
0 0.9037216828478964 0.8107913669064748 0.01348435814455232 0.014388489208633094
0 0.9743797195253506 0.7902877697841727 0.018338727076591153 0.025899280575539568
0 0.95361380798274 0.8129496402877698 0.018338727076591153 0.025179856115107913
0 0.9557713052858684 0.7478417266187051 0.018878101402373247 0.025179856115107913
0 0.9403991370010788 0.7676258992805756 0.020496224379719527 0.02302158273381295
0 0.9679072276159655 0.7014388489208633 0.030744336569579287 0.03597122302158273
0 0.15372168284789645 0.9942446043165467 0.012944983818770227 0.011510791366906475
0 0.17475728155339806 0.9647482014388489 0.011866235167206042 0.015107913669064749
0 0.11623516720604099 0.9575539568345324 0.009708737864077669 0.017266187050359712
0 0.24514563106796117 0.8776978417266187 0.018878101402373247 0.022302158273381296
0 0.5250809061488673 0.8920863309352518 0.016181229773462782 0.02158273381294964
0 0.5469255663430421 0.9359712230215828 0.011326860841423949 0.017266187050359712
0 0.5304746494066882 0.9503597122302159 0.012405609492988134 0.017266187050359712
0 0.5914239482200647 0.8651079136690647 0.010787486515641856 0.01223021582733813
0 0.5970873786407767 0.9197841726618705 0.012944983818770227 0.017266187050359712
0 0.5949298813376483 0.8474820143884892 0.015102481121898598 0.017985611510791366
0 0.6014023732470335 0.8320143884892086 0.010787486515641856 0.013669064748201438
0 0.5887270765911543 0.8356115107913669 0.009169363538295576 0.015107913669064749
0 0.6550701186623517 0.8974820143884892 0.016181229773462782 0.01870503597122302
0 0.6267529665587918 0.9003597122302158 0.01348435814455232 0.016546762589928057
0 0.587108953613808 0.8971223021582734 0.011326860841423949 0.015827338129496403
0 0.709277238403452 0.8471223021582733 0.010787486515641856 0.013669064748201438
0 0.7133225458468176 0.8136690647482014 0.01348435814455232 0.016546762589928057
0 0.7154800431499461 0.8280575539568346 0.01348435814455232 0.01870503597122302
0 0.7295037756202805 0.8377697841726619 0.012944983818770227 0.014388489208633094
0 0.720873786407767 0.8492805755395684 0.014023732470334413 0.01870503597122302
0 0.7184466019417476 0.8316546762589928 0.04908306364617044 0.06690647482014389
0 0.7785868392664509 0.8183453237410072 0.011866235167206042 0.015827338129496403
0 0.7618662351672061 0.8453237410071942 0.008629989212513484 0.013669064748201438
0 0.7780474649406688 0.8532374100719424 0.009708737864077669 0.01223021582733813
0 0.7939590075512406 0.8539568345323741 0.015102481121898598 0.017266187050359712
0 0.7537756202804746 0.839568345323741 0.010787486515641856 0.015107913669064749
0 0.7769687162891047 0.739568345323741 0.011326860841423949 0.014388489208633094
0 0.7847896440129449 0.7269784172661871 0.009708737864077669 0.013669064748201438
0 0.7990830636461704 0.7956834532374101 0.011326860841423949 0.015827338129496403
0 0.8168824163969794 0.7877697841726619 0.014023732470334413 0.017266187050359712
0 0.8090614886731392 0.7151079136690648 0.012405609492988134 0.017266187050359712
0 0.7605177993527508 0.7852517985611511 0.008629989212513484 0.015107913669064749
0 0.7548543689320388 0.6431654676258993 0.01348435814455232 0.015827338129496403
0 0.8592233009708737 0.7363309352517986 0.010787486515641856 0.015107913669064749
0 0.8816073354908306 0.7298561151079137 0.016181229773462782 0.016546762589928057
0 0.8934735706580367 0.8539568345323741 0.009708737864077669 0.012949640287769784
0 0.912891046386192 0.8571942446043166 0.019417475728155338 0.022302158273381296
0 0.9166666666666666 0.8816546762589929 0.018338727076591153 0.02158273381294964
0 0.9298813376483279 0.8428057553956835 0.009708737864077669 0.015107913669064749
0 0.9207119741100324 0.8338129496402877 0.012405609492988134 0.017985611510791366
0 0.9865156418554477 0.7748201438848921 0.022653721682847898 0.031654676258992806
0 0.9970334412081985 0.8165467625899281 0.005933117583603021 0.027338129496402876
0 0.8872707659115426 0.8356115107913669 0.018878101402373247 0.02446043165467626
0 0.9919093851132686 0.8924460431654676 0.011866235167206042 0.016546762589928057
0 0.9967637540453075 0.8755395683453238 0.006472491909385114 0.02446043165467626
0 0.9350053937432579 0.7474820143884892 0.01779935275080906 0.025179856115107913
0 0.9706040992448759 0.7262589928057553 0.022653721682847898 0.025899280575539568
0 0.9228694714131608 0.6633093525179856 0.023732470334412083 0.03093525179856115
0 0.9382416396979504 0.6737410071942446 0.014563106796116505 0.019424460431654675
0 0.8713592233009708 0.6636690647482014 0.011326860841423949 0.015107913669064749
0 0.9765372168284789 0.5449640287769785 0.028047464940668825 0.03093525179856115
0 0.9733009708737864 0.5093525179856115 0.022114347357065803 0.02877697841726619
0 0.866235167206041 0.516546762589928 0.02535059331175836 0.031654676258992806
0 0.8694714131607335 0.4089928057553957 0.023732470334412083 0.030215827338129497
0 0.8419633225458468 0.43597122302158275 0.025889967637540454 0.031654676258992806
0 0.9487594390507011 0.35431654676258995 0.02696871628910464 0.031654676258992806
0 0.9657497303128371 0.3255395683453237 0.022653721682847898 0.02805755395683453
0 0.8799892125134844 0.22985611510791368 0.020496224379719527 0.025179856115107913
0 0.9563106796116505 0.25107913669064746 0.020496224379719527 0.026618705035971222
0 0.906957928802589 0.1593525179856115 0.020496224379719527 0.02877697841726619
0 0.9403991370010788 0.1370503597122302 0.019417475728155338 0.025899280575539568
0 0.9204422869471414 0.13776978417266186 0.017259978425026967 0.02446043165467626
0 0.7154800431499461 0.011510791366906475 0.021035598705501618 0.02302158273381295
0 0.7227615965480043 0.20539568345323742 0.011866235167206042 0.015827338129496403
0 0.7618662351672061 0.22050359712230216 0.014023732470334413 0.020863309352517987
0 0.7111650485436893 0.4618705035971223 0.011866235167206042 0.015827338129496403
0 0.7459546925566343 0.49676258992805755 0.010787486515641856 0.014388489208633094
0 0.7543149946062567 0.5658273381294964 0.012944983818770227 0.016546762589928057
0 0.802319309600863 0.6032374100719424 0.009708737864077669 0.012949640287769784
0 0.8357605177993528 0.6266187050359712 0.009708737864077669 0.012949640287769784
0 0.825782092772384 0.6866906474820144 0.012405609492988134 0.015827338129496403
0 0.8578748651564185 0.8622302158273382 0.009169363538295576 0.01223021582733813
0 0.7699568500539374 0.9179856115107914 0.009169363538295576 0.01223021582733813
0 0.7028047464940669 0.8025179856115108 0.012405609492988134 0.016546762589928057
0 0.6213592233009708 0.679136690647482 0.016720604099244876 0.020863309352517987
0 0.6040992448759439 0.6658273381294963 0.014023732470334413 0.017266187050359712
0 0.6475188781014024 0.6539568345323741 0.01348435814455232 0.014388489208633094
0 0.6725997842502697 0.6690647482014388 0.011326860841423949 0.012949640287769784
0 0.6343042071197411 0.5553956834532374 0.009708737864077669 0.014388489208633094
0 0.6135382955771306 0.5751798561151079 0.011866235167206042 0.013669064748201438
0 0.5838727076591155 0.45755395683453237 0.012944983818770227 0.017266187050359712
0 0.6645091693635383 0.4741007194244604 0.012944983818770227 0.017266187050359712
0 0.6407766990291263 0.2758992805755396 0.018338727076591153 0.02446043165467626
0 0.6418554476806904 0.011151079136690648 0.02912621359223301 0.022302158273381296
0 0.5596008629989212 0.020863309352517987 0.02481121898597627 0.029496402877697843
0 0.494336569579288 0.5302158273381294 0.011866235167206042 0.015827338129496403
0 0.46817691477885653 0.5503597122302158 0.01779935275080906 0.020863309352517987
0 0.522923408845739 0.5841726618705037 0.010787486515641856 0.015107913669064749
0 0.4697950377562028 0.7510791366906475 0.01348435814455232 0.015827338129496403
0 0.4406688241639698 0.8197841726618705 0.010248112189859764 0.015827338129496403
0 0.4285329018338727 0.8097122302158274 0.015102481121898598 0.01870503597122302
0 0.4563106796116505 0.8305755395683453 0.018338727076591153 0.020863309352517987
0 0.43392664509169365 0.8953237410071943 0.012405609492988134 0.017985611510791366
0 0.5048543689320388 0.9503597122302159 0.022114347357065803 0.03093525179856115
0 0.4714131607335491 0.9615107913669064 0.02319309600862999 0.029496402877697843
0 0.5682308522114348 0.9244604316546763 0.012405609492988134 0.015827338129496403
0 0.5016181229773463 0.95 0.010787486515641856 0.013669064748201438
0 0.4722222222222222 0.9557553956834532 0.009169363538295576 0.012949640287769784
0 0.3098705501618123 0.7744604316546763 0.014023732470334413 0.017985611510791366
0 0.3616504854368932 0.7161870503597122 0.01348435814455232 0.015827338129496403
0 0.40668824163969797 0.7309352517985611 0.011326860841423949 0.013669064748201438
0 0.30852211434735705 0.5852517985611511 0.010787486515641856 0.013669064748201438
0 0.32173678532901834 0.6118705035971223 0.010787486515641856 0.013669064748201438
0 0.3187702265372168 0.39388489208633093 0.014023732470334413 0.01870503597122302
0 0.25782092772384035 0.11402877697841726 0.021035598705501618 0.030215827338129497
0 0.28451995685005393 0.110431654676259 0.02481121898597627 0.029496402877697843
0 0.20792880258899676 0.11079136690647481 0.024271844660194174 0.029496402877697843
0 0.17988133764832795 0.30503597122302156 0.014563106796116505 0.020863309352517987
0 0.1814994606256742 0.32446043165467625 0.02481121898597627 0.034532374100719423
0 0.21817691477885653 0.7345323741007195 0.01564185544768069 0.02014388489208633
0 0.2756202804746494 0.9949640287769784 0.017259978425026967 0.010071942446043165
0 0.23705501618122976 0.9974820143884892 0.012405609492988134 0.005035971223021582
0 0.10221143473570658 0.9428057553956835 0.011326860841423949 0.012949640287769784
0 0.1353829557713053 0.9154676258992805 0.011326860841423949 0.015827338129496403
0 0.09385113268608414 0.8122302158273381 0.011866235167206042 0.015827338129496403
0 0.0970873786407767 0.8276978417266188 0.01348435814455232 0.017266187050359712
0 0.10140237324703344 0.7794964028776978 0.009708737864077669 0.012949640287769784
0 0.07335490830636461 0.7057553956834532 0.02535059331175836 0.03381294964028777
0 0.07173678532901834 0.6341726618705036 0.022653721682847898 0.03237410071942446
0 0.04692556634304207 0.6780575539568345 0.023732470334412083 0.031654676258992806
0 0.10868392664509169 0.6568345323741007 0.02481121898597627 0.02877697841726619
0 0.09115426105717368 0.6579136690647482 0.023732470334412083 0.03093525179856115
0 0.06877022653721683 0.5838129496402877 0.017259978425026967 0.025179856115107913
0 0.05339805825242718 0.5676258992805755 0.02912621359223301 0.03525179856115108
0 0.052049622437971954 0.5194244604316547 0.017259978425026967 0.02158273381294964
0 0.054746494066882416 0.5327338129496403 0.016720604099244876 0.019424460431654675
0 0.08791801510248112 0.537410071942446 0.025889967637540454 0.033093525179856115
0 0.059870550161812294 0.5251798561151079 0.03128371089536138 0.04028776978417266
0 0.11839266450916937 0.35719424460431654 0.02319309600862999 0.02877697841726619
0 0.09978425026968717 0.3294964028776978 0.022114347357065803 0.02805755395683453
0 0.7052319309600863 0.329136690647482 0.014023732470334413 0.01870503597122302
0 0.6930960086299892 0.29172661870503597 0.01348435814455232 0.015827338129496403
0 0.6307982740021575 0.19568345323741007 0.014023732470334413 0.017985611510791366
0 0.662891046386192 0.43237410071942445 0.017259978425026967 0.020863309352517987
0 0.6790722761596548 0.6014388489208633 0.016720604099244876 0.017985611510791366
0 0.7162891046386192 0.6097122302158273 0.014023732470334413 0.017266187050359712
0 0.68554476806904 0.008633093525179856 0.02481121898597627 0.017266187050359712
0 0.7686084142394822 0.08129496402877698 0.025889967637540454 0.034532374100719423
0 0.9333872707659115 0.22410071942446044 0.0296655879180151 0.03741007194244604
0 0.8961704422869471 0.20647482014388488 0.02750809061488673 0.034532374100719423
0 0.86084142394822 0.3061151079136691 0.030204962243797196 0.03884892086330935
0 0.964940668824164 0.4758992805755396 0.025889967637540454 0.03093525179856115
0 0.9606256742179072 0.7050359712230215 0.019417475728155338 0.02877697841726619