0 0.07306517311608961 0.336616847826087 0.011710794297352342 0.017663043478260868
0 0.03615071283095723 0.38179347826086957 0.017820773930753563 0.021059782608695652
0 0.16165987780040733 0.3997961956521739 0.01374745417515275 0.015625
0 0.10692464358452139 0.23947010869565216 0.011710794297352342 0.014266304347826086
0 0.8215376782077393 0.12296195652173914 0.025967413441955193 0.02717391304347826
0 0.769857433808554 0.42221467391304346 0.0269857433808554 0.029891304347826088
0 0.8121181262729125 0.8087635869565217 0.02240325865580448 0.021739130434782608
0 0.8370672097759674 0.8393342391304348 0.011710794297352342 0.014945652173913044
0 0.8223014256619144 0.8559782608695652 0.010692464358452138 0.014266304347826086
0 0.7359979633401222 0.8573369565217391 0.014256619144602852 0.016983695652173912
0 0.17031568228105906 0.8420516304347826 0.0274949083503055 0.03736413043478261
0 0.1680244399185336 0.7761548913043478 0.015784114052953158 0.020380434782608696
0 0.23065173116089613 0.8101222826086957 0.022912423625254582 0.029891304347826088
0 0.22479633401221996 0.8794157608695652 0.023930753564154784 0.030570652173913044
0 0.20824847250509165 0.8845108695652174 0.02240325865580448 0.035326086956521736
0 0.13085539714867617 0.8930027173913043 0.020875763747454174 0.028532608695652172
0 0.19730142566191447 0.9201766304347826 0.024439918533604887 0.03736413043478261
0 0.26654786150712834 0.8804347826086957 0.028513238289205704 0.034646739130434784
0 0.15071283095723015 0.9354619565217391 0.024439918533604887 0.03328804347826087
0 0.11736252545824848 0.9144021739130435 0.021384928716904276 0.028532608695652172
0 0.17006109979633402 0.9303668478260869 0.023930753564154784 0.03125
0 0.29938900203665986 0.8885869565217391 0.028513238289205704 0.033967391304347824
0 0.1855906313645621 0.9497282608695652 0.029022403258655804 0.03260869565217391
0 0.1710794297352342 0.727921195652174 0.015784114052953158 0.021739130434782608
0 0.20112016293279023 0.649796195652174 0.02189409368635438 0.024456521739130436
0 0.20290224032586557 0.6711956521739131 0.01680244399185336 0.020380434782608696
0 0.1675152749490835 0.4609375 0.015274949083503055 0.01970108695652174
0 0.2953156822810591 0.45720108695652173 0.024439918533604887 0.026494565217391304
0 0.2843686354378819 0.48063858695652173 0.015784114052953158 0.015625
0 0.24592668024439918 0.3141983695652174 0.011710794297352342 0.016983695652173912
0 0.5160386965376782 0.8318614130434783 0.011710794297352342 0.017663043478260868
0 0.5010183299389002 0.858016304347826 0.012729124236252547 0.017663043478260868
0 0.5328411405295316 0.9001358695652174 0.014765784114052953 0.01970108695652174
0 0.6237270875763747 0.8077445652173914 0.013238289205702648 0.020380434782608696
0 0.6792260692464358 0.7697010869565217 0.012729124236252547 0.015625
0 0.6341649694501018 0.8644701086956522 0.012219959266802444 0.015625
0 0.6509674134419552 0.828125 0.01985743380855397 0.022418478260869564
0 0.7181771894093686 0.8678668478260869 0.012729124236252547 0.019021739130434784
0 0.6410386965376782 0.8498641304347826 0.01374745417515275 0.018342391304347828
0 0.6140529531568228 0.9259510869565217 0.014765784114052953 0.021059782608695652
0 0.7067209775967414 0.8940217391304348 0.014765784114052953 0.019021739130434784
0 0.2675661914460285 0.7133152173913043 0.023930753564154784 0.029211956521739132
0 0.2713849287169043 0.7370923913043478 0.026476578411405296 0.033967391304347824
0 0.8632892057026477 0.5105298913043478 0.032586558044806514 0.04076086956521739
0 0.8156822810590632 0.44972826086956524 0.020875763747454174 0.03192934782608696
0 0.7693482688391039 0.33797554347826086 0.021384928716904276 0.029891304347826088
0 0.804989816700611 0.21773097826086957 0.024439918533604887 0.034646739130434784
0 0.8676171079429735 0.23267663043478262 0.025967413441955193 0.030570652173913044
0 0.5878309572301426 0.20108695652173914 0.03004073319755601 0.03872282608695652
0 0.3536150712830957 0.4789402173913043 0.0280040733197556 0.04008152173913043
0 0.35921588594704684 0.5163043478260869 0.031059063136456212 0.04076086956521739
0 0.3681262729124236 0.5383831521739131 0.032586558044806514 0.036005434782608696
0 0.3113543788187373 0.3984375 0.034623217922606926 0.041440217391304345
0 0.3594704684317719 0.8933423913043478 0.03360488798370672 0.04008152173913043
0 0.33553971486761713 0.9324048913043478 0.031059063136456212 0.050271739130434784
0 0.309826883910387 0.9500679347826086 0.03411405295315682 0.04483695652173913
0 0.13391038696537677 0.5893342391304348 0.03360488798370672 0.04076086956521739
0 0.14791242362525459 0.5190217391304348 0.025458248472505093 0.033967391304347824
0 0.12041751527494908 0.529891304347826 0.023930753564154784 0.03328804347826087