0 0.9605543710021321 0.40362731152204834 0.014925373134328358 0.021337126600284494
0 0.9909381663113006 0.45874822190611664 0.01812366737739872 0.025604551920341393
0 0.8606076759061834 0.4470128022759602 0.01652452025586354 0.01991465149359886
0 0.9386993603411514 0.2951635846372688 0.014392324093816631 0.017780938833570414
0 0.21775053304904052 0.009246088193456615 0.030383795309168442 0.01849217638691323
0 0.2302771855010661 0.3229018492176387 0.0314498933901919 0.03698435277382646
0 0.13432835820895522 0.7108819345661451 0.0255863539445629 0.027738264580369845
0 0.1044776119402985 0.7364864864864865 0.014392324093816631 0.01849217638691323
0 0.11727078891257996 0.7571123755334281 0.013326226012793176 0.017780938833570414
0 0.2062899786780384 0.7795163584637269 0.017057569296375266 0.021337126600284494
0 0.7913113006396588 0.9007823613086771 0.03304904051172708 0.04480796586059744
0 0.802771855010661 0.833570412517781 0.018656716417910446 0.02418207681365576
0 0.7337420042643923 0.8534850640113798 0.027185501066098083 0.03627311522048364
0 0.7300106609808102 0.9263869132290184 0.028784648187633263 0.03698435277382646
0 0.7465351812366737 0.9356330014224751 0.02771855010660981 0.041251778093883355
0 0.8251599147121536 0.963371266002845 0.025053304904051173 0.034139402560455195
0 0.7529317697228145 0.9751066856330014 0.029850746268656716 0.044096728307254626
0 0.6868336886993603 0.9171408250355618 0.03411513859275053 0.04267425320056899
0 0.798773987206823 0.9911095305832148 0.02931769722814499 0.017780938833570414
0 0.835820895522388 0.9857752489331437 0.0255863539445629 0.02844950213371266
0 0.779317697228145 0.9864864864864865 0.028784648187633263 0.02702702702702703
0 0.6519189765458422 0.9174964438122333 0.033582089552238806 0.041963015647226175
0 0.7606609808102346 0.9939544807965861 0.03411513859275053 0.01209103840682788
0 0.8062366737739872 0.783072546230441 0.018656716417910446 0.025604551920341393
0 0.7859808102345416 0.6952347083926032 0.0255863539445629 0.029871977240398292
0 0.781183368869936 0.716927453769559 0.019722814498933903 0.024893314366998577
0 0.8462153518123667 0.5085348506401138 0.018656716417910446 0.023470839260312945
0 0.7150852878464818 0.4740398293029872 0.028251599147121536 0.032716927453769556
0 0.7230810234541578 0.5007112375533428 0.018656716417910446 0.01991465149359886
0 0.785181236673774 0.3385490753911807 0.014392324093816631 0.020625889046941678
0 0.43630063965884863 0.8065433854907539 0.014925373134328358 0.021337126600284494
0 0.4480277185501066 0.837126600284495 0.015991471215351813 0.021337126600284494
0 0.4099147121535181 0.8730440967283073 0.017590618336886993 0.02418207681365576
0 0.32862473347547977 0.7556899004267426 0.015991471215351813 0.02418207681365576
0 0.27665245202558636 0.7030583214793741 0.015458422174840085 0.019203413940256046
0 0.31023454157782515 0.8115220483641536 0.014925373134328358 0.019203413940256046
0 0.2977078891257996 0.7699146514935988 0.022921108742004266 0.027738264580369845
0 0.22308102345415778 0.7948079658605974 0.015991471215351813 0.02275960170697013
0 0.3049040511727079 0.7951635846372689 0.017057569296375266 0.02275960170697013
0 0.3224946695095949 0.8801564722617354 0.017590618336886993 0.025604551920341393
0 0.2310767590618337 0.8243243243243243 0.01812366737739872 0.02275960170697013
0 0.7086886993603412 0.7446657183499289 0.028251599147121536 0.03556187766714083
0 0.7014925373134329 0.7681365576102418 0.0314498933901919 0.041251778093883355
0 0.1220682302771855 0.3911806543385491 0.03891257995735608 0.049786628733997154
0 0.17963752665245203 0.3399715504978663 0.0255863539445629 0.03769559032716927
0 0.24253731343283583 0.2361308677098151 0.0255863539445629 0.03556187766714083
0 0.2222814498933902 0.1034850640113798 0.029850746268656716 0.041251778093883355
0 0.15538379530916843 0.1034850640113798 0.030383795309168442 0.03769559032716927
0 0.4482942430703625 0.1386913229018492 0.03624733475479744 0.04694167852062589
0 0.6519189765458422 0.4822190611664296 0.03411513859275053 0.0476529160739687
0 0.6409914712153518 0.519203413940256 0.03731343283582089 0.04907539118065434
0 0.628731343283582 0.5398293029871978 0.03837953091684435 0.04480796586059744
0 0.7065565031982942 0.4093172119487909 0.041044776119402986 0.051209103840682786
0 0.5892857142857143 0.9078947368421053 0.03997867803837953 0.04907539118065434
0 0.6087420042643923 0.9541251778093883 0.03891257995735608 0.05903271692745377
0 0.6324626865671642 0.9758179231863442 0.041044776119402986 0.04836415362731152
0 0.863272921108742 0.6493598862019915 0.03997867803837953 0.049786628733997154
0 0.8584754797441365 0.5732574679943101 0.030383795309168442 0.04054054054054054
0 0.8853944562899787 0.5913940256045519 0.028784648187633263 0.03982930298719772