0 0.6435546875 0.7174479166666666 0.01806640625 0.018229166666666668
0 0.5830078125 0.814453125 0.01171875 0.010416666666666666
0 0.66064453125 0.681640625 0.01123046875 0.009765625
0 0.46240234375 0.8255208333333334 0.02001953125 0.01953125
0 0.45263671875 0.818359375 0.009765625 0.009114583333333334
0 0.49267578125 0.8294270833333334 0.0146484375 0.014322916666666666
0 0.50634765625 0.8216145833333334 0.015625 0.015625
0 0.47802734375 0.779296875 0.01220703125 0.012369791666666666
0 0.51318359375 0.8020833333333334 0.01123046875 0.009765625
0 0.6943359375 0.6412760416666666 0.01171875 0.011067708333333334
0 0.7021484375 0.6399739583333334 0.01025390625 0.009765625
0 0.70947265625 0.6328125 0.0068359375 0.006510416666666667
0 0.7216796875 0.59765625 0.0126953125 0.012369791666666666
0 0.61181640625 0.669921875 0.013671875 0.013020833333333334
0 0.47998046875 0.5813802083333334 0.01806640625 0.016276041666666668
0 0.53662109375 0.8736979166666666 0.01513671875 0.014322916666666666
0 0.52001953125 0.8587239583333334 0.0224609375 0.020833333333333332