0 0.14805057955742887 0.7271769662921348 0.013171759747102213 0.020365168539325844
0 0.13119072708113805 0.6850421348314607 0.008956796628029505 0.014044943820224719
0 0.1886195995785037 0.7320926966292135 0.012644889357218124 0.016151685393258428
0 0.2131190727081138 0.7535112359550562 0.012644889357218124 0.013342696629213483
0 0.23103266596417282 0.8061797752808989 0.012644889357218124 0.011938202247191011
0 0.2178609062170706 0.6688904494382022 0.012118018967334035 0.01544943820224719
0 0.11090621707060064 0.8799157303370787 0.01053740779768177 0.01544943820224719
0 0.2905690200210748 0.7412219101123596 0.013171759747102213 0.018258426966292134
0 0.16807165437302424 0.24543539325842698 0.014752370916754479 0.0175561797752809
0 0.17465753424657535 0.21418539325842698 0.02528977871443625 0.028792134831460675
0 0.2339304531085353 0.2907303370786517 0.03108535300316122 0.04002808988764045
0 0.19573234984193888 0.28125 0.01685985247629083 0.02457865168539326
0 0.19836670179135932 0.24332865168539325 0.02054794520547945 0.027387640449438203
0 0.1238145416227608 0.16292134831460675 0.012644889357218124 0.014044943820224719
0 0.14304531085353003 0.17275280898876405 0.010010537407797681 0.012640449438202247
0 0.15252897787144362 0.1622191011235955 0.008429926238145416 0.009129213483146067
0 0.12592202318229714 0.13834269662921347 0.01053740779768177 0.012640449438202247
0 0.14383561643835616 0.14185393258426968 0.010010537407797681 0.013342696629213483
0 0.15437302423603794 0.13974719101123595 0.009483667017913594 0.010533707865168539
0 0.17992623814541622 0.18714887640449437 0.0136986301369863 0.018258426966292134
0 0.22233930453108536 0.1678370786516854 0.012644889357218124 0.01544943820224719
0 0.23735511064278186 0.16362359550561797 0.015279241306638568 0.020365168539325844
0 0.15226554267650158 0.03195224719101124 0.012644889357218124 0.014044943820224719
0 0.16807165437302424 0.0351123595505618 0.011064278187565859 0.014747191011235955
0 0.17755532139093783 0.032303370786516857 0.011064278187565859 0.014747191011235955
0 0.20047418335089567 0.023525280898876403 0.011064278187565859 0.011235955056179775
0 0.13435194942044257 0.016502808988764044 0.010010537407797681 0.009831460674157303
0 0.23735511064278186 0.04353932584269663 0.01053740779768177 0.011938202247191011
0 0.23261327713382507 0.07127808988764045 0.010010537407797681 0.011938202247191011
0 0.22207586933614332 0.08321629213483146 0.01053740779768177 0.01544943820224719
0 0.11459430979978925 0.08918539325842696 0.011591148577449948 0.012640449438202247
0 0.11933614330874605 0.07689606741573034 0.01053740779768177 0.011235955056179775
0 0.11617492096944151 0.06530898876404495 0.007376185458377239 0.009831460674157303
0 0.12881981032665965 0.03932584269662921 0.007376185458377239 0.008426966292134831
0 0.1148577449947313 0.19452247191011235 0.008429926238145416 0.010533707865168539
0 0.11907270811380401 0.24473314606741572 0.008429926238145416 0.009129213483146067
0 0.13171759747102213 0.23525280898876405 0.011064278187565859 0.014044943820224719
0 0.16833508956796628 0.26650280898876405 0.018967334035827187 0.023174157303370788
0 0.14093782929399368 0.4508426966292135 0.010010537407797681 0.011938202247191011
0 0.08956796628029505 0.4592696629213483 0.010010537407797681 0.014044943820224719
0 0.09562697576396206 0.4490870786516854 0.008429926238145416 0.011235955056179775
0 0.15226554267650158 0.46383426966292135 0.007376185458377239 0.011235955056179775
0 0.19257112750263436 0.45610955056179775 0.008429926238145416 0.011235955056179775
0 0.18545837723919917 0.4371488764044944 0.01053740779768177 0.012640449438202247
0 0.1517386722866175 0.43504213483146065 0.009483667017913594 0.011938202247191011
0 0.09799789251844046 0.5554775280898876 0.012644889357218124 0.012640449438202247
0 0.11933614330874605 0.557935393258427 0.009483667017913594 0.014044943820224719
0 0.11354056902002108 0.5709269662921348 0.007903055848261328 0.011235955056179775
0 0.16043203371970496 0.5628511235955056 0.007376185458377239 0.009129213483146067
0 0.14620653319283455 0.5716292134831461 0.014752370916754479 0.016853932584269662
0 0.13751317175974712 0.5926966292134831 0.008956796628029505 0.013342696629213483
0 0.101159114857745 0.5396769662921348 0.008429926238145416 0.012640449438202247
0 0.09141201264488935 0.7464887640449438 0.007376185458377239 0.011235955056179775
0 0.09905163329820864 0.7552668539325843 0.007376185458377239 0.011235955056179775
0 0.1696522655426765 0.7672050561797753 0.014752370916754479 0.0175561797752809
0 0.14330874604847207 0.7457865168539326 0.011591148577449948 0.014044943820224719
0 0.15516332982086406 0.6839887640449438 0.010010537407797681 0.011235955056179775
0 0.11275026343519494 0.6622191011235955 0.01053740779768177 0.011938202247191011
0 0.11775553213909379 0.670997191011236 0.011064278187565859 0.011938202247191011
0 0.11143308746048472 0.8960674157303371 0.012118018967334035 0.016853932584269662
0 0.16649104320337196 0.8240870786516854 0.008956796628029505 0.014747191011235955
0 0.20258166491043203 0.7921348314606742 0.007376185458377239 0.011938202247191011
0 0.15015806111696522 0.8103932584269663 0.007376185458377239 0.014044943820224719
0 0.130927291886196 0.7998595505617978 0.01053740779768177 0.013342696629213483
0 0.12961011591148577 0.7714185393258427 0.011591148577449948 0.016151685393258428
0 0.23946259220231822 0.8433988764044944 0.012118018967334035 0.011938202247191011
0 0.2644889357218124 0.8388342696629213 0.009483667017913594 0.014044943820224719
0 0.27370916754478397 0.8637640449438202 0.008429926238145416 0.011938202247191011
0 0.2705479452054795 0.8855337078651685 0.011064278187565859 0.014044943820224719
0 0.1701791359325606 0.8539325842696629 0.007376185458377239 0.010533707865168539
0 0.23893572181243414 0.7896769662921348 0.010010537407797681 0.014044943820224719
0 0.22655426765015807 0.7180477528089888 0.012644889357218124 0.016853932584269662
0 0.26738672286617493 0.6734550561797753 0.008956796628029505 0.011938202247191011
0 0.24315068493150685 0.6853932584269663 0.009483667017913594 0.011235955056179775
0 0.20495258166491043 0.6383426966292135 0.013171759747102213 0.019662921348314606
0 0.24815595363540568 0.6372893258426966 0.010010537407797681 0.014044943820224719
0 0.25105374077976816 0.617626404494382 0.01053740779768177 0.012640449438202247
0 0.23445732349841938 0.6137640449438202 0.011064278187565859 0.014747191011235955
0 0.23814541622760801 0.44803370786516855 0.010010537407797681 0.014044943820224719
0 0.23761854583772393 0.4627808988764045 0.011064278187565859 0.014044943820224719
0 0.22839831401475236 0.4276685393258427 0.012644889357218124 0.016151685393258428
0 0.25737618545837726 0.38799157303370785 0.018967334035827187 0.021769662921348316
0 0.2787144362486828 0.38553370786516855 0.02423603793466807 0.03160112359550562
0 0.26159114857745 0.34058988764044945 0.023182297154899896 0.023174157303370788
0 0.15937829293993677 0.37359550561797755 0.011591148577449948 0.014044943820224719
0 0.1577976817702845 0.3981741573033708 0.020021074815595362 0.025280898876404494
0 0.24446786090621708 0.2794943820224719 0.0184404636459431 0.021769662921348316
0 0.20679662802950474 0.22577247191011235 0.018967334035827187 0.020365168539325844
0 0.27502634351949423 0.319873595505618 0.018967334035827187 0.02457865168539326
0 0.29267650158061115 0.03125 0.008956796628029505 0.011938202247191011
0 0.27634351949420444 0.04002808988764045 0.012644889357218124 0.014747191011235955
0 0.37434141201264487 0.14325842696629212 0.020021074815595362 0.027387640449438203
0 0.3832982086406744 0.23595505617977527 0.01738672286617492 0.023174157303370788
0 0.3840885142255005 0.25280898876404495 0.012118018967334035 0.012640449438202247
0 0.3711801896733404 0.273876404494382 0.029504741833508957 0.0351123595505618
0 0.3285036880927292 0.23209269662921347 0.015279241306638568 0.016853932584269662
0 0.3269230769230769 0.21594101123595505 0.007376185458377239 0.011235955056179775
0 0.32218124341412013 0.20575842696629212 0.011591148577449948 0.014044943820224719
0 0.327449947312961 0.4041432584269663 0.008429926238145416 0.014044943820224719
0 0.29741833508956794 0.39360955056179775 0.02160168598524763 0.025280898876404494
0 0.2755532139093783 0.3613061797752809 0.010010537407797681 0.013342696629213483
0 0.3369336143308746 0.444873595505618 0.020021074815595362 0.025280898876404494
0 0.3000526870389884 0.43469101123595505 0.010010537407797681 0.014044943820224719
0 0.3227081138040042 0.5530196629213483 0.0184404636459431 0.020365168539325844
0 0.3398314014752371 0.5603932584269663 0.02107481559536354 0.023174157303370788
0 0.3651211801896733 0.5905898876404494 0.020021074815595362 0.02598314606741573
0 0.34193888303477343 0.7998595505617978 0.008429926238145416 0.012640449438202247
0 0.3245521601685985 0.8300561797752809 0.011064278187565859 0.016151685393258428
0 0.4178082191780822 0.9139747191011236 0.012644889357218124 0.014044943820224719
0 0.4262381454162276 0.9266151685393258 0.010010537407797681 0.014044943820224719
0 0.4220231822971549 0.8609550561797753 0.012118018967334035 0.014747191011235955
0 0.4430979978925184 0.8848314606741573 0.008429926238145416 0.012640449438202247
0 0.446522655426765 0.8416432584269663 0.0136986301369863 0.018960674157303372
0 0.4423076923076923 0.8651685393258427 0.008429926238145416 0.013342696629213483
0 0.4254478398314015 0.8012640449438202 0.01053740779768177 0.012640449438202247
0 0.45310853530031614 0.7935393258426966 0.01422550052687039 0.016151685393258428
0 0.3785563751317176 0.7433286516853933 0.007903055848261328 0.009129213483146067
0 0.3946259220231823 0.7794943820224719 0.011064278187565859 0.01544943820224719
0 0.44257112750263433 0.7366573033707865 0.011064278187565859 0.012640449438202247
0 0.4952581664910432 0.6896067415730337 0.01053740779768177 0.013342696629213483
0 0.5097471022128557 0.680126404494382 0.010010537407797681 0.014044943820224719
0 0.4507376185458377 0.6379915730337079 0.011064278187565859 0.011235955056179775
0 0.5076396206533192 0.6278089887640449 0.008429926238145416 0.013342696629213483
0 0.49736564805057953 0.8100421348314607 0.012644889357218124 0.014747191011235955
0 0.4915700737618546 0.7805477528089888 0.01053740779768177 0.012640449438202247
0 0.39752370916754476 0.6896067415730337 0.012644889357218124 0.014747191011235955
0 0.36275026343519495 0.6197331460674157 0.022655426765015807 0.025280898876404494
0 0.49420442571127504 0.581811797752809 0.008956796628029505 0.009129213483146067
0 0.4012118018967334 0.5323033707865169 0.019494204425711276 0.023876404494382022
0 0.4122760800842993 0.5059691011235955 0.022128556375131718 0.023876404494382022
0 0.4409905163329821 0.4585674157303371 0.01791359325605901 0.02247191011235955
0 0.4499473129610116 0.4339887640449438 0.022655426765015807 0.023174157303370788
0 0.4744467860906217 0.42240168539325845 0.023182297154899896 0.025280898876404494
0 0.4370389884088514 0.394311797752809 0.023182297154899896 0.025280898876404494
0 0.4357218124341412 0.31109550561797755 0.02054794520547945 0.028089887640449437
0 0.4399367755532139 0.2679073033707865 0.02160168598524763 0.028089887640449437
0 0.4549525816649104 0.300561797752809 0.019494204425711276 0.028089887640449437
0 0.3724973656480506 0.1759129213483146 0.02107481559536354 0.025280898876404494
0 0.3851422550052687 0.11797752808988764 0.0184404636459431 0.023174157303370788
0 0.3667017913593256 0.06601123595505617 0.011591148577449948 0.0175561797752809
0 0.5329293993677555 0.20962078651685392 0.01422550052687039 0.016151685393258428
0 0.5210748155953635 0.22928370786516855 0.012644889357218124 0.014044943820224719
0 0.5648050579557429 0.39747191011235955 0.011064278187565859 0.014044943820224719
0 0.5379346680716544 0.44838483146067415 0.016332982086406742 0.0175561797752809
0 0.5395152792413066 0.41853932584269665 0.011064278187565859 0.012640449438202247
0 0.55927291886196 0.4691011235955056 0.01053740779768177 0.012640449438202247
0 0.5903582718651211 0.5112359550561798 0.012644889357218124 0.01544943820224719
0 0.5835089567966281 0.6316713483146067 0.01053740779768177 0.016151685393258428
0 0.5927291886195996 0.6260533707865169 0.008429926238145416 0.011938202247191011
0 0.5584826132771338 0.5990168539325843 0.012644889357218124 0.014747191011235955
0 0.5442571127502634 0.6351825842696629 0.0136986301369863 0.014044943820224719
0 0.4868282402528978 0.5941011235955056 0.011064278187565859 0.012640449438202247
0 0.5484720758693361 0.6867977528089888 0.011064278187565859 0.012640449438202247
0 0.5742887249736565 0.6780196629213483 0.012118018967334035 0.012640449438202247
0 0.5806111696522656 0.7025983146067416 0.008429926238145416 0.011235955056179775
0 0.48998946259220233 0.8746488764044944 0.015279241306638568 0.016853932584269662
0 0.46996838777660693 0.8995786516853933 0.007376185458377239 0.009831460674157303
0 0.5616438356164384 0.9058988764044944 0.008429926238145416 0.014747191011235955
0 0.5392518440463646 0.9487359550561798 0.01053740779768177 0.013342696629213483
0 0.5679662802950474 0.9476825842696629 0.014752370916754479 0.014044943820224719
0 0.5922023182297155 0.9571629213483146 0.012644889357218124 0.016853932584269662
0 0.6003688092729189 0.913623595505618 0.014752370916754479 0.018960674157303372
0 0.5753424657534246 0.932935393258427 0.010010537407797681 0.011938202247191011
0 0.6209167544783983 0.8577949438202247 0.008956796628029505 0.011235955056179775
0 0.5982613277133825 0.870435393258427 0.008429926238145416 0.012640449438202247
0 0.6224973656480506 0.9824438202247191 0.014752370916754479 0.019662921348314606
0 0.6288198103266597 0.9252106741573034 0.011064278187565859 0.01544943820224719
0 0.6836143308746049 0.9410112359550562 0.011064278187565859 0.014044943820224719
0 0.6751844046364595 0.9715589887640449 0.02107481559536354 0.02949438202247191
0 0.6991570073761855 0.9757724719101124 0.012118018967334035 0.014747191011235955
0 0.5566385669125395 0.8142556179775281 0.011064278187565859 0.01544943820224719
0 0.6859852476290832 0.7851123595505618 0.0136986301369863 0.016853932584269662
0 0.6915173867228662 0.7580758426966292 0.012644889357218124 0.014044943820224719
0 0.6738672286617492 0.7731741573033708 0.012118018967334035 0.01544943820224719
0 0.6103793466807166 0.7236657303370787 0.011064278187565859 0.012640449438202247
0 0.6477871443624869 0.75 0.011064278187565859 0.01544943820224719
0 0.6082718651211801 0.7521067415730337 0.012118018967334035 0.01544943820224719
0 0.6206533192834562 0.6674859550561798 0.015806111696522657 0.016151685393258428
0 0.6454162276080084 0.398876404494382 0.011064278187565859 0.013342696629213483
0 0.7191780821917808 0.4020365168539326 0.014752370916754479 0.016151685393258428
0 0.6206533192834562 0.06460674157303371 0.01053740779768177 0.016151685393258428
0 0.6404109589041096 0.06741573033707865 0.011591148577449948 0.014044943820224719
0 0.8298208640674394 0.08075842696629214 0.01791359325605901 0.025280898876404494
0 0.8066385669125395 0.08040730337078651 0.012118018967334035 0.016853932584269662
0 0.8084826132771338 0.10182584269662921 0.0184404636459431 0.021769662921348316
0 0.8224446786090621 0.11973314606741572 0.010010537407797681 0.011235955056179775
0 0.7881981032665965 0.13202247191011235 0.012644889357218124 0.012640449438202247
0 0.8066385669125395 0.199438202247191 0.011591148577449948 0.016853932584269662
0 0.7884615384615384 0.22191011235955055 0.012118018967334035 0.0175561797752809
0 0.7763435194942044 0.23314606741573032 0.009483667017913594 0.01544943820224719
0 0.773709167544784 0.206811797752809 0.015279241306638568 0.019662921348314606
0 0.768177028451001 0.3205758426966292 0.010010537407797681 0.01544943820224719
0 0.7589567966280295 0.3128511235955056 0.011591148577449948 0.014747191011235955
0 0.803213909378293 0.3946629213483146 0.0136986301369863 0.016151685393258428
0 0.7420969441517387 0.6077949438202247 0.008956796628029505 0.011938202247191011
0 0.7597471022128557 0.6952247191011236 0.012118018967334035 0.01544943820224719
0 0.7326132771338251 0.793188202247191 0.012118018967334035 0.014044943820224719
0 0.7963645943097998 0.8089887640449438 0.007376185458377239 0.011938202247191011
0 0.7881981032665965 0.8075842696629213 0.010010537407797681 0.01544943820224719
0 0.8429926238145417 0.7264747191011236 0.009483667017913594 0.011938202247191011
0 0.8266596417281349 0.8047752808988764 0.008956796628029505 0.014044943820224719
0 0.8229715489989463 0.8346207865168539 0.015279241306638568 0.018258426966292134
0 0.8105900948366702 0.8254915730337079 0.01053740779768177 0.014747191011235955
0 0.8406217070600632 0.8142556179775281 0.008956796628029505 0.01544943820224719
0 0.8582718651211801 0.8216292134831461 0.015806111696522657 0.02247191011235955
0 0.821654373024236 0.7756320224719101 0.011591148577449948 0.016853932584269662
0 0.821127502634352 0.7889747191011236 0.008956796628029505 0.012640449438202247
0 0.8506322444678609 0.7622893258426966 0.008429926238145416 0.011235955056179775
0 0.7895152792413066 0.8648174157303371 0.012644889357218124 0.014044943820224719
0 0.7708113804004215 0.8458567415730337 0.012118018967334035 0.014747191011235955
0 0.7542149631190727 0.8806179775280899 0.008956796628029505 0.01544943820224719
0 0.7457850368809273 0.8792134831460674 0.008429926238145416 0.013342696629213483
0 0.7268177028451 0.8637640449438202 0.011064278187565859 0.01544943820224719
0 0.7937302423603794 0.922752808988764 0.012644889357218124 0.0175561797752809
0 0.7665964172813488 0.9104634831460674 0.010010537407797681 0.011938202247191011
0 0.7236564805057956 0.9171348314606742 0.010010537407797681 0.011938202247191011
0 0.7515806111696522 0.9445224719101124 0.011591148577449948 0.014044943820224719
0 0.8192834562697576 0.954002808988764 0.012644889357218124 0.012640449438202247
0 0.7947839831401475 0.9698033707865169 0.0136986301369863 0.016151685393258428
0 0.7810853530031612 0.9838483146067416 0.012118018967334035 0.014747191011235955
0 0.8161222339304531 0.9799859550561798 0.010010537407797681 0.011938202247191011
0 0.7502634351949421 0.9782303370786517 0.008956796628029505 0.011235955056179775
0 0.767913593256059 0.983497191011236 0.014752370916754479 0.018258426966292134
0 0.7405163329820864 0.9824438202247191 0.011064278187565859 0.014044943820224719
0 0.7286617492096944 0.9357443820224719 0.01738672286617492 0.019662921348314606
0 0.7463119072708114 0.9294241573033708 0.008956796628029505 0.011235955056179775
0 0.8364067439409906 0.9589185393258427 0.008429926238145416 0.009129213483146067
0 0.8319283456269758 0.9683988764044944 0.009483667017913594 0.014044943820224719
0 0.8566912539515279 0.956811797752809 0.008956796628029505 0.013342696629213483
0 0.8543203371970495 0.9339887640449438 0.0136986301369863 0.016151685393258428
0 0.863013698630137 0.9698033707865169 0.011591148577449948 0.014747191011235955
0 0.8922550052687039 0.9529494382022472 0.023182297154899896 0.028792134831460675
0 0.8904109589041096 0.942064606741573 0.008429926238145416 0.011938202247191011
0 0.8935721812434141 0.9592696629213483 0.006322444678609062 0.009831460674157303
0 0.9128029504741834 0.9515449438202247 0.008956796628029505 0.014044943820224719
0 0.9207060063224447 0.9231039325842697 0.009483667017913594 0.014044943820224719
0 0.9241306638566913 0.901685393258427 0.0136986301369863 0.018258426966292134
0 0.9112223393045311 0.8936095505617978 0.012644889357218124 0.018258426966292134
0 0.8877766069546892 0.8739466292134831 0.01685985247629083 0.018960674157303372
0 0.9141201264488936 0.836376404494382 0.010010537407797681 0.014044943820224719
0 0.8906743940990516 0.829002808988764 0.02160168598524763 0.0175561797752809
0 0.9009483667017913 0.8114466292134831 0.010010537407797681 0.014044943820224719
0 0.9373024236037935 0.8398876404494382 0.0136986301369863 0.018960674157303372
0 0.9270284510010537 0.8714887640449438 0.019494204425711276 0.025280898876404494
0 0.9309799789251844 0.8908005617977528 0.012644889357218124 0.018258426966292134
0 0.9191253951527925 0.75 0.015279241306638568 0.021067415730337078
0 0.9567966280295047 0.6513342696629213 0.010010537407797681 0.012640449438202247
0 0.934931506849315 0.6007724719101124 0.008956796628029505 0.012640449438202247
0 0.952845100105374 0.6060393258426966 0.015279241306638568 0.02247191011235955
0 0.9610115911485775 0.6228932584269663 0.012118018967334035 0.012640449438202247
0 0.9949947312961012 0.12324438202247191 0.010010537407797681 0.04985955056179775
0 0.9491570073761855 0.12008426966292135 0.011591148577449948 0.012640449438202247
0 0.9913066385669126 0.09691011235955056 0.011591148577449948 0.016151685393258428
0 0.9952581664910432 0.0800561797752809 0.009483667017913594 0.016853932584269662
0 0.9704952581664911 0.10112359550561797 0.014752370916754479 0.020365168539325844
0 0.9955216016859852 0.1267556179775281 0.008956796628029505 0.020365168539325844
0 0.9989462592202318 0.14290730337078653 0.002107481559536354 0.011938202247191011
0 0.9560063224446786 0.13448033707865167 0.0184404636459431 0.019662921348314606
0 0.9628556375131717 0.1464185393258427 0.008956796628029505 0.011938202247191011
0 0.9525816649104321 0.15484550561797752 0.01422550052687039 0.018258426966292134
0 0.9976290832455216 0.19592696629213482 0.004741833508956797 0.02247191011235955
0 0.988145416227608 0.17485955056179775 0.012644889357218124 0.016151685393258428
0 0.9884088514225501 0.1973314606741573 0.01422550052687039 0.016853932584269662
0 0.9926238145416227 0.21769662921348315 0.014752370916754479 0.02247191011235955
0 0.9876185458377239 0.21207865168539325 0.010010537407797681 0.012640449438202247
0 0.96390937829294 0.20189606741573032 0.01685985247629083 0.016853932584269662
0 0.9960484720758693 0.2517556179775281 0.007903055848261328 0.018960674157303372
0 0.916754478398314 0.3146067415730337 0.008956796628029505 0.014044943820224719
0 0.9330874604847208 0.3121488764044944 0.012644889357218124 0.014747191011235955
0 0.9214963119072708 0.2735252808988764 0.009483667017913594 0.010533707865168539
0 0.9473129610115911 0.24508426966292135 0.014752370916754479 0.014044943820224719
0 0.970231822971549 0.23103932584269662 0.008956796628029505 0.011938202247191011
0 0.9488935721812434 0.31109550561797755 0.01738672286617492 0.02247191011235955
0 0.9957850368809273 0.351123595505618 0.008429926238145416 0.011235955056179775
0 0.9362486828240253 0.37991573033707865 0.010010537407797681 0.012640449438202247
0 0.9278187565858799 0.3922050561797753 0.011064278187565859 0.014747191011235955
0 0.9807692307692307 0.3591994382022472 0.015279241306638568 0.016853932584269662
0 0.9736564805057956 0.3044241573033708 0.029504741833508957 0.028792134831460675
0 0.9546891464699684 0.33146067415730335 0.011591148577449948 0.014044943820224719
0 0.9470495258166491 0.34901685393258425 0.009483667017913594 0.014747191011235955
0 0.946786090621707 0.43504213483146065 0.008956796628029505 0.011938202247191011
0 0.934931506849315 0.5063202247191011 0.008429926238145416 0.011235955056179775
0 0.4238672286617492 0.6762640449438202 0.010010537407797681 0.011235955056179775
0 0.5173867228661749 0.78125 0.011064278187565859 0.01544943820224719