0 0.5918737060041408 0.27624309392265195 0.023291925465838508 0.03383977900552486
0 0.5716873706004141 0.29247237569060774 0.021221532091097308 0.024171270718232045
0 0.5256211180124224 0.2085635359116022 0.024844720496894408 0.03038674033149171
0 0.5419254658385093 0.20511049723756905 0.020703933747412008 0.026933701657458564
0 0.1400103519668737 0.9730662983425414 0.015527950310559006 0.021408839779005526
0 0.1539855072463768 0.8967541436464088 0.012939958592132506 0.017955801104972375
0 0.18452380952380953 0.9406077348066298 0.011904761904761904 0.015193370165745856
0 0.12111801242236025 0.9102209944751382 0.012422360248447204 0.015883977900552487
0 0.23059006211180125 0.9098756906077348 0.011904761904761904 0.017265193370165747
0 0.06030020703933747 0.46374309392265195 0.011387163561076604 0.015883977900552487
0 0.07634575569358178 0.4768646408839779 0.010351966873706004 0.013121546961325966
0 0.06754658385093168 0.4955110497237569 0.011904761904761904 0.013812154696132596
0 0.08178053830227744 0.4910220994475138 0.011904761904761904 0.015193370165745856
0 0.16330227743271222 0.4620165745856354 0.012939958592132506 0.017955801104972375
0 0.1524327122153209 0.362914364640884 0.010869565217391304 0.015193370165745856
0 0.046583850931677016 0.40158839779005523 0.013975155279503106 0.019337016574585635
0 0.03260869565217391 0.32734806629834257 0.019151138716356108 0.021408839779005526
0 0.07272256728778467 0.28763812154696133 0.013457556935817806 0.015193370165745856
0 0.13690476190476192 0.2662292817679558 0.015527950310559006 0.015883977900552487
0 0.13768115942028986 0.19475138121546962 0.019668737060041408 0.020718232044198894
0 0.07893374741200829 0.2513812154696133 0.016045548654244308 0.017265193370165747
0 0.054865424430641824 0.23342541436464087 0.009316770186335404 0.011740331491712707
0 0.025879917184265012 0.26312154696132595 0.021739130434782608 0.031077348066298343
0 0.4050207039337474 0.21650552486187846 0.010869565217391304 0.015883977900552487
0 0.3636128364389234 0.18888121546961326 0.016045548654244308 0.016574585635359115
0 0.375 0.16574585635359115 0.013457556935817806 0.014502762430939226
0 0.3804347826086957 0.18128453038674033 0.012939958592132506 0.015883977900552487
0 0.380175983436853 0.23722375690607736 0.013457556935817806 0.017955801104972375
0 0.3103002070393375 0.27935082872928174 0.015527950310559006 0.017265193370165747
0 0.45936853002070394 0.14019337016574585 0.011904761904761904 0.015883977900552487
0 0.463768115942029 0.13225138121546962 0.024327122153209108 0.03038674033149171
0 0.4782608695652174 0.11740331491712708 0.010869565217391304 0.016574585635359115
0 0.484472049689441 0.13535911602209943 0.013457556935817806 0.017955801104972375
0 0.505175983436853 0.11429558011049724 0.032091097308488616 0.0393646408839779
0 0.5714285714285714 0.09530386740331492 0.016045548654244308 0.023480662983425413
0 0.5351966873706004 0.10255524861878453 0.027950310559006212 0.029696132596685083
0 0.5437370600414079 0.09979281767955801 0.007763975155279503 0.013121546961325966
0 0.5300207039337475 0.13017955801104972 0.028985507246376812 0.03314917127071823
0 0.8126293995859213 0.043162983425414365 0.017080745341614908 0.018646408839779006
0 0.8330745341614907 0.03038674033149171 0.021739130434782608 0.025552486187845305
0 0.8260869565217391 0.04661602209944751 0.009316770186335404 0.013121546961325966
0 0.8509316770186336 0.05662983425414365 0.020703933747412008 0.022790055248618785
0 0.8382505175983437 0.0738950276243094 0.013457556935817806 0.017955801104972375
0 0.8667184265010351 0.1156767955801105 0.022256728778467908 0.028314917127071824
0 0.8188405797101449 0.12569060773480664 0.023291925465838508 0.029696132596685083
0 0.7776915113871635 0.0763121546961326 0.017080745341614908 0.017955801104972375
0 0.7611283643892339 0.07285911602209945 0.017598343685300208 0.020718232044198894
0 0.7686335403726708 0.21581491712707182 0.012422360248447204 0.015193370165745856
0 0.7932194616977226 0.2472375690607735 0.011387163561076604 0.013812154696132596
0 0.8900103519668737 0.27140883977900554 0.010869565217391304 0.014502762430939226
0 0.8843167701863354 0.1439917127071823 0.010351966873706004 0.013121546961325966
0 0.9107142857142857 0.42299723756906077 0.018115942028985508 0.024861878453038673
0 0.8299689440993789 0.45062154696132595 0.011387163561076604 0.013121546961325966
0 0.7960662525879917 0.38017955801104975 0.014492753623188406 0.018646408839779006
0 0.7246376811594203 0.41816298342541436 0.025879917184265012 0.029005524861878452
0 0.8977743271221532 0.39019337016574585 0.015010351966873706 0.018646408839779006
0 0.8995859213250518 0.33874309392265195 0.017080745341614908 0.016574585635359115
0 0.855072463768116 0.356353591160221 0.016045548654244308 0.017265193370165747
0 0.8967391304347826 0.3580801104972376 0.012422360248447204 0.015883977900552487
0 0.8175465838509317 0.7790055248618785 0.016563146997929608 0.018646408839779006
0 0.8509316770186336 0.7683011049723757 0.015010351966873706 0.014502762430939226
0 0.828416149068323 0.7493093922651933 0.012939958592132506 0.015883977900552487
0 0.8131469979296067 0.7534530386740331 0.014492753623188406 0.018646408839779006
0 0.9107142857142857 0.7717541436464088 0.012422360248447204 0.015193370165745856
0 0.8915631469979296 0.7969613259668509 0.013457556935817806 0.016574585635359115
0 0.8724120082815735 0.8073204419889503 0.013457556935817806 0.016574585635359115
0 0.8074534161490683 0.888121546961326 0.011387163561076604 0.016574585635359115
0 0.3822463768115942 0.9820441988950276 0.013457556935817806 0.015883977900552487
0 0.3615424430641822 0.9906767955801105 0.016045548654244308 0.018646408839779006
0 0.7096273291925466 0.35013812154696133 0.026397515527950312 0.031767955801104975
0 0.754399585921325 0.43232044198895025 0.022256728778467908 0.029005524861878452
0 0.7732919254658385 0.405732044198895 0.022256728778467908 0.029005524861878452
0 0.525879917184265 0.48342541436464087 0.013975155279503106 0.017955801104972375
0 0.6806418219461697 0.7199585635359116 0.012939958592132506 0.017955801104972375
0 0.702639751552795 0.7493093922651933 0.013975155279503106 0.019337016574585635
0 0.7259316770186336 0.7558701657458563 0.017598343685300208 0.022099447513812154
0 0.7430124223602484 0.8200966850828729 0.014492753623188406 0.020027624309392266
0 0.7256728778467909 0.9012430939226519 0.013457556935817806 0.017265193370165747
0 0.7096273291925466 0.919889502762431 0.017080745341614908 0.022099447513812154
0 0.7668219461697723 0.8667127071823204 0.013457556935817806 0.018646408839779006
0 0.777432712215321 0.7845303867403315 0.013457556935817806 0.022099447513812154
0 0.7999482401656315 0.7658839779005525 0.016563146997929608 0.024171270718232045
0 0.828416149068323 0.7068370165745856 0.013457556935817806 0.019337016574585635
0 0.860248447204969 0.669889502762431 0.012939958592132506 0.017955801104972375
0 0.8548136645962733 0.6857734806629834 0.016563146997929608 0.022099447513812154
0 0.8682712215320911 0.6401933701657458 0.016045548654244308 0.018646408839779006
0 0.8193581780538303 0.5808011049723757 0.020186335403726708 0.027624309392265192
0 0.8366977225672878 0.5911602209944752 0.016045548654244308 0.020718232044198894