0 0.8516042780748663 0.21442885771543085 0.03342245989304813 0.023547094188376753
0 0.8526069518716578 0.23647294589178355 0.03074866310160428 0.02404809619238477
0 0.8696524064171123 0.2720440881763527 0.03676470588235294 0.02555110220440882
0 0.8920454545454546 0.22645290581162325 0.034759358288770054 0.025050100200400802
0 0.8980614973262032 0.28331663326653306 0.03074866310160428 0.02404809619238477
0 0.7987967914438503 0.27580160320641284 0.034759358288770054 0.022545090180360723
0 0.820855614973262 0.2853206412825651 0.029411764705882353 0.025050100200400802
0 0.8118315508021391 0.31012024048096193 0.0427807486631016 0.031062124248496994
0 0.7513368983957219 0.2740480961923848 0.034759358288770054 0.02555110220440882
0 0.7286096256684492 0.34168336673346694 0.034759358288770054 0.02655310621242485
0 0.7797459893048129 0.36397795591182364 0.03542780748663102 0.02755511022044088
0 0.7784090909090909 0.33642284569138275 0.03141711229946524 0.022044088176352707
0 0.7550133689839572 0.3396793587174349 0.029411764705882353 0.019539078156312624
0 0.8338903743315508 0.33917835671342683 0.02874331550802139 0.02154308617234469
0 0.8676470588235294 0.4308617234468938 0.04478609625668449 0.029559118236472944
0 0.7483288770053476 0.41132264529058116 0.03676470588235294 0.026052104208416832
0 0.7403074866310161 0.437625250501002 0.03208556149732621 0.024549098196392786
0 0.8038101604278075 0.46693386773547096 0.03409090909090909 0.024549098196392786
0 0.7503342245989305 0.49448897795591185 0.030080213903743314 0.02154308617234469
0 0.7987967914438503 0.49223446893787576 0.02807486631016043 0.02154308617234469
0 0.8322192513368984 0.5052605210420842 0.02807486631016043 0.02154308617234469
0 0.8706550802139037 0.5122745490981964 0.03609625668449198 0.026052104208416832
0 0.8806818181818182 0.5521042084168337 0.03409090909090909 0.02555110220440882
0 0.7272727272727273 0.5440881763527055 0.02874331550802139 0.020541082164328657
0 0.7653743315508021 0.532565130260521 0.02406417112299465 0.019539078156312624
0 0.7784090909090909 0.5668837675350702 0.01804812834224599 0.013527054108216433
0 0.8168449197860963 0.5929358717434869 0.027406417112299464 0.018537074148296594
0 0.8633021390374331 0.625250501002004 0.03074866310160428 0.022044088176352707
0 0.8148395721925134 0.6500501002004008 0.02807486631016043 0.020541082164328657
0 0.7653743315508021 0.6743486973947895 0.02807486631016043 0.019539078156312624
0 0.8048128342245989 0.6893787575150301 0.02807486631016043 0.01903807615230461
0 0.7252673796791443 0.7014028056112225 0.03877005347593583 0.027054108216432865
0 0.7362967914438503 0.6951402805611222 0.027406417112299464 0.019539078156312624
0 0.713903743315508 0.7066633266533067 0.02807486631016043 0.019539078156312624
0 0.7586898395721925 0.7179358717434869 0.022058823529411766 0.01903807615230461
0 0.7105614973262032 0.7868236472945892 0.030080213903743314 0.021042084168336674
0 0.7834224598930482 0.8071142284569138 0.03074866310160428 0.022044088176352707
0 0.8375668449197861 0.7329659318637275 0.02606951871657754 0.018036072144288578
0 0.8358957219251337 0.7570140280561122 0.024732620320855617 0.020541082164328657
0 0.8726604278074866 0.7860721442885772 0.026737967914438502 0.022044088176352707
0 0.8816844919786097 0.7630260521042084 0.020053475935828877 0.01753507014028056
0 0.8713235294117647 0.8682364729458918 0.02807486631016043 0.023547094188376753
0 0.705548128342246 0.8281563126252505 0.030080213903743314 0.01903807615230461
0 0.7179144385026738 0.8481963927855711 0.026737967914438502 0.01753507014028056
0 0.6911764705882353 0.9160821643286573 0.03409090909090909 0.023547094188376753
0 0.785427807486631 0.8890280561122245 0.02406417112299465 0.02154308617234469
0 0.821524064171123 0.87374749498998 0.02339572192513369 0.018036072144288578
0 0.3950534759358289 0.8862725450901804 0.02807486631016043 0.020541082164328657
0 0.2874331550802139 0.7720440881763527 0.027406417112299464 0.020541082164328657
0 0.26437165775401067 0.7775551102204409 0.02874331550802139 0.019539078156312624
0 0.25635026737967914 0.6771042084168337 0.027406417112299464 0.021042084168336674
0 0.19685828877005349 0.7031563126252505 0.022727272727272728 0.022044088176352707
0 0.34358288770053474 0.6523046092184369 0.030080213903743314 0.022545090180360723
0 0.41310160427807485 0.5864228456913828 0.030080213903743314 0.023547094188376753
0 0.4428475935828877 0.5460921843687375 0.03409090909090909 0.025050100200400802
0 0.4435160427807487 0.5485971943887775 0.02072192513368984 0.017034068136272545
0 0.37366310160427807 0.40155310621242485 0.03141711229946524 0.023547094188376753
0 0.34959893048128343 0.39629258517034066 0.02339572192513369 0.016533066132264528
0 0.4000668449197861 0.3479458917835671 0.02874331550802139 0.020541082164328657
0 0.25133689839572193 0.35120240480961923 0.02540106951871658 0.018537074148296594
0 0.18081550802139038 0.37625250501002006 0.02874331550802139 0.021042084168336674
0 0.28342245989304815 0.312374749498998 0.03074866310160428 0.020541082164328657
0 0.3205213903743315 0.33291583166332667 0.030080213903743314 0.02004008016032064
0 0.23830213903743316 0.5343186372745491 0.0481283422459893 0.03707414829659319
0 0.24732620320855614 0.5260521042084169 0.020053475935828877 0.014028056112224449
0 0.22794117647058823 0.5265531062124249 0.0213903743315508 0.014529058116232466
0 0.24632352941176472 0.5435871743486974 0.0213903743315508 0.01503006012024048
0 0.19351604278074866 0.5606212424849699 0.02874331550802139 0.019539078156312624
0 0.07586898395721925 0.6442885771543087 0.02807486631016043 0.020541082164328657
0 0.1373663101604278 0.6137274549098196 0.027406417112299464 0.019539078156312624
0 0.17045454545454544 0.5566132264529058 0.02406417112299465 0.01603206412825651
0 0.06851604278074866 0.4566633266533066 0.03074866310160428 0.025050100200400802
0 0.09725935828877005 0.3562124248496994 0.029411764705882353 0.022044088176352707
0 0.0912433155080214 0.37399799599198397 0.032754010695187165 0.022044088176352707
0 0.0661764705882353 0.39228456913827653 0.02406417112299465 0.019539078156312624
0 0.08656417112299465 0.4005511022044088 0.030080213903743314 0.02404809619238477
0 0.5106951871657754 0.7890781563126252 0.03409090909090909 0.026052104208416832
0 0.24565508021390375 0.8181362725450901 0.030080213903743314 0.022545090180360723
0 0.6473930481283422 0.5796593186372746 0.03676470588235294 0.026052104208416832
0 0.6323529411764706 0.5581162324649298 0.03074866310160428 0.022044088176352707
0 0.6383689839572193 0.5170340681362725 0.024732620320855617 0.02154308617234469