0 0.8972911963882618 0.35413533834586464 0.01636568848758465 0.022556390977443608
0 0.911117381489842 0.4 0.010158013544018058 0.015789473684210527
0 0.8552483069977427 0.3424812030075188 0.014672686230248307 0.018796992481203006
0 0.8321106094808126 0.3169172932330827 0.014108352144469526 0.015789473684210527
0 0.8177200902934537 0.26015037593984963 0.014108352144469526 0.014285714285714285
0 0.8191309255079007 0.40338345864661657 0.014108352144469526 0.01804511278195489
0 0.9489277652370203 0.20300751879699247 0.012415349887133182 0.017293233082706767
0 0.7494356659142212 0.3172932330827068 0.015237020316027089 0.02030075187969925
0 0.8340857787810384 0.8458646616541353 0.016930022573363433 0.021052631578947368
0 0.8247742663656885 0.8774436090225564 0.02878103837471783 0.03383458646616541
0 0.7691873589164786 0.7887218045112782 0.03611738148984198 0.04586466165413534
0 0.8081264108352144 0.8052631578947368 0.019751693002257337 0.02706766917293233
0 0.8022009029345373 0.843609022556391 0.023702031602708805 0.031578947368421054
0 0.8724604966139955 0.9387218045112782 0.014108352144469526 0.016541353383458645
0 0.8535553047404063 0.924436090225564 0.011286681715575621 0.014285714285714285
0 0.8428329571106095 0.9345864661654135 0.009593679458239277 0.010526315789473684
0 0.8682279909706546 0.9631578947368421 0.011851015801354402 0.014285714285714285
0 0.8501693002257337 0.956766917293233 0.011286681715575621 0.015037593984962405
0 0.838882618510158 0.956766917293233 0.01072234762979684 0.012030075187969926
0 0.8163092550790068 0.9048872180451127 0.01580135440180587 0.021052631578947368
0 0.7705981941309256 0.9172932330827067 0.014672686230248307 0.01804511278195489
0 0.755079006772009 0.9191729323308271 0.01805869074492099 0.02406015037593985
0 0.7629796839729119 0.9977443609022556 0.012415349887133182 0.004511278195488722
0 0.885158013544018 0.9067669172932331 0.009593679458239277 0.012030075187969926
0 0.8848758465011287 0.8545112781954888 0.009593679458239277 0.010526315789473684
0 0.8707674943566591 0.8631578947368421 0.012415349887133182 0.016541353383458645
0 0.8354966139954854 0.824812030075188 0.02144469525959368 0.02631578947368421
0 0.880079006772009 0.6394736842105263 0.011286681715575621 0.013533834586466165
0 0.9348194130925508 0.6390977443609023 0.011286681715575621 0.015789473684210527
0 0.9272009029345373 0.6484962406015038 0.009593679458239277 0.012781954887218045
0 0.869920993227991 0.6248120300751879 0.008465011286681716 0.012781954887218045
0 0.8267494356659142 0.6263157894736842 0.009593679458239277 0.012781954887218045
0 0.8326749435665914 0.6466165413533834 0.011851015801354402 0.014285714285714285
0 0.8676636568848759 0.6545112781954887 0.01072234762979684 0.013533834586466165
0 0.9345372460496614 0.5394736842105263 0.014108352144469526 0.015037593984962405
0 0.9119638826185101 0.5330827067669173 0.01072234762979684 0.015789473684210527
0 0.9195823927765236 0.5206766917293233 0.009029345372460496 0.012781954887218045
0 0.8704853273137697 0.5214285714285715 0.008465011286681716 0.010526315789473684
0 0.8854401805869074 0.5142857142857142 0.016930022573363433 0.02030075187969925
0 0.8967268623024831 0.4943609022556391 0.010158013544018058 0.015037593984962405
0 0.9297404063205418 0.5545112781954887 0.009593679458239277 0.014285714285714285
0 0.9582392776523702 0.343609022556391 0.008465011286681716 0.012781954887218045
0 0.9511851015801355 0.33383458646616543 0.008465011286681716 0.012781954887218045
0 0.878668171557562 0.3097744360902256 0.016930022573363433 0.021052631578947368
0 0.9040632054176072 0.33646616541353386 0.012979683972911963 0.016541353383458645
0 0.8862866817155757 0.3977443609022556 0.011286681715575621 0.012781954887218045
0 0.9288939051918735 0.4270676691729323 0.011851015801354402 0.013533834586466165
0 0.9240970654627539 0.4169172932330827 0.012415349887133182 0.014285714285714285
0 0.9509029345372461 0.18646616541353384 0.014108352144469526 0.019548872180451128
0 0.8868510158013544 0.2518796992481203 0.010158013544018058 0.015789473684210527
0 0.8465011286681715 0.2785714285714286 0.008465011286681716 0.013533834586466165
0 0.9029345372460497 0.26879699248120303 0.008465011286681716 0.015037593984962405
0 0.9218397291196389 0.2819548872180451 0.011851015801354402 0.015037593984962405
0 0.9204288939051919 0.31240601503759396 0.013544018058690745 0.018796992481203006
0 0.8120767494356659 0.2206766917293233 0.013544018058690745 0.014285714285714285
0 0.7852708803611738 0.22142857142857142 0.01072234762979684 0.015789473684210527
0 0.7784988713318285 0.19360902255639098 0.009593679458239277 0.013533834586466165
0 0.7830135440180587 0.1725563909774436 0.012415349887133182 0.016541353383458645
0 0.8857223476297968 0.2206766917293233 0.008465011286681716 0.012030075187969926
0 0.8081264108352144 0.27593984962406015 0.011286681715575621 0.015789473684210527
0 0.8143340857787811 0.35150375939849626 0.014672686230248307 0.019548872180451128
0 0.768058690744921 0.3898496240601504 0.010158013544018058 0.013533834586466165
0 0.7945823927765236 0.3819548872180451 0.01072234762979684 0.012781954887218045
0 0.8304176072234764 0.43721804511278195 0.01636568848758465 0.022556390977443608
0 0.7849887133182845 0.43045112781954886 0.011286681715575621 0.015789473684210527
0 0.7804740406320542 0.4507518796992481 0.011851015801354402 0.014285714285714285
0 0.7974040632054176 0.45789473684210524 0.012979683972911963 0.017293233082706767
0 0.7787810383747178 0.6274436090225564 0.011286681715575621 0.015789473684210527
0 0.7804740406320542 0.6116541353383459 0.012415349887133182 0.016541353383458645
0 0.787528216704289 0.649624060150376 0.014672686230248307 0.018796992481203006
0 0.7533860045146726 0.6857142857142857 0.02200902934537246 0.02556390977443609
0 0.7305304740406321 0.6853383458646617 0.027652370203160272 0.03609022556390978
0 0.744920993227991 0.7342105263157894 0.025959367945823927 0.027819548872180452
0 0.8544018058690744 0.7157894736842105 0.012979683972911963 0.016541353383458645
0 0.8580699774266366 0.6917293233082706 0.022573363431151242 0.029323308270676692
0 0.7573363431151241 0.7988721804511278 0.02144469525959368 0.02481203007518797
0 0.7920428893905191 0.8605263157894737 0.02144469525959368 0.02406015037593985
0 0.7285553047404063 0.7530075187969925 0.02144469525959368 0.02706766917293233
0 0.6103273137697517 0.9191729323308271 0.023137697516930022 0.031578947368421054
0 0.6086343115124153 0.8218045112781955 0.019751693002257337 0.02631578947368421
0 0.6086343115124153 0.8041353383458647 0.013544018058690745 0.015037593984962405
0 0.6244356659142212 0.7845864661654135 0.033860045146726865 0.0406015037593985
0 0.6659142212189616 0.8345864661654135 0.017494356659142212 0.02030075187969925
0 0.6653498871331829 0.8515037593984962 0.008465011286681716 0.012781954887218045
0 0.6698645598194131 0.8620300751879699 0.012979683972911963 0.016541353383458645
0 0.6811512415349887 0.6575187969924812 0.009593679458239277 0.015037593984962405
0 0.7119074492099323 0.6733082706766917 0.024266365688487584 0.029323308270676692
0 0.731941309255079 0.7097744360902256 0.011286681715575621 0.015037593984962405
0 0.6755079006772009 0.6139097744360902 0.022573363431151242 0.029323308270676692
0 0.7130361173814899 0.630827067669173 0.011286681715575621 0.015789473684210527
0 0.6994920993227991 0.5056390977443609 0.0208803611738149 0.02330827067669173
0 0.6822799097065463 0.49473684210526314 0.023702031602708805 0.02706766917293233
0 0.6585778781038375 0.4605263157894737 0.022573363431151242 0.029323308270676692
0 0.7014672686230248 0.24924812030075189 0.009593679458239277 0.014285714285714285
0 0.7220654627539503 0.22030075187969925 0.012979683972911963 0.018796992481203006
0 0.6323363431151241 0.11917293233082707 0.014108352144469526 0.016541353383458645
0 0.6241534988713319 0.10563909774436091 0.011286681715575621 0.015789473684210527
0 0.6233069977426636 0.17293233082706766 0.014108352144469526 0.017293233082706767
0 0.6035553047404063 0.14511278195488722 0.009593679458239277 0.014285714285714285
0 0.5959367945823928 0.18909774436090226 0.01580135440180587 0.02180451127819549
0 0.6024266365688488 0.16541353383458646 0.009593679458239277 0.015037593984962405
0 0.6145598194130926 0.23458646616541354 0.011851015801354402 0.014285714285714285
0 0.5846501128668171 0.23796992481203008 0.01636568848758465 0.018796992481203006
0 0.6582957110609481 0.3011278195488722 0.009029345372460496 0.010526315789473684
0 0.6441873589164786 0.26127819548872183 0.012979683972911963 0.01804511278195489
0 0.5908577878103838 0.29774436090225564 0.012415349887133182 0.015037593984962405
0 0.5313205417607223 0.337218045112782 0.011851015801354402 0.015037593984962405
0 0.5158013544018059 0.3451127819548872 0.011286681715575621 0.015789473684210527
0 0.5733634311512416 0.39849624060150374 0.012415349887133182 0.013533834586466165
0 0.5135440180586908 0.39924812030075185 0.009593679458239277 0.014285714285714285
0 0.539785553047404 0.21353383458646616 0.014672686230248307 0.017293233082706767
0 0.5434537246049661 0.24473684210526317 0.011851015801354402 0.014285714285714285
0 0.6334650112866818 0.3526315789473684 0.014672686230248307 0.017293233082706767
0 0.6639390519187359 0.43045112781954886 0.025395033860045147 0.029323308270676692
0 0.5231376975169301 0.4481203007518797 0.010158013544018058 0.010526315789473684
0 0.6159706546275395 0.5142857142857142 0.02200902934537246 0.027819548872180452
0 0.6018623024830699 0.5394736842105263 0.024830699774266364 0.027819548872180452
0 0.5680022573363431 0.5834586466165413 0.020316027088036117 0.02556390977443609
0 0.5564334085778782 0.6071428571428571 0.025395033860045147 0.02706766917293233
0 0.5299097065462754 0.6157894736842106 0.025959367945823927 0.03007518796992481
0 0.5668735891647856 0.6507518796992481 0.025959367945823927 0.03007518796992481
0 0.5606659142212189 0.7360902255639098 0.024266365688487584 0.032330827067669175
0 0.5519187358916479 0.7793233082706766 0.024830699774266364 0.032330827067669175
0 0.5392212189616253 0.7436090225563909 0.023137697516930022 0.032330827067669175
0 0.614841986455982 0.8853383458646616 0.023702031602708805 0.029323308270676692
0 0.5956546275395034 0.9432330827067669 0.0208803611738149 0.02631578947368421
0 0.6106094808126411 0.9947368421052631 0.013544018058690745 0.010526315789473684
0 0.4503386004514673 0.824812030075188 0.01636568848758465 0.018796992481203006
0 0.4641647855530474 0.806015037593985 0.014108352144469526 0.016541353383458645
0 0.43369074492099324 0.6266917293233083 0.012415349887133182 0.016541353383458645
0 0.46613995485327314 0.5785714285714286 0.018623024830699775 0.02030075187969925
0 0.46106094808126413 0.6097744360902255 0.012415349887133182 0.015037593984962405
0 0.445823927765237 0.5537593984962406 0.011851015801354402 0.014285714285714285
0 0.4167607223476298 0.5056390977443609 0.014672686230248307 0.01804511278195489
0 0.434255079006772 0.3830827067669173 0.012415349887133182 0.01804511278195489
0 0.42409706546275394 0.38721804511278196 0.009593679458239277 0.013533834586466165
0 0.45767494356659144 0.4206766917293233 0.014672686230248307 0.017293233082706767
0 0.4757336343115124 0.38533834586466165 0.015237020316027089 0.016541353383458645
0 0.5321670428893905 0.43759398496240604 0.012415349887133182 0.015037593984962405
0 0.4757336343115124 0.33157894736842103 0.012415349887133182 0.015037593984962405
0 0.44836343115124155 0.3368421052631579 0.013544018058690745 0.015037593984962405
0 0.4435665914221219 0.3101503759398496 0.009593679458239277 0.012781954887218045
0 0.5536117381489842 0.14774436090225565 0.017494356659142212 0.02030075187969925
0 0.5764672686230248 0.12631578947368421 0.008465011286681716 0.011278195488721804
0 0.481941309255079 0.10488721804511278 0.010158013544018058 0.015789473684210527
0 0.5087471783295711 0.06503759398496241 0.011851015801354402 0.015037593984962405
0 0.4791196388261851 0.06090225563909774 0.01636568848758465 0.017293233082706767
0 0.45372460496614 0.046992481203007516 0.014672686230248307 0.019548872180451128
0 0.44187358916478553 0.0906015037593985 0.016930022573363433 0.022556390977443608
0 0.46952595936794583 0.07443609022556391 0.011286681715575621 0.013533834586466165
0 0.41563205417607224 0.14473684210526316 0.010158013544018058 0.012781954887218045
0 0.4398984198645598 0.1349624060150376 0.009593679458239277 0.014285714285714285
0 0.4252257336343115 0.016165413533834588 0.016930022573363433 0.022556390977443608
0 0.4128103837471783 0.07368421052631578 0.012979683972911963 0.01804511278195489
0 0.3572234762979684 0.04962406015037594 0.012415349887133182 0.016541353383458645
0 0.3687923250564334 0.01992481203007519 0.024830699774266364 0.03308270676691729
0 0.3442437923250564 0.010526315789473684 0.014108352144469526 0.017293233082706767
0 0.47799097065462753 0.19962406015037593 0.012979683972911963 0.01804511278195489
0 0.34085778781038373 0.20902255639097744 0.01580135440180587 0.019548872180451128
0 0.3329571106094808 0.2357142857142857 0.014108352144469526 0.016541353383458645
0 0.35242663656884876 0.22330827067669173 0.014108352144469526 0.01804511278195489
0 0.4145033860045147 0.28421052631578947 0.012415349887133182 0.015037593984962405
0 0.3781038374717833 0.2507518796992481 0.012979683972911963 0.01804511278195489
0 0.4193002257336343 0.2548872180451128 0.014108352144469526 0.01804511278195489
0 0.3989841986455982 0.3406015037593985 0.01805869074492099 0.019548872180451128
0 0.34904063205417607 0.6120300751879699 0.012415349887133182 0.015789473684210527
0 0.27313769751693 0.5973684210526315 0.016930022573363433 0.019548872180451128
0 0.34621896162528215 0.9593984962406015 0.012415349887133182 0.017293233082706767
0 0.32562076749435664 0.9541353383458646 0.012979683972911963 0.016541353383458645
0 0.12866817155756208 0.9093984962406015 0.020316027088036117 0.027819548872180452
0 0.15321670428893905 0.9135338345864662 0.014108352144469526 0.019548872180451128
0 0.15321670428893905 0.8913533834586466 0.02144469525959368 0.02481203007518797
0 0.1399548532731377 0.8706766917293233 0.011286681715575621 0.012781954887218045
0 0.17663656884875847 0.8639097744360902 0.014108352144469526 0.015037593984962405
0 0.1630925507900677 0.7913533834586466 0.013544018058690745 0.019548872180451128
0 0.1848194130925508 0.7714285714285715 0.014108352144469526 0.019548872180451128
0 0.19836343115124153 0.7616541353383459 0.011851015801354402 0.017293233082706767
0 0.19892776523702033 0.7890977443609023 0.017494356659142212 0.02330827067669173
0 0.2144469525959368 0.6736842105263158 0.011851015801354402 0.016541353383458645
0 0.2231941309255079 0.6827067669172933 0.013544018058690745 0.017293233082706767
0 0.18425507900677202 0.5913533834586466 0.01580135440180587 0.018796992481203006
0 0.26664785553047404 0.3827067669172932 0.010158013544018058 0.013533834586466165
0 0.2562076749435666 0.2887218045112782 0.014108352144469526 0.01804511278195489
0 0.29288939051918733 0.19323308270676692 0.013544018058690745 0.016541353383458645
0 0.22799097065462753 0.16654135338345866 0.008465011286681716 0.013533834586466165
0 0.23617381489841988 0.16954887218045112 0.011851015801354402 0.017293233082706767
0 0.17183972911963882 0.24436090225563908 0.01072234762979684 0.013533834586466165
0 0.1961060948081264 0.16578947368421051 0.010158013544018058 0.015789473684210527
0 0.2025959367945824 0.13609022556390976 0.017494356659142212 0.02180451127819549
0 0.2144469525959368 0.1481203007518797 0.012415349887133182 0.016541353383458645
0 0.1819977426636569 0.15413533834586465 0.011286681715575621 0.017293233082706767
0 0.16478555304740405 0.14398496240601505 0.018623024830699775 0.02631578947368421
0 0.1986455981941309 0.19736842105263158 0.013544018058690745 0.018796992481203006
0 0.20062076749435667 0.18345864661654135 0.010158013544018058 0.014285714285714285
0 0.1673250564334086 0.20601503759398496 0.009593679458239277 0.012781954887218045
0 0.24012415349887134 0.11052631578947368 0.014108352144469526 0.016541353383458645
0 0.25761851015801357 0.13345864661654136 0.014108352144469526 0.017293233082706767
0 0.2782167042889391 0.1 0.011286681715575621 0.016541353383458645
0 0.28724604966139955 0.10263157894736842 0.009593679458239277 0.015037593984962405
0 0.3055869074492099 0.12180451127819548 0.012979683972911963 0.01804511278195489
0 0.2406884875846501 0.05075187969924812 0.014672686230248307 0.02030075187969925
0 0.268058690744921 0.06766917293233082 0.011286681715575621 0.013533834586466165
0 0.3134875846501129 0.06804511278195488 0.011286681715575621 0.013533834586466165
0 0.28639954853273136 0.03496240601503759 0.012979683972911963 0.016541353383458645
0 0.21670428893905191 0.014285714285714285 0.014108352144469526 0.015037593984962405
0 0.24322799097065462 0.005263157894736842 0.01580135440180587 0.010526315789473684
0 0.291196388261851 0.0030075187969924814 0.010158013544018058 0.006015037593984963
0 0.3013544018058691 0.002631578947368421 0.012415349887133182 0.005263157894736842
0 0.3095372460496614 0.04661654135338346 0.019751693002257337 0.022556390977443608
0 0.2909142212189616 0.05150375939849624 0.010158013544018058 0.012781954887218045
0 0.1992099322799097 0.007142857142857143 0.009593679458239277 0.010526315789473684
0 0.20457110609480814 0.002631578947368421 0.01072234762979684 0.005263157894736842
0 0.17832957110609482 0.006390977443609023 0.010158013544018058 0.012781954887218045
0 0.1786117381489842 0.02894736842105263 0.01580135440180587 0.018796992481203006
0 0.14080135440180586 0.009774436090225564 0.02652370203160271 0.019548872180451128
0 0.14136568848758466 0.015413533834586466 0.009593679458239277 0.013533834586466165
0 0.1396726862302483 0.0011278195488721805 0.007336343115124154 0.002255639097744361
0 0.1190744920993228 0.004887218045112782 0.010158013544018058 0.009774436090225564
0 0.10863431151241534 0.029699248120300753 0.01072234762979684 0.015789473684210527
0 0.10270880361173815 0.05112781954887218 0.01580135440180587 0.021052631578947368
0 0.11540632054176073 0.06127819548872181 0.014672686230248307 0.02030075187969925
0 0.13797968397291197 0.08533834586466166 0.019187358916478554 0.02180451127819549
0 0.10750564334085778 0.11992481203007518 0.011286681715575621 0.015789473684210527
0 0.13148984198645597 0.131203007518797 0.024266365688487584 0.02180451127819549
0 0.1187923250564334 0.14774436090225565 0.011286681715575621 0.015789473684210527
0 0.08380361173814899 0.11240601503759398 0.01580135440180587 0.021052631578947368
0 0.09734762979683972 0.08233082706766917 0.02200902934537246 0.029323308270676692
0 0.09480812641083522 0.06127819548872181 0.014672686230248307 0.02030075187969925
0 0.09424379232505643 0.2075187969924812 0.01805869074492099 0.02481203007518797
0 0.04655756207674944 0.3026315789473684 0.011286681715575621 0.014285714285714285
0 0.06461625282167043 0.3586466165413534 0.010158013544018058 0.014285714285714285
0 0.04683972911963882 0.35 0.01805869074492099 0.02631578947368421
0 0.040067720090293454 0.3319548872180451 0.013544018058690745 0.015037593984962405
0 0.007618510158013544 0.850375939849624 0.012979683972911963 0.015037593984962405
0 0.006207674943566591 0.8338345864661654 0.012415349887133182 0.022556390977443608
0 0.007900677200902935 0.8135338345864662 0.01580135440180587 0.021052631578947368
0 0.004514672686230248 0.7639097744360902 0.009029345372460496 0.019548872180451128
0 0.058408577878103836 0.6556390977443609 0.010158013544018058 0.015789473684210527
0 0.04147855530474041 0.6548872180451127 0.014672686230248307 0.017293233082706767
0 0.04994356659142212 0.6973684210526315 0.01072234762979684 0.012030075187969926
0 0.020598194130925507 0.7221804511278196 0.01636568848758465 0.017293233082706767
0 0.025112866817155757 0.6541353383458647 0.019751693002257337 0.02556390977443609
0 0.04430022573363431 0.5853383458646616 0.011286681715575621 0.014285714285714285
0 0.05389390519187359 0.5744360902255639 0.012979683972911963 0.017293233082706767
0 0.002257336343115124 0.5988721804511278 0.004514672686230248 0.02030075187969925
0 0.007900677200902935 0.6567669172932331 0.01580135440180587 0.03383458646616541
0 0.02116252821670429 0.6319548872180452 0.012979683972911963 0.016541353383458645
0 0.030191873589164784 0.6154135338345864 0.01072234762979684 0.015789473684210527
0 0.03781038374717833 0.5274436090225564 0.010158013544018058 0.013533834586466165
0 0.0567155756207675 0.4556390977443609 0.009593679458239277 0.012781954887218045
0 0.6052483069977427 0.362406015037594 0.011286681715575621 0.012781954887218045
0 0.516647855530474 0.24022556390977443 0.012979683972911963 0.01804511278195489