0 0.3629989212513484 0.30719424460431655 0.012405609492988134 0.017985611510791366
0 0.34735706580366776 0.3366906474820144 0.010248112189859764 0.017266187050359712
0 0.43149946062567424 0.3773381294964029 0.01564185544768069 0.01870503597122302
0 0.37998921251348433 0.20215827338129497 0.015102481121898598 0.02446043165467626
0 0.4970334412081985 0.24496402877697843 0.01779935275080906 0.02014388489208633
0 0.5153721682847896 0.16223021582733813 0.01564185544768069 0.019424460431654675
0 0.5137540453074434 0.26007194244604315 0.009169363538295576 0.012949640287769784
0 0.4848975188781014 0.25755395683453236 0.01564185544768069 0.016546762589928057
0 0.3856526429341963 0.14496402877697842 0.022114347357065803 0.026618705035971222
0 0.4598166127292341 0.160431654676259 0.016720604099244876 0.019424460431654675
0 0.35625674217907227 0.25575539568345323 0.02319309600862999 0.026618705035971222
0 0.34385113268608414 0.21402877697841727 0.01564185544768069 0.020863309352517987
0 0.2928802588996764 0.18453237410071943 0.03128371089536138 0.02877697841726619
0 0.27939590075512405 0.35 0.019417475728155338 0.023741007194244605
0 0.27238403451995685 0.38848920863309355 0.019417475728155338 0.026618705035971222
0 0.5299352750809061 0.46474820143884893 0.021035598705501618 0.023741007194244605
0 0.41504854368932037 0.48741007194244607 0.019417475728155338 0.020863309352517987
0 0.34331175836030203 0.4489208633093525 0.01564185544768069 0.02014388489208633
0 0.3724379719525351 0.4205035971223022 0.02319309600862999 0.029496402877697843
0 0.3122977346278317 0.4510791366906475 0.023732470334412083 0.02158273381294964
0 0.2785868392664509 0.5017985611510791 0.016181229773462782 0.02302158273381295
0 0.2688781014023732 0.5424460431654676 0.022114347357065803 0.029496402877697843
0 0.22815533980582525 0.5356115107913669 0.018878101402373247 0.025179856115107913
0 0.25620280474649404 0.5758992805755395 0.020496224379719527 0.023741007194244605
0 0.4911003236245955 0.3226618705035971 0.018338727076591153 0.029496402877697843
0 0.552319309600863 0.2755395683453237 0.023732470334412083 0.029496402877697843
0 0.5469255663430421 0.29856115107913667 0.01779935275080906 0.02014388489208633
0 0.5706580366774542 0.19676258992805756 0.018338727076591153 0.02877697841726619
0 0.5412621359223301 0.17805755395683454 0.019417475728155338 0.023741007194244605
0 0.29557713052858686 0.12338129496402878 0.021035598705501618 0.02302158273381295
0 0.2632146709816613 0.16366906474820145 0.021035598705501618 0.027338129496402876
0 0.24514563106796117 0.17338129496402876 0.015102481121898598 0.020863309352517987
0 0.29557713052858686 0.7870503597122303 0.011326860841423949 0.016546762589928057
0 0.2691477885652643 0.787410071942446 0.011326860841423949 0.014388489208633094
0 0.3540992448759439 0.7568345323741007 0.011326860841423949 0.014388489208633094
0 0.24703344120819848 0.8215827338129497 0.019417475728155338 0.02446043165467626
0 0.4091154261057174 0.85431654676259 0.016720604099244876 0.023741007194244605
0 0.3149946062567422 0.9284172661870503 0.014563106796116505 0.01870503597122302
0 0.28236245954692557 0.8989208633093525 0.014023732470334413 0.019424460431654675
0 0.45415318230852214 0.45971223021582736 0.017259978425026967 0.025179856115107913
0 0.44660194174757284 0.41762589928057553 0.01564185544768069 0.020863309352517987
0 0.5485436893203883 0.3733812949640288 0.019956850053937433 0.023741007194244605
0 0.4784250269687163 0.29028776978417264 0.022114347357065803 0.029496402877697843
0 0.8802588996763754 0.26223021582733813 0.017259978425026967 0.02302158273381295
0 0.8298274002157497 0.24964028776978417 0.020496224379719527 0.027338129496402876
0 0.9250269687162891 0.20215827338129497 0.016720604099244876 0.020863309352517987
0 0.7602481121898598 0.18453237410071943 0.01348435814455232 0.017266187050359712
0 0.7402912621359223 0.24424460431654677 0.016181229773462782 0.02302158273381295
0 0.7532362459546925 0.2316546762589928 0.015102481121898598 0.022302158273381296
0 0.691747572815534 0.2712230215827338 0.016720604099244876 0.02158273381294964
0 0.7214131607335491 0.27266187050359714 0.016720604099244876 0.020863309352517987
0 0.7181769147788565 0.3338129496402878 0.014563106796116505 0.017266187050359712
0 0.6232470334412082 0.16510791366906474 0.01779935275080906 0.02446043165467626
0 0.6383495145631068 0.16079136690647483 0.012944983818770227 0.017985611510791366
0 0.6456310679611651 0.18920863309352517 0.016181229773462782 0.025179856115107913
0 0.6585760517799353 0.1985611510791367 0.01564185544768069 0.019424460431654675
0 0.6138079827400216 0.21510791366906476 0.015102481121898598 0.020863309352517987
0 0.6267529665587918 0.2719424460431655 0.014563106796116505 0.02014388489208633
0 0.6423948220064725 0.23741007194244604 0.016720604099244876 0.02014388489208633
0 0.6183926645091694 0.32697841726618704 0.017259978425026967 0.022302158273381296
0 0.6701725997842503 0.3316546762589928 0.016720604099244876 0.02302158273381295
0 0.604908306364617 0.45143884892086333 0.014563106796116505 0.02302158273381295
0 0.6326860841423948 0.5025179856115108 0.014023732470334413 0.02158273381294964
0 0.7084681769147788 0.4960431654676259 0.015102481121898598 0.020863309352517987
0 0.5674217907227616 0.6823741007194245 0.01348435814455232 0.02014388489208633
0 0.5822545846817692 0.7140287769784173 0.014023732470334413 0.02014388489208633
0 0.7162891046386192 0.625179856115108 0.016720604099244876 0.02158273381294964
0 0.6933656957928802 0.6147482014388489 0.014023732470334413 0.02014388489208633
0 0.8004314994606256 0.6485611510791367 0.016181229773462782 0.02302158273381295