0 0.8095075239398085 0.5031934306569343 0.033515731874145006 0.037408759124087594
0 0.26812585499316005 0.677007299270073 0.02667578659370725 0.029197080291970802
0 0.2862517099863201 0.6322992700729927 0.025991792065663474 0.028284671532846715
0 0.2414500683994528 0.7098540145985401 0.017783857729138167 0.020072992700729927
0 0.24829001367989056 0.7198905109489051 0.015047879616963064 0.017335766423357664
0 0.2506839945280438 0.7349452554744526 0.023939808481532147 0.02645985401459854
0 0.20861833105335156 0.697536496350365 0.028727770177838577 0.032846715328467155
0 0.46135430916552667 0.739507299270073 0.015047879616963064 0.017335766423357664
0 0.4538303693570451 0.7490875912408759 0.023939808481532147 0.02645985401459854
0 0.5892612859097127 0.7121350364963503 0.015047879616963064 0.017335766423357664
0 0.7373461012311902 0.739507299270073 0.021203830369357045 0.023722627737226276
0 0.7708618331053352 0.7641423357664233 0.022571819425444596 0.025547445255474453
0 0.847469220246238 0.7271897810218978 0.02188782489740082 0.024635036496350366
0 0.9873461012311902 0.8038321167883211 0.0253077975376197 0.032846715328467155
0 0.9627222982216143 0.7883211678832117 0.030095759233926128 0.03375912408759124
0 0.7588919288645691 0.4904197080291971 0.03488372093023256 0.03923357664233577
0 0.7903556771545828 0.4666970802919708 0.0280437756497948 0.03102189781021898
0 0.7886456908344733 0.5009124087591241 0.032147742818057455 0.035583941605839414
0 0.801983584131327 0.5241788321167883 0.021203830369357045 0.023722627737226276
0 0.7130642954856361 0.5346715328467153 0.02051983584131327 0.021897810218978103
0 0.7028043775649795 0.40556569343065696 0.023255813953488372 0.02645985401459854
0 0.6833105335157319 0.42655109489051096 0.024623803009575923 0.02737226277372263
0 0.570109439124487 0.5720802919708029 0.009575923392612859 0.010036496350364963
0 0.46101231190150477 0.8667883211678832 0.01094391244870041 0.012773722627737226
0 0.49281805745554036 0.896441605839416 0.01573187414500684 0.017335766423357664
0 0.5198358413132695 0.8740875912408759 0.01709986320109439 0.01916058394160584
0 0.5253077975376197 0.8526459854014599 0.013679890560875513 0.01551094890510949
0 0.380984952120383 0.7445255474452555 0.030095759233926128 0.03375912408759124
0 0.3796169630642955 0.7007299270072993 0.023939808481532147 0.02645985401459854
0 0.4428864569083447 0.5634124087591241 0.028727770177838577 0.032846715328467155
0 0.5827633378932968 0.3170620437956204 0.0253077975376197 0.028284671532846715
0 0.591655266757866 0.26186131386861317 0.02667578659370725 0.030109489051094892
0 0.5690834473324213 0.21304744525547445 0.028727770177838577 0.03193430656934307
0 0.539671682626539 0.18156934306569342 0.017783857729138167 0.020072992700729927
0 0.6443228454172366 0.1989051094890511 0.022571819425444596 0.025547445255474453
0 0.6241450068399452 0.22673357664233576 0.02667578659370725 0.03102189781021898
0 0.5348837209302325 0.197992700729927 0.023255813953488372 0.02645985401459854
0 0.6713406292749658 0.1792883211678832 0.02051983584131327 0.021897810218978103
0 0.646032831737346 0.16742700729927007 0.017783857729138167 0.020985401459854013
0 0.6535567715458276 0.17472627737226276 0.019151846785225718 0.021897810218978103
0 0.6309849521203831 0.16195255474452555 0.036935704514363885 0.04105839416058394
0 0.6323529411764706 0.21395985401459855 0.02667578659370725 0.030109489051094892
0 0.573187414500684 0.19206204379562045 0.029411764705882353 0.032846715328467155
0 0.5403556771545828 0.11313868613138686 0.022571819425444596 0.025547445255474453
0 0.5256497948016415 0.1259124087591241 0.02667578659370725 0.029197080291970802
0 0.5006839945280438 0.11405109489051095 0.024623803009575923 0.02737226277372263
0 0.4852941176470588 0.15145985401459855 0.03419972640218878 0.03832116788321168
0 0.5759233926128591 0.13503649635036497 0.0253077975376197 0.028284671532846715
0 0.5646374829001368 0.1468978102189781 0.025991792065663474 0.028284671532846715
0 0.45554035567715456 0.17016423357664234 0.029411764705882353 0.032846715328467155
0 0.42886456908344733 0.18202554744525548 0.025991792065663474 0.028284671532846715
0 0.4469904240766074 0.16149635036496351 0.023255813953488372 0.02645985401459854
0 0.6231190150478796 0.8946167883211679 0.033515731874145006 0.037408759124087594
0 0.6361149110807114 0.8690693430656934 0.03283173734610123 0.0364963503649635
0 0.5848153214774282 0.8690693430656934 0.011627906976744186 0.012773722627737226
0 0.6258549931600548 0.8375912408759124 0.023939808481532147 0.02645985401459854
0 0.7732558139534884 0.8745437956204379 0.030779753761969904 0.03467153284671533
0 0.7089603283173734 0.9046532846715328 0.03625170998632011 0.040145985401459854
0 0.9846101231190151 0.8521897810218978 0.030095759233926128 0.030109489051094892
0 0.987688098495212 0.7472627737226277 0.024623803009575923 0.029197080291970802
0 0.5109439124487004 0.7618613138686131 0.017783857729138167 0.020072992700729927
0 0.4859781121751026 0.7563868613138686 0.0253077975376197 0.028284671532846715
0 0.47571819425444595 0.6888686131386861 0.023255813953488372 0.02645985401459854
0 0.4784541723666211 0.8166058394160584 0.023255813953488372 0.02645985401459854
0 0.3478112175102599 0.7349452554744526 0.0253077975376197 0.028284671532846715
0 0.34644322845417236 0.6710766423357665 0.03283173734610123 0.037408759124087594
0 0.31600547195622436 0.8115875912408759 0.03761969904240766 0.041970802919708027
0 0.2051983584131327 0.6172445255474452 0.023939808481532147 0.02645985401459854
0 0.19870041039671682 0.6281934306569343 0.0280437756497948 0.03102189781021898
0 0.23358413132694938 0.5866788321167883 0.030779753761969904 0.03375912408759124
0 0.7674418604651163 0.8202554744525548 0.03898768809849521 0.043795620437956206
0 0.6744186046511628 0.7778284671532847 0.03761969904240766 0.04288321167883212
0 0.9586183310533516 0.761405109489051 0.04240766073871409 0.04744525547445255
0 0.9637482900136799 0.5999087591240876 0.0506155950752394 0.05656934306569343
0 0.9199726402188783 0.5907846715328468 0.03488372093023256 0.03923357664233577
0 0.40013679890560877 0.20301094890510948 0.033515731874145006 0.03832116788321168
0 0.6990424076607387 0.1989051094890511 0.030095759233926128 0.03375912408759124
0 0.6268809849521204 0.19114963503649635 0.03146374829001368 0.03467153284671533
0 0.6600547195622435 0.6268248175182481 0.019835841313269494 0.021897810218978103
0 0.6788645690834473 0.6286496350364964 0.02188782489740082 0.024635036496350366
0 0.6289329685362517 0.6409671532846716 0.019151846785225718 0.021897810218978103
0 0.7602599179206566 0.6277372262773723 0.021203830369357045 0.023722627737226276
0 0.7571819425444597 0.5994525547445255 0.021203830369357045 0.024635036496350366
0 0.6580027359781122 0.22764598540145986 0.021203830369357045 0.024635036496350366
0 0.6412448700410397 0.24133211678832117 0.019835841313269494 0.021897810218978103
0 0.5550615595075239 0.12454379562043795 0.021203830369357045 0.023722627737226276
0 0.539671682626539 0.12910583941605838 0.023939808481532147 0.02645985401459854
0 0.5403556771545828 0.15328467153284672 0.02051983584131327 0.021897810218978103
0 0.29035567715458277 0.6104014598540146 0.019835841313269494 0.021897810218978103
0 0.25376196990424077 0.6957116788321168 0.02188782489740082 0.024635036496350366
0 0.1853625170998632 0.7422445255474452 0.021203830369357045 0.024635036496350366
0 0.17578659370725033 0.7326642335766423 0.023939808481532147 0.02645985401459854
0 0.5126538987688098 0.5168795620437956 0.01573187414500684 0.017335766423357664
0 0.664500683994528 0.2732664233576642 0.019835841313269494 0.021897810218978103
0 0.6771545827633378 0.23312043795620438 0.023939808481532147 0.02645985401459854
0 0.7130642954856361 0.21897810218978103 0.019151846785225718 0.021897810218978103
0 0.707250341997264 0.24133211678832117 0.018467852257181942 0.020985401459854013
0 0.5249658002735978 0.5634124087591241 0.022571819425444596 0.025547445255474453
0 0.5147058823529411 0.572992700729927 0.02188782489740082 0.025547445255474453
0 0.5143638850889193 0.6687956204379562 0.022571819425444596 0.025547445255474453
0 0.6186730506155951 0.7358576642335767 0.023255813953488372 0.02645985401459854