0 0.1171875 0.20442708333333334 0.009765625 0.011067708333333334
0 0.1318359375 0.2565104166666667 0.0126953125 0.016276041666666668
0 0.11767578125 0.24153645833333334 0.01123046875 0.014973958333333334
0 0.17919921875 0.2779947916666667 0.013671875 0.009765625
0 0.18603515625 0.19856770833333334 0.0107421875 0.012369791666666666
0 0.158203125 0.1640625 0.01171875 0.013020833333333334
0 0.15576171875 0.15559895833333334 0.01611328125 0.017578125
0 0.138671875 0.14388020833333334 0.00927734375 0.012369791666666666
0 0.158203125 0.11848958333333333 0.009765625 0.011067708333333334
0 0.12841796875 0.12890625 0.01220703125 0.01171875
0 0.16552734375 0.13541666666666666 0.009765625 0.011067708333333334
0 0.177734375 0.12239583333333333 0.0146484375 0.016276041666666668
0 0.68896484375 0.9147135416666666 0.02001953125 0.022135416666666668
0 0.7275390625 0.9016927083333334 0.01513671875 0.01953125
0 0.71533203125 0.90625 0.0146484375 0.025390625
0 0.654296875 0.9010416666666666 0.013671875 0.022135416666666668
0 0.59375 0.900390625 0.0126953125 0.016927083333333332
0 0.58447265625 0.9225260416666666 0.01318359375 0.020182291666666668
0 0.5634765625 0.869140625 0.01171875 0.013020833333333334
0 0.57568359375 0.859375 0.013671875 0.013020833333333334
0 0.60986328125 0.8567708333333334 0.0146484375 0.022135416666666668
0 0.4482421875 0.8541666666666666 0.00634765625 0.01171875
0 0.44287109375 0.8541666666666666 0.00439453125 0.007161458333333333
0 0.44091796875 0.8626302083333334 0.00732421875 0.010416666666666666
0 0.4013671875 0.9205729166666666 0.009765625 0.01171875
0 0.35205078125 0.8684895833333334 0.00634765625 0.010416666666666666
0 0.3544921875 0.8977864583333334 0.00634765625 0.010416666666666666
0 0.36572265625 0.9127604166666666 0.00732421875 0.009765625
0 0.41650390625 0.8606770833333334 0.00634765625 0.008463541666666666
0 0.41455078125 0.8352864583333334 0.00634765625 0.008463541666666666
0 0.39306640625 0.8483072916666666 0.00634765625 0.0078125
0 0.369140625 0.6276041666666666 0.0078125 0.012369791666666666
0 0.36767578125 0.640625 0.01025390625 0.009765625
0 0.3701171875 0.669921875 0.00732421875 0.01171875
0 0.4169921875 0.595703125 0.01025390625 0.009114583333333334
0 0.36181640625 0.4505208333333333 0.0087890625 0.010416666666666666
0 0.24365234375 0.17903645833333334 0.0087890625 0.016927083333333332
0 0.23486328125 0.17903645833333334 0.0078125 0.012369791666666666
0 0.13671875 0.4563802083333333 0.01806640625 0.024739583333333332
0 0.17919921875 0.5390625 0.0146484375 0.016927083333333332
0 0.21240234375 0.7981770833333334 0.01123046875 0.016927083333333332
0 0.21728515625 0.7766927083333334 0.01123046875 0.014322916666666666
0 0.1630859375 0.7819010416666666 0.009765625 0.012369791666666666
0 0.13916015625 0.904296875 0.01123046875 0.016276041666666668
0 0.1767578125 0.8470052083333334 0.0087890625 0.014973958333333334
0 0.2236328125 0.8463541666666666 0.009765625 0.012369791666666666
0 0.21484375 0.8411458333333334 0.01123046875 0.014973958333333334
0 0.20556640625 0.8365885416666666 0.0078125 0.012369791666666666
0 0.21044921875 0.91796875 0.0087890625 0.014322916666666666
0 0.16845703125 0.8860677083333334 0.0107421875 0.017578125
0 0.1826171875 0.90625 0.01611328125 0.01953125
0 0.181640625 0.9010416666666666 0.00634765625 0.008463541666666666
0 0.5908203125 0.6263020833333334 0.01123046875 0.018229166666666668
0 0.60888671875 0.6497395833333334 0.0126953125 0.017578125
0 0.599609375 0.6888020833333334 0.0126953125 0.014973958333333334
0 0.6142578125 0.69140625 0.0146484375 0.018880208333333332
0 0.57177734375 0.7578125 0.01416015625 0.018880208333333332
0 0.6005859375 0.7662760416666666 0.0146484375 0.016927083333333332
0 0.66064453125 0.7467447916666666 0.013671875 0.014973958333333334
0 0.255859375 0.5436197916666666 0.01806640625 0.01953125
0 0.26416015625 0.5631510416666666 0.02099609375 0.026692708333333332
0 0.23486328125 0.5520833333333334 0.02001953125 0.02734375
0 0.2353515625 0.607421875 0.02490234375 0.02734375
0 0.1787109375 0.607421875 0.021484375 0.02734375
0 0.18310546875 0.64453125 0.021484375 0.029296875
0 0.22607421875 0.654296875 0.025390625 0.032552083333333336
0 0.20556640625 0.66015625 0.02099609375 0.029947916666666668
0 0.22119140625 0.626953125 0.017578125 0.025390625
0 0.2021484375 0.6171875 0.02197265625 0.029947916666666668
0 0.25390625 0.5078125 0.02490234375 0.030598958333333332
0 0.17529296875 0.4537760416666667 0.01904296875 0.027994791666666668
0 0.31005859375 0.4654947916666667 0.025390625 0.034505208333333336
0 0.763671875 0.18619791666666666 0.01318359375 0.015625
0 0.7080078125 0.22395833333333334 0.01318359375 0.016927083333333332
0 0.689453125 0.236328125 0.01318359375 0.018229166666666668
0 0.80859375 0.20768229166666666 0.0146484375 0.022135416666666668
0 0.84619140625 0.13151041666666666 0.01123046875 0.016276041666666668
0 0.88525390625 0.13151041666666666 0.01318359375 0.014322916666666666
0 0.86669921875 0.16276041666666666 0.01025390625 0.013671875
0 0.67626953125 0.517578125 0.01318359375 0.018229166666666668
0 0.66357421875 0.53515625 0.01513671875 0.022786458333333332
0 0.58056640625 0.568359375 0.017578125 0.020833333333333332
0 0.5791015625 0.4915364583333333 0.01416015625 0.018880208333333332