0 0.8431771894093686 0.9765625 0.01985743380855397 0.028532608695652172
0 0.8380855397148677 0.8967391304347826 0.01985743380855397 0.028532608695652172
0 0.8436863543788188 0.9184782608695652 0.02240325865580448 0.03125
0 0.7115580448065173 0.9568614130434783 0.023930753564154784 0.03260869565217391
0 0.7395621181262729 0.9551630434782609 0.019348268839103868 0.029891304347826088
0 0.7273421588594705 0.9150815217391305 0.025967413441955193 0.03804347826086957
0 0.7724032586558045 0.9504076086956522 0.02494908350305499 0.03736413043478261
0 0.6776985743380856 0.975203804347826 0.02494908350305499 0.03736413043478261
0 0.6420570264765784 0.9429347826086957 0.0269857433808554 0.03872282608695652
0 0.6181262729124236 0.90625 0.025458248472505093 0.03192934782608696
0 0.5593177189409368 0.8848505434782609 0.020875763747454174 0.03192934782608696
0 0.4656313645621181 0.9242527173913043 0.02189409368635438 0.030570652173913044
0 0.5114562118126272 0.8308423913043478 0.022912423625254582 0.034646739130434784
0 0.5208757637474541 0.8002717391304348 0.024439918533604887 0.036005434782608696
0 0.43380855397148677 0.8654891304347826 0.025458248472505093 0.03328804347826087
0 0.3994399185336049 0.8386548913043478 0.025967413441955193 0.027853260869565216
0 0.3826374745417515 0.8519021739130435 0.023930753564154784 0.03260869565217391
0 0.4009674134419552 0.8746603260869565 0.0269857433808554 0.033967391304347824
0 0.41318737270875766 0.9130434782608695 0.02189409368635438 0.029891304347826088
0 0.35030549898167007 0.9164402173913043 0.023421588594704685 0.029211956521739132
0 0.41675152749490835 0.9816576086956522 0.022912423625254582 0.019021739130434784
0 0.3169551934826884 0.9653532608695652 0.02189409368635438 0.014266304347826086
0 0.32561099796334014 0.9296875 0.025967413441955193 0.03328804347826087
0 0.2683299389002037 0.9167798913043478 0.023421588594704685 0.028532608695652172
0 0.25280040733197556 0.9099864130434783 0.01883910386965377 0.02377717391304348
0 0.10208757637474541 0.9249320652173914 0.018329938900203666 0.014266304347826086
0 0.12067209775967414 0.8933423913043478 0.022912423625254582 0.03328804347826087
0 0.12169042769857434 0.8845108695652174 0.02240325865580448 0.022418478260869564
0 0.11787169042769857 0.9011548913043478 0.020875763747454174 0.025135869565217392
0 0.15885947046843177 0.7652853260869565 0.025967413441955193 0.029891304347826088
0 0.1629327902240326 0.7900815217391305 0.025967413441955193 0.03125
0 0.15376782077393075 0.6929347826086957 0.022912423625254582 0.03192934782608696
0 0.1815173116089613 0.6871603260869565 0.01883910386965377 0.025135869565217392
0 0.3235743380855397 0.6321331521739131 0.029022403258655804 0.030570652173913044
0 0.34928716904276985 0.6715353260869565 0.023930753564154784 0.03125
0 0.3655804480651731 0.6538722826086957 0.023930753564154784 0.03192934782608696
0 0.4345723014256619 0.725203804347826 0.029022403258655804 0.04076086956521739
0 0.4429735234215886 0.7690217391304348 0.0274949083503055 0.034646739130434784
0 0.509928716904277 0.7241847826086957 0.024439918533604887 0.030570652173913044
0 0.5269857433808554 0.7554347826086957 0.0269857433808554 0.036005434782608696
0 0.5465885947046843 0.7398097826086957 0.03360488798370672 0.03940217391304348
0 0.5822301425661914 0.7493206521739131 0.024439918533604887 0.03125
0 0.5822301425661914 0.8260869565217391 0.023930753564154784 0.03125
0 0.5990325865580448 0.8182744565217391 0.023930753564154784 0.03125
0 0.9595213849287169 0.8461277173913043 0.020366598778004074 0.029891304347826088
0 0.855142566191446 0.5801630434782609 0.0269857433808554 0.03736413043478261
0 0.7813136456211812 0.5047554347826086 0.03513238289205703 0.035326086956521736
0 0.7917515274949084 0.53125 0.028513238289205704 0.033967391304347824
0 0.6863543788187373 0.5115489130434783 0.022912423625254582 0.03125
0 0.6672606924643585 0.5033967391304348 0.03004073319755601 0.034646739130434784
0 0.669806517311609 0.5373641304347826 0.0274949083503055 0.036684782608695655
0 0.7115580448065173 0.47452445652173914 0.0269857433808554 0.035326086956521736
0 0.7344704684317719 0.5047554347826086 0.028513238289205704 0.034646739130434784
0 0.6733706720977597 0.6997282608695652 0.03004073319755601 0.03872282608695652
0 0.6066700610997964 0.6694972826086957 0.0269857433808554 0.03260869565217391
0 0.6216904276985743 0.5757472826086957 0.023930753564154784 0.029891304347826088
0 0.5842668024439919 0.563858695652174 0.023421588594704685 0.026494565217391304
0 0.5860488798370672 0.6046195652173914 0.022912423625254582 0.03192934782608696
0 0.5353869653767821 0.6131114130434783 0.023421588594704685 0.029211956521739132
0 0.5358961303462322 0.6426630434782609 0.031059063136456212 0.036005434782608696
0 0.5109470468431772 0.6199048913043478 0.023930753564154784 0.03192934782608696
0 0.5183299389002036 0.5411005434782609 0.02494908350305499 0.03260869565217391
0 0.4844704684317719 0.6144701086956522 0.024439918533604887 0.03192934782608696
0 0.46664969450101834 0.6317934782608695 0.02494908350305499 0.03328804347826087
0 0.4623217922606925 0.5540081521739131 0.02189409368635438 0.027853260869565216
0 0.33121181262729127 0.4232336956521739 0.025458248472505093 0.03192934782608696
0 0.31568228105906315 0.3763586956521739 0.0280040733197556 0.033967391304347824
0 0.5193482688391039 0.39470108695652173 0.024439918533604887 0.029891304347826088
0 0.5682281059063137 0.38315217391304346 0.03309572301425662 0.03940217391304348
0 0.585285132382892 0.485054347826087 0.023930753564154784 0.030570652173913044
0 0.9192973523421588 0.2829483695652174 0.026476578411405296 0.034646739130434784
0 0.9307535641547862 0.21705163043478262 0.028513238289205704 0.03260869565217391
0 0.9355906313645621 0.1722146739130435 0.025458248472505093 0.029211956521739132
0 0.9363543788187373 0.15523097826086957 0.03004073319755601 0.03192934782608696
0 0.9414460285132383 0.19395380434782608 0.022912423625254582 0.02309782608695652
0 0.9676680244399185 0.1796875 0.028513238289205704 0.036684782608695655
0 0.985488798370672 0.19191576086956522 0.029022403258655804 0.03872282608695652
0 0.9905804480651731 0.13790760869565216 0.01883910386965377 0.02717391304347826
0 0.9938900203665988 0.10733695652173914 0.012219959266802444 0.028532608695652172
0 0.8518329938900203 0.08797554347826086 0.02189409368635438 0.024456521739130436
0 0.8279022403258656 0.11956521739130435 0.0274949083503055 0.029891304347826088
0 0.7774949083503055 0.1637228260869565 0.03411405295315682 0.03192934782608696
0 0.7253054989816701 0.058763586956521736 0.026476578411405296 0.03328804347826087
0 0.6754073319755601 0.08016304347826086 0.021384928716904276 0.03192934782608696
0 0.6690427698574338 0.043138586956521736 0.020366598778004074 0.02377717391304348
0 0.6947556008146639 0.042459239130434784 0.021384928716904276 0.025135869565217392
0 0.605142566191446 0.10190217391304347 0.022912423625254582 0.029211956521739132
0 0.6112525458248472 0.19157608695652173 0.021384928716904276 0.025815217391304348
0 0.5427698574338086 0.06419836956521739 0.0280040733197556 0.03192934782608696
0 0.5165478615071283 0.14775815217391305 0.025458248472505093 0.035326086956521736
0 0.32484725050916496 0.24490489130434784 0.023421588594704685 0.029891304347826088
0 0.6667515274949084 0.390625 0.03004073319755601 0.03872282608695652
0 0.7314154786150713 0.28940217391304346 0.024439918533604887 0.029211956521739132
0 0.7123217922606925 0.3189538043478261 0.029022403258655804 0.03328804347826087