0 0.7036649214659686 0.5251396648044693 0.022513089005235604 0.029329608938547486
0 0.43926701570680626 0.8830307262569832 0.014659685863874346 0.0223463687150838
0 0.5015706806282723 0.9134078212290503 0.024083769633507852 0.030027932960893854
0 0.5277486910994764 0.8722067039106145 0.023036649214659685 0.030726256983240222
0 0.3837696335078534 0.7925977653631285 0.025130890052356022 0.030027932960893854
0 0.35575916230366494 0.7615223463687151 0.024607329842931937 0.03212290502793296
0 0.4479057591623037 0.727304469273743 0.018848167539267015 0.025139664804469275
0 0.612565445026178 0.1875 0.012041884816753926 0.014664804469273743
0 0.6761780104712042 0.18121508379888268 0.009424083769633508 0.012569832402234637
0 0.6785340314136126 0.19937150837988826 0.011518324607329843 0.013966480446927373
0 0.6020942408376964 0.08903631284916201 0.012565445026178011 0.015363128491620111
0 0.943717277486911 0.24162011173184358 0.01099476439790576 0.014664804469273743
0 0.9036649214659686 0.24162011173184358 0.01099476439790576 0.014664804469273743
0 0.9212041884816754 0.20600558659217877 0.011518324607329843 0.013268156424581005
0 0.9075916230366492 0.2119413407821229 0.008376963350785341 0.01047486033519553
0 0.9128272251308901 0.26955307262569833 0.012565445026178011 0.013268156424581005
0 0.8693717277486911 0.19972067039106145 0.012041884816753926 0.013966480446927373
0 0.8772251308900524 0.20041899441340782 0.010471204188481676 0.013966480446927373
0 0.8876963350785341 0.19099162011173185 0.017277486910994764 0.0223463687150838
0 0.8630890052356021 0.20914804469273743 0.011518324607329843 0.013268156424581005
0 0.8782722513089005 0.2252094972067039 0.011518324607329843 0.013966480446927373
0 0.8476439790575916 0.2346368715083799 0.015183246073298429 0.015363128491620111
0 0.8450261780104712 0.18505586592178772 0.009947643979057591 0.011871508379888268
0 0.9222513089005235 0.25104748603351956 0.008900523560209424 0.009776536312849162
0 0.8696335078534031 0.2569832402234637 0.010471204188481676 0.011871508379888268
0 0.9782722513089005 0.26675977653631283 0.0062827225130890054 0.008379888268156424
0 0.9633507853403142 0.2636173184357542 0.011518324607329843 0.011871508379888268
0 0.9777486910994765 0.2782821229050279 0.008376963350785341 0.012569832402234637
0 0.9960732984293194 0.2918994413407821 0.007853403141361256 0.012569832402234637
0 0.9539267015706806 0.3369413407821229 0.011518324607329843 0.013966480446927373
0 0.9450261780104712 0.3512569832402235 0.013089005235602094 0.015363128491620111
0 0.9787958115183246 0.401536312849162 0.009947643979057591 0.013966480446927373
0 0.9670157068062827 0.4036312849162011 0.01099476439790576 0.012569832402234637
0 0.9950261780104712 0.388268156424581 0.009947643979057591 0.013966480446927373
0 0.9429319371727749 0.38303072625698326 0.009424083769633508 0.01047486033519553
0 0.9293193717277487 0.41864525139664804 0.010471204188481676 0.013268156424581005
0 0.9397905759162304 0.598463687150838 0.011518324607329843 0.014664804469273743
0 0.6321989528795812 0.9881284916201117 0.013089005235602094 0.018156424581005588
0 0.6405759162303665 0.990572625698324 0.011518324607329843 0.013966480446927373
0 0.6078534031413613 0.9294692737430168 0.01832460732984293 0.025837988826815643
0 0.5717277486910994 0.895949720670391 0.022513089005235604 0.030726256983240222
0 0.6607329842931937 0.9629888268156425 0.024607329842931937 0.0335195530726257
0 0.5767015706806282 0.9647346368715084 0.02617801047120419 0.03282122905027933
0 0.5659685863874345 0.9465782122905028 0.018848167539267015 0.025139664804469275
0 0.5643979057591623 0.9263268156424581 0.02198952879581152 0.024441340782122904
0 0.6827225130890052 0.8125 0.019895287958115182 0.027932960893854747
0 0.668586387434555 0.7238128491620112 0.012041884816753926 0.018854748603351956
0 0.687696335078534 0.7074022346368715 0.018848167539267015 0.023743016759776536
0 0.6536649214659686 0.6662011173184358 0.021465968586387434 0.02723463687150838
0 0.5112565445026178 0.6333798882681564 0.01099476439790576 0.01606145251396648
0 0.48403141361256546 0.6337290502793296 0.009947643979057591 0.013268156424581005
0 0.4180628272251309 0.651536312849162 0.009947643979057591 0.011871508379888268
0 0.4539267015706806 0.8268156424581006 0.01832460732984293 0.02723463687150838
0 0.4492146596858639 0.8875698324022346 0.014659685863874346 0.02094972067039106
0 0.4612565445026178 0.9168994413407822 0.021465968586387434 0.02863128491620112
0 0.3670157068062827 0.8680167597765364 0.0193717277486911 0.023044692737430168
0 0.3643979057591623 0.8107541899441341 0.02198952879581152 0.029329608938547486
0 0.32015706806282723 0.7936452513966481 0.021465968586387434 0.02863128491620112
0 0.21282722513089006 0.6885474860335196 0.021465968586387434 0.029329608938547486
0 0.24554973821989529 0.666550279329609 0.012041884816753926 0.014664804469273743
0 0.2599476439790576 0.7880586592178771 0.018848167539267015 0.025139664804469275
0 0.0306282722513089 0.6937849162011173 0.012565445026178011 0.015363128491620111
0 0.043717277486910996 0.6833100558659218 0.014659685863874346 0.018854748603351956
0 0.04502617801047121 0.7091480446927374 0.011518324607329843 0.013966480446927373
0 0.05392670157068063 0.696927374301676 0.010471204188481676 0.013966480446927373
0 0.31151832460732987 0.28317039106145253 0.017277486910994764 0.0223463687150838
0 0.362303664921466 0.2629189944134078 0.016230366492146597 0.018854748603351956
0 0.268848167539267 0.14210893854748605 0.02356020942408377 0.030726256983240222
0 0.34554973821989526 0.25768156424581007 0.014136125654450262 0.017458100558659217
0 0.30026178010471205 0.3477653631284916 0.015183246073298429 0.02094972067039106
0 0.2801047120418848 0.44308659217877094 0.016753926701570682 0.023044692737430168
0 0.2798429319371728 0.5296787709497207 0.01832460732984293 0.02094972067039106
0 0.1887434554973822 0.549231843575419 0.022513089005235604 0.024441340782122904
0 0.19581151832460733 0.5872905027932961 0.015706806282722512 0.02094972067039106
0 0.18193717277486912 0.6913407821229051 0.019895287958115182 0.023044692737430168
0 0.2725130890052356 0.7311452513966481 0.023036649214659685 0.029329608938547486
0 0.6740837696335078 0.6106843575418994 0.029842931937172777 0.03910614525139665
0 0.6554973821989529 0.8236731843575419 0.021465968586387434 0.025837988826815643
0 0.5929319371727748 0.7905027932960894 0.02198952879581152 0.030726256983240222
0 0.6890052356020943 0.9305167597765364 0.016753926701570682 0.020251396648044692
0 0.5863874345549738 0.9472765363128491 0.024083769633507852 0.031424581005586594
0 0.5243455497382199 0.9099162011173184 0.020418848167539267 0.02863128491620112
0 0.5340314136125655 0.9343575418994413 0.027225130890052355 0.0335195530726257
0 0.45549738219895286 0.854050279329609 0.019895287958115182 0.02723463687150838
0 0.33298429319371725 0.8812849162011173 0.02931937172774869 0.037011173184357544
0 0.2824607329842932 0.8386871508379888 0.024607329842931937 0.034217877094972066
0 0.23219895287958114 0.7000698324022346 0.024083769633507852 0.034217877094972066
0 0.12198952879581151 0.509427374301676 0.033507853403141365 0.04539106145251397
0 0.12696335078534032 0.5380586592178771 0.029842931937172777 0.039804469273743016
0 0.1 0.5478351955307262 0.03193717277486911 0.04189944134078212
0 0.08219895287958115 0.5373603351955307 0.02774869109947644 0.03910614525139665
0 0.15104712041884816 0.5537709497206704 0.025130890052356022 0.034916201117318434
0 0.13219895287958114 0.5747206703910615 0.028272251308900525 0.037011173184357544
0 0.14136125654450263 0.5642458100558659 0.028795811518324606 0.039804469273743016
0 0.20628272251308902 0.5129189944134078 0.020942408376963352 0.02653631284916201
0 0.09738219895287958 0.45356145251396646 0.023036649214659685 0.030726256983240222
0 0.13952879581151834 0.3118016759776536 0.030366492146596858 0.039804469273743016
0 0.1887434554973822 0.32506983240223464 0.02774869109947644 0.034916201117318434
0 0.13481675392670156 0.22136871508379888 0.025130890052356022 0.03282122905027933
0 0.25523560209424084 0.1696927374301676 0.022513089005235604 0.030726256983240222
0 0.1662303664921466 0.12779329608938547 0.021465968586387434 0.02863128491620112
0 0.21518324607329842 0.03666201117318436 0.02356020942408377 0.036312849162011177
0 0.19816753926701572 0.004888268156424581 0.026701570680628273 0.009776536312849162
0 0.18534031413612564 0.055865921787709494 0.024607329842931937 0.03282122905027933
0 0.23586387434554973 0.009427374301675978 0.024607329842931937 0.018854748603351956
0 0.25 0.012569832402234637 0.021465968586387434 0.025139664804469275
0 0.32827225130890053 0.011871508379888268 0.031413612565445025 0.023743016759776536
0 0.17774869109947644 0.003840782122905028 0.021465968586387434 0.007681564245810056
0 0.2777486910994764 0.03596368715083799 0.019895287958115182 0.02723463687150838
0 0.32120418848167537 0.06284916201117319 0.022513089005235604 0.030027932960893854
0 0.3240837696335079 0.08344972067039107 0.022513089005235604 0.02653631284916201
0 0.41413612565445024 0.09113128491620112 0.01780104712041885 0.023044692737430168
0 0.4706806282722513 0.1634078212290503 0.024083769633507852 0.02863128491620112
0 0.4871727748691099 0.4368016759776536 0.015183246073298429 0.02164804469273743
0 0.5539267015706806 0.4504189944134078 0.017277486910994764 0.0223463687150838
0 0.5973821989528796 0.9193435754189944 0.016753926701570682 0.02094972067039106