0 0.4185336048879837 0.3376358695652174 0.020875763747454174 0.024456521739130436
0 0.8032077393075356 0.7965353260869565 0.015784114052953158 0.019021739130434784
0 0.8088085539714868 0.7401494565217391 0.015274949083503055 0.019021739130434784
0 0.8116089613034623 0.8434103260869565 0.010183299389002037 0.01358695652173913
0 0.8009164969450102 0.8505434782608695 0.009164969450101833 0.010869565217391304
0 0.7914969450101833 0.8641304347826086 0.016293279022403257 0.015625
0 0.845213849287169 0.8471467391304348 0.01883910386965377 0.020380434782608696
0 0.6081975560081466 0.7605298913043478 0.008655804480651732 0.01154891304347826
0 0.609979633401222 0.7741168478260869 0.017311608961303463 0.01358695652173913
0 0.5109470468431772 0.6667798913043478 0.009164969450101833 0.010869565217391304
0 0.37067209775967414 0.618546195652174 0.011710794297352342 0.015625
0 0.329938900203666 0.626358695652174 0.012219959266802444 0.017663043478260868
0 0.28105906313645623 0.5492527173913043 0.011710794297352342 0.018342391304347828
0 0.12296334012219959 0.5563858695652174 0.018329938900203666 0.021059782608695652
0 0.1535132382892057 0.5536684782608695 0.018329938900203666 0.022418478260869564
0 0.12092668024439919 0.7119565217391305 0.01883910386965377 0.02309782608695652
0 0.15962321792260692 0.7544157608695652 0.011710794297352342 0.012228260869565218
0 0.13034623217922606 0.8135190217391305 0.015784114052953158 0.019021739130434784
0 0.16242362525458248 0.8631114130434783 0.020366598778004074 0.021739130434782608
0 0.1909368635437882 0.8848505434782609 0.017820773930753563 0.026494565217391304
0 0.16420570264765785 0.9065896739130435 0.015784114052953158 0.016304347826086956
0 0.16089613034623218 0.8902853260869565 0.01985743380855397 0.018342391304347828
0 0.17566191446028515 0.9293478260869565 0.01985743380855397 0.024456521739130436
0 0.10259674134419552 0.8705842391304348 0.01120162932790224 0.01358695652173913
0 0.09292260692464359 0.8383152173913043 0.019348268839103868 0.021739130434782608
0 0.46741344195519346 0.35122282608695654 0.01985743380855397 0.028532608695652172
0 0.4516293279022403 0.3101222826086957 0.017820773930753563 0.021059782608695652
0 0.4378818737270876 0.34578804347826086 0.020366598778004074 0.022418478260869564
0 0.41522403258655805 0.36277173913043476 0.011710794297352342 0.015625
0 0.4862525458248472 0.4201766304347826 0.013238289205702648 0.012907608695652174
0 0.5557535641547862 0.2921195652173913 0.01374745417515275 0.017663043478260868
0 0.5623727087576375 0.32404891304347827 0.014256619144602852 0.018342391304347828
0 0.5926680244399185 0.5319293478260869 0.0050916496945010185 0.007472826086956522
0 0.5488798370672098 0.8923233695652174 0.00560081466395112 0.008831521739130434
0 0.5084012219959266 0.90625 0.010183299389002037 0.010190217391304348
0 0.49567209775967414 0.8695652173913043 0.01120162932790224 0.010869565217391304
0 0.5005091649694501 0.8444293478260869 0.007637474541751527 0.010869565217391304
0 0.675152749490835 0.8077445652173914 0.01985743380855397 0.020380434782608696
0 0.6965376782077393 0.7625679347826086 0.014765784114052953 0.018342391304347828
0 0.7064663951120163 0.5883152173913043 0.017820773930753563 0.021739130434782608
0 0.6995926680244399 0.26290760869565216 0.015784114052953158 0.018342391304347828
0 0.7181771894093686 0.20074728260869565 0.015784114052953158 0.021059782608695652
0 0.7609470468431772 0.16168478260869565 0.017311608961303463 0.021739130434782608
0 0.7998981670061099 0.14436141304347827 0.011710794297352342 0.01154891304347826
0 0.7016293279022403 0.10869565217391304 0.012219959266802444 0.018342391304347828
0 0.7067209775967414 0.14741847826086957 0.015274949083503055 0.022418478260869564
0 0.7970977596741344 0.1640625 0.01374745417515275 0.017663043478260868
0 0.6878818737270875 0.07438858695652174 0.011710794297352342 0.015625
0 0.714867617107943 0.07506793478260869 0.009164969450101833 0.015625
0 0.7057026476578412 0.07880434782608696 0.01120162932790224 0.014266304347826086
0 0.7306517311608961 0.07676630434782608 0.02240325865580448 0.02717391304347826
0 0.7054480651731161 0.13043478260869565 0.015784114052953158 0.021059782608695652
0 0.7668024439918534 0.13858695652173914 0.01883910386965377 0.021059782608695652
0 0.8314663951120163 0.07302989130434782 0.01374745417515275 0.015625
0 0.8378309572301426 0.09408967391304347 0.015784114052953158 0.020380434782608696
0 0.8653258655804481 0.09476902173913043 0.014256619144602852 0.018342391304347828
0 0.8609979633401222 0.1409646739130435 0.01985743380855397 0.026494565217391304
0 0.7907331975560081 0.07744565217391304 0.014256619144602852 0.020380434782608696
0 0.7945519348268839 0.09646739130434782 0.015784114052953158 0.019021739130434784
0 0.8778004073319755 0.17595108695652173 0.018329938900203666 0.021739130434782608
0 0.8953665987780041 0.20210597826086957 0.015274949083503055 0.019021739130434784
0 0.8892566191446029 0.1715353260869565 0.013238289205702648 0.017663043478260868
0 0.3963849287169043 0.837296195652174 0.022912423625254582 0.021739130434782608
0 0.3971486761710794 0.8046875 0.020366598778004074 0.02377717391304348
0 0.44220977596741345 0.8308423913043478 0.007637474541751527 0.007472826086956522
0 0.42057026476578413 0.7778532608695652 0.015274949083503055 0.016304347826086956
0 0.27647657841140527 0.7401494565217391 0.018329938900203666 0.02309782608695652
0 0.3182281059063136 0.8040081521739131 0.02189409368635438 0.02717391304347826
0 0.0695010183299389 0.8743206521739131 0.01120162932790224 0.007472826086956522
0 0.1120162932790224 0.8569972826086957 0.00560081466395112 0.007472826086956522
0 0.11939918533604887 0.7900815217391305 0.01883910386965377 0.020380434782608696
0 0.10361507128309572 0.6097146739130435 0.01985743380855397 0.021059782608695652
0 0.07204684317718942 0.5947690217391305 0.01985743380855397 0.02309782608695652
0 0.06033604887983707 0.6433423913043478 0.017820773930753563 0.01970108695652174
0 0.15071283095723015 0.49728260869565216 0.015784114052953158 0.019021739130434784
0 0.06109979633401222 0.5047554347826086 0.01985743380855397 0.026494565217391304
0 0.06288187372708758 0.5217391304347826 0.016293279022403257 0.020380434782608696
0 0.1369653767820774 0.42697010869565216 0.017820773930753563 0.02309782608695652
0 0.0975050916496945 0.39877717391304346 0.019348268839103868 0.024456521739130436
0 0.10667006109979633 0.33797554347826086 0.017820773930753563 0.022418478260869564
0 0.13747454175152748 0.30876358695652173 0.008146639511201629 0.010190217391304348
0 0.13823828920570264 0.28226902173913043 0.007637474541751527 0.007472826086956522
0 0.0539714867617108 0.2296195652173913 0.007637474541751527 0.007472826086956522
0 0.0674643584521385 0.22078804347826086 0.009164969450101833 0.010869565217391304
0 0.0939409368635438 0.20516304347826086 0.008655804480651732 0.010190217391304348
0 0.0835030549898167 0.19157608695652173 0.00560081466395112 0.005434782608695652
0 0.08935845213849287 0.21739130434782608 0.006619144602851324 0.008152173913043478
0 0.08426680244399186 0.18070652173913043 0.009164969450101833 0.010190217391304348
0 0.15682281059063136 0.1531929347826087 0.009164969450101833 0.008831521739130434
0 0.1270366598778004 0.17425271739130435 0.007637474541751527 0.007472826086956522
0 0.5552443991853361 0.7581521739130435 0.010183299389002037 0.01358695652173913
0 0.5794297352342159 0.7646059782608695 0.014256619144602852 0.018342391304347828
0 0.6186354378818737 0.7010869565217391 0.012729124236252547 0.018342391304347828
0 0.5577902240325866 0.8315217391304348 0.01374745417515275 0.017663043478260868
0 0.7082484725050916 0.8152173913043478 0.014256619144602852 0.018342391304347828
0 0.7395621181262729 0.748641304347826 0.01883910386965377 0.026494565217391304
0 0.700356415478615 0.9096467391304348 0.024439918533604887 0.026494565217391304
0 0.8864562118126272 0.7663043478260869 0.014256619144602852 0.017663043478260868
0 0.8867107942973523 0.7805706521739131 0.015784114052953158 0.02309782608695652
0 0.8752545824847251 0.720108695652174 0.019348268839103868 0.021739130434782608
0 0.3070264765784114 0.6871603260869565 0.024439918533604887 0.027853260869565216
0 0.40682281059063136 0.6902173913043478 0.023421588594704685 0.027853260869565216
0 0.15427698574338086 0.8165760869565217 0.025458248472505093 0.029211956521739132
0 0.12118126272912423 0.9252717391304348 0.0280040733197556 0.027853260869565216
0 0.06619144602851323 0.7336956521739131 0.026476578411405296 0.036684782608695655
0 0.07382892057026477 0.7061820652173914 0.0269857433808554 0.03260869565217391
0 0.16929735234215887 0.5281929347826086 0.0269857433808554 0.030570652173913044
0 0.24058044806517312 0.3580163043478261 0.03207739307535642 0.036684782608695655
0 0.2823319755600815 0.37126358695652173 0.02189409368635438 0.025815217391304348
0 0.910132382892057 0.23845108695652173 0.020366598778004074 0.026494565217391304
0 0.6545315682281059 0.08050271739130435 0.017311608961303463 0.02377717391304348
0 0.7204684317718941 0.11039402173913043 0.01883910386965377 0.02377717391304348
0 0.4893075356415479 0.5417798913043478 0.011710794297352342 0.014945652173913044
0 0.4725050916496945 0.5339673913043478 0.013238289205702648 0.016304347826086956
0 0.5091649694501018 0.5730298913043478 0.01120162932790224 0.014266304347826086
0 0.40274949083503053 0.4921875 0.01374745417515275 0.014266304347826086
0 0.4185336048879837 0.4639945652173913 0.013238289205702648 0.015625
0 0.6774439918533605 0.13111413043478262 0.012729124236252547 0.015625
0 0.6848268839103869 0.15387228260869565 0.009674134419551934 0.016983695652173912
0 0.8131364562118126 0.07744565217391304 0.011710794297352342 0.016304347826086956
0 0.8245926680244399 0.09035326086956522 0.012729124236252547 0.019021739130434784
0 0.8126272912423625 0.11413043478260869 0.011710794297352342 0.015625
0 0.8154276985743381 0.7153532608695652 0.01120162932790224 0.014945652173913044
0 0.8077902240325866 0.8223505434782609 0.012219959266802444 0.016983695652173912
0 0.844959266802444 0.9052309782608695 0.01120162932790224 0.017663043478260868
0 0.8571792260692465 0.9008152173913043 0.01374745417515275 0.019021739130434784
0 0.6680244399185336 0.5040760869565217 0.009674134419551934 0.01154891304347826
0 0.649949083503055 0.17459239130434784 0.01120162932790224 0.014945652173913044
0 0.6580957230142567 0.12669836956521738 0.01374745417515275 0.018342391304347828
0 0.6331466395112016 0.09341032608695653 0.01120162932790224 0.014266304347826086
0 0.6285641547861507 0.11990489130434782 0.010183299389002037 0.014945652173913044
0 0.634928716904277 0.5458559782608695 0.013238289205702648 0.016983695652173912
0 0.6392566191446029 0.5618206521739131 0.011710794297352342 0.018342391304347828
0 0.5957230142566191 0.6603260869565217 0.01374745417515275 0.016304347826086956
0 0.47428716904276985 0.6766304347826086 0.012729124236252547 0.018342391304347828