0 0.9540268456375839 0.6140429338103757 0.02080536912751678 0.025044722719141325
0 0.16006711409395974 0.018783542039355994 0.03825503355704698 0.03756708407871199
0 0.1651006711409396 0.4208407871198569 0.040268456375838924 0.04830053667262969
0 0.852013422818792 0.9212880143112702 0.032885906040268455 0.03935599284436494
0 0.8453020134228187 0.9485688729874776 0.025503355704697986 0.03130590339892665
0 0.9338926174496645 0.6905187835420393 0.024161073825503355 0.03041144901610018
0 0.7701342281879194 0.639087656529517 0.036241610738255034 0.04293381037567084
0 0.7791946308724832 0.6730769230769231 0.02348993288590604 0.025044722719141325
0 0.862751677852349 0.4731663685152057 0.01879194630872483 0.026833631484794274
0 0.21073825503355706 0.9011627906976745 0.020134228187919462 0.025044722719141325
0 0.7530201342281879 0.9780858676207513 0.036241610738255034 0.04382826475849732
0 0.7432885906040269 0.990608228980322 0.04093959731543624 0.018783542039355994
0 0.026845637583892617 0.5004472271914132 0.050335570469798654 0.06440071556350627
0 0.10067114093959731 0.4396243291592129 0.032885906040268455 0.04830053667262969
0 0.18322147651006712 0.31261180679785333 0.03355704697986577 0.04561717352415027
0 0.16208053691275168 0.14445438282647585 0.03825503355704698 0.052772808586762074
0 0.07818791946308724 0.14087656529516995 0.03959731543624161 0.04830053667262969
0 0.44563758389261743 0.20214669051878353 0.046308724832214765 0.06082289803220036
0 0.6902684563758389 0.6457960644007156 0.04429530201342282 0.061717352415026835
0 0.675503355704698 0.6918604651162791 0.04832214765100671 0.06350626118067978
0 0.6593959731543624 0.7169051878354203 0.04899328859060403 0.05813953488372093
0 0.7614093959731544 0.5576923076923077 0.053020134228187916 0.06618962432915922
0 0.939261744966443 0.8640429338103757 0.028859060402684565 0.057245080500894455
0 0.9473154362416107 0.7723613595706619 0.03959731543624161 0.052772808586762074