0 0.248046875 0.4713541666666667 0.009765625 0.009765625
0 0.244140625 0.46484375 0.00927734375 0.009114583333333334
0 0.2822265625 0.4244791666666667 0.01806640625 0.018229166666666668
0 0.34130859375 0.4173177083333333 0.017578125 0.017578125
0 0.2119140625 0.5768229166666666 0.0126953125 0.012369791666666666
0 0.2822265625 0.5338541666666666 0.01904296875 0.018880208333333332
0 0.18896484375 0.533203125 0.01025390625 0.010416666666666666
0 0.19482421875 0.5221354166666666 0.01123046875 0.011067708333333334
0 0.1982421875 0.5026041666666666 0.01318359375 0.013020833333333334
0 0.16357421875 0.5455729166666666 0.0146484375 0.014322916666666666
0 0.14404296875 0.5794270833333334 0.0107421875 0.011067708333333334
0 0.16259765625 0.5774739583333334 0.01318359375 0.013020833333333334
0 0.1806640625 0.5859375 0.0107421875 0.011067708333333334
0 0.18505859375 0.5807291666666666 0.01611328125 0.016276041666666668
0 0.595703125 0.5579427083333334 0.0166015625 0.016276041666666668
0 0.5693359375 0.5390625 0.015625 0.014973958333333334
0 0.578125 0.5234375 0.01171875 0.01171875
0 0.5595703125 0.5299479166666666 0.0126953125 0.012369791666666666
0 0.810546875 0.3776041666666667 0.01318359375 0.013020833333333334
0 0.79248046875 0.42578125 0.0107421875 0.010416666666666666
0 0.763671875 0.412109375 0.01220703125 0.012369791666666666
0 0.85009765625 0.453125 0.0166015625 0.016276041666666668
0 0.54638671875 0.193359375 0.01025390625 0.009765625
0 0.46044921875 0.23307291666666666 0.01123046875 0.011067708333333334
0 0.5029296875 0.14583333333333334 0.01025390625 0.009765625
0 0.5712890625 0.13151041666666666 0.0107421875 0.010416666666666666
0 0.55908203125 0.11393229166666667 0.0107421875 0.010416666666666666
0 0.60302734375 0.166015625 0.01416015625 0.014322916666666666
0 0.642578125 0.2109375 0.0107421875 0.010416666666666666
0 0.43701171875 0.4055989583333333 0.01025390625 0.009765625
0 0.41455078125 0.45703125 0.00927734375 0.009114583333333334
0 0.3876953125 0.3313802083333333 0.01220703125 0.012369791666666666
0 0.3564453125 0.3626302083333333 0.01416015625 0.014322916666666666
0 0.369140625 0.380859375 0.01513671875 0.014973958333333334
0 0.3544921875 0.326171875 0.01123046875 0.011067708333333334
0 0.3330078125 0.3352864583333333 0.0107421875 0.010416666666666666
0 0.33447265625 0.375 0.009765625 0.009765625
0 0.3466796875 0.3717447916666667 0.0205078125 0.020182291666666668
0 0.31201171875 0.3971354166666667 0.015625 0.015625
0 0.35986328125 0.3912760416666667 0.01123046875 0.011067708333333334
0 0.3759765625 0.4186197916666667 0.009765625 0.009765625
0 0.35791015625 0.43359375 0.01513671875 0.014973958333333334
0 0.42919921875 0.51171875 0.00927734375 0.009114583333333334
0 0.42236328125 0.5123697916666666 0.00927734375 0.009114583333333334
0 0.42578125 0.5130208333333334 0.02001953125 0.01953125
0 0.51806640625 0.591796875 0.01025390625 0.009765625
0 0.56005859375 0.5592447916666666 0.01220703125 0.01171875
0 0.49755859375 0.6451822916666666 0.0126953125 0.012369791666666666
0 0.44873046875 0.65625 0.01318359375 0.013020833333333334
0 0.4150390625 0.591796875 0.01123046875 0.011067708333333334
0 0.390625 0.6341145833333334 0.01025390625 0.010416666666666666
0 0.36474609375 0.578125 0.01025390625 0.010416666666666666
0 0.375 0.580078125 0.0107421875 0.011067708333333334
0 0.3466796875 0.5188802083333334 0.01611328125 0.016276041666666668
0 0.328125 0.5338541666666666 0.0107421875 0.010416666666666666
0 0.3515625 0.50390625 0.01513671875 0.014973958333333334
0 0.29736328125 0.5201822916666666 0.01708984375 0.017578125
0 0.234375 0.48046875 0.00927734375 0.009765625
0 0.29638671875 0.4602864583333333 0.0087890625 0.009114583333333334
0 0.248046875 0.3763020833333333 0.01708984375 0.016927083333333332
0 0.2451171875 0.3860677083333333 0.015625 0.015625
0 0.23583984375 0.3873697916666667 0.0166015625 0.016276041666666668
0 0.1923828125 0.4557291666666667 0.0107421875 0.010416666666666666
0 0.20263671875 0.45703125 0.01171875 0.01171875
0 0.1435546875 0.4967447916666667 0.0107421875 0.010416666666666666
0 0.14404296875 0.5065104166666666 0.0078125 0.0078125
0 0.17431640625 0.513671875 0.0078125 0.0078125
0 0.17333984375 0.5182291666666666 0.0078125 0.007161458333333333
0 0.17724609375 0.525390625 0.0078125 0.0078125
0 0.171875 0.5260416666666666 0.00634765625 0.006510416666666667
0 0.1474609375 0.4837239583333333 0.00927734375 0.009114583333333334
0 0.1533203125 0.478515625 0.00830078125 0.0078125
0 0.15576171875 0.4720052083333333 0.009765625 0.009765625
0 0.2529296875 0.548828125 0.021484375 0.021484375
0 0.30126953125 0.578125 0.0185546875 0.018229166666666668
0 0.26171875 0.6041666666666666 0.00927734375 0.009114583333333334
0 0.2548828125 0.6041666666666666 0.00732421875 0.007161458333333333
0 0.3251953125 0.625 0.009765625 0.009765625
0 0.330078125 0.6119791666666666 0.01025390625 0.009765625
0 0.375 0.6666666666666666 0.00830078125 0.008463541666666666
0 0.33837890625 0.697265625 0.01025390625 0.010416666666666666
0 0.4482421875 0.7076822916666666 0.01123046875 0.011067708333333334
0 0.42431640625 0.87890625 0.00732421875 0.007161458333333333
0 0.41943359375 0.8736979166666666 0.00927734375 0.009765625
0 0.41357421875 0.8723958333333334 0.00927734375 0.009765625
0 0.4091796875 0.880859375 0.00927734375 0.009114583333333334
0 0.4072265625 0.8717447916666666 0.00732421875 0.007161458333333333
0 0.3984375 0.861328125 0.0087890625 0.008463541666666666
0 0.39208984375 0.8645833333333334 0.009765625 0.009765625
0 0.39794921875 0.8020833333333334 0.01123046875 0.011067708333333334
0 0.375 0.8111979166666666 0.009765625 0.009765625
0 0.30908203125 0.70703125 0.01123046875 0.011067708333333334
0 0.29541015625 0.7154947916666666 0.00830078125 0.008463541666666666
0 0.26708984375 0.7154947916666666 0.00927734375 0.009765625
0 0.30419921875 0.7330729166666666 0.01318359375 0.013020833333333334
0 0.2451171875 0.69921875 0.01123046875 0.011067708333333334
0 0.2431640625 0.6575520833333334 0.00927734375 0.009114583333333334
0 0.26904296875 0.6516927083333334 0.01025390625 0.009765625
0 0.16845703125 0.623046875 0.01318359375 0.013020833333333334
0 0.1640625 0.6119791666666666 0.0087890625 0.008463541666666666
0 0.15087890625 0.603515625 0.00732421875 0.007161458333333333
0 0.15966796875 0.5970052083333334 0.00830078125 0.008463541666666666
0 0.1552734375 0.5983072916666666 0.0087890625 0.008463541666666666
0 0.119140625 0.568359375 0.02880859375 0.029296875
0 0.10546875 0.5540364583333334 0.02685546875 0.02734375
0 0.10595703125 0.5436197916666666 0.0244140625 0.024088541666666668
0 0.14111328125 0.5390625 0.0107421875 0.010416666666666666
0 0.1298828125 0.5358072916666666 0.01123046875 0.01171875
0 0.126953125 0.5169270833333334 0.0068359375 0.007161458333333333
0 0.1513671875 0.5625 0.009765625 0.009765625
0 0.14111328125 0.5559895833333334 0.0107421875 0.011067708333333334
0 0.14111328125 0.5618489583333334 0.009765625 0.009765625
0 0.13330078125 0.5625 0.009765625 0.009765625
0 0.62890625 0.453125 0.01416015625 0.014322916666666666
0 0.6357421875 0.4641927083333333 0.0126953125 0.012369791666666666
0 0.2783203125 0.3600260416666667 0.01904296875 0.018880208333333332
0 0.322265625 0.3658854166666667 0.013671875 0.013671875
0 0.3271484375 0.3600260416666667 0.01611328125 0.016276041666666668
0 0.31787109375 0.3209635416666667 0.0146484375 0.014322916666666666
0 0.33837890625 0.4069010416666667 0.01953125 0.01953125
0 0.33251953125 0.3971354166666667 0.0205078125 0.020182291666666668
0 0.37109375 0.4713541666666667 0.02001953125 0.020182291666666668
0 0.275390625 0.5774739583333334 0.0185546875 0.018880208333333332
0 0.2802734375 0.5924479166666666 0.02099609375 0.021484375