0 0.2341589861751152 0.8732718894009217 0.13882488479262672 0.13517665130568357
0 0.46630184331797236 0.7185099846390169 0.16877880184331798 0.17127496159754224
0 0.5336981566820277 0.6505376344086021 0.19930875576036866 0.19969278033794163
0 0.48934331797235026 0.6566820276497696 0.12039170506912443 0.12211981566820276
0 0.5728686635944701 0.6509216589861752 0.12788018433179724 0.12135176651305683
0 0.6057027649769585 0.564900153609831 0.12269585253456221 0.1313364055299539
0 0.6658986175115207 0.5145929339477726 0.14516129032258066 0.1443932411674347
0 0.5198732718894009 0.4838709677419355 0.1284562211981567 0.12442396313364056
0 0.780241935483871 0.3049155145929339 0.12039170506912443 0.11981566820276497
0 0.8378456221198156 0.27956989247311825 0.11290322580645161 0.11443932411674347
0 0.5645161290322581 0.19316436251920122 0.12730414746543778 0.1282642089093702
0 0.4772465437788018 0.1443932411674347 0.12211981566820276 0.1205837173579109
0 0.5230414746543779 0.22427035330261136 0.13767281105990783 0.1382488479262673
0 0.5576036866359447 0.12442396313364056 0.1152073732718894 0.11597542242703533
0 0.6163594470046083 0.16705069124423963 0.11578341013824885 0.11136712749615975
0 0.4130184331797235 0.23847926267281105 0.11463133640552996 0.11674347158218126
0 0.3185483870967742 0.3022273425499232 0.13191244239631336 0.13210445468509985
0 0.3050115207373272 0.36674347158218124 0.12211981566820276 0.1251920122887865
0 0.37672811059907835 0.3828725038402458 0.10138248847926268 0.10522273425499232
0 0.4274193548387097 0.4254992319508449 0.10887096774193548 0.11136712749615975
0 0.2917626728110599 0.6274961597542242 0.11405529953917051 0.1152073732718894
0 0.18519585253456222 0.5710445468509985 0.10426267281105991 0.10368663594470046
0 0.17223502304147464 0.5142089093701997 0.09850230414746544 0.09754224270353302
0 0.16589861751152074 0.716973886328725 0.09850230414746544 0.10138248847926268
0 0.03341013824884793 0.4681259600614439 0.06682027649769585 0.10061443932411675
0 0.10599078341013825 0.31797235023041476 0.11635944700460829 0.11213517665130568
0 0.0820852534562212 0.3425499231950845 0.09158986175115208 0.08678955453149001
0 0.06595622119815668 0.3774961597542243 0.08064516129032258 0.08141321044546851
0 0.3289170506912442 0.2154377880184332 0.10599078341013825 0.11290322580645161