0 0.2417610710607621 0.592032967032967 0.026776519052523172 0.02815934065934066
0 0.2533470648815654 0.6215659340659341 0.02832131822863028 0.029532967032967032
0 0.18022657054582905 0.5370879120879121 0.02729145211122554 0.028846153846153848
0 0.20262615859938207 0.532967032967033 0.03192584963954686 0.03365384615384615
0 0.2121524201853759 0.5628434065934066 0.03810504634397528 0.040521978021978024
0 0.5569001029866117 0.8554258241758241 0.02368692070030896 0.025412087912087912
0 0.5762100926879505 0.875 0.02008238928939238 0.021291208791208792
0 0.5267765190525232 0.8478708791208791 0.01905252317198764 0.020604395604395604
0 0.5285787847579815 0.8681318681318682 0.023171987641606592 0.02403846153846154
0 0.5231719876416066 0.8310439560439561 0.02368692070030896 0.024725274725274724
0 0.5512358393408857 0.7984203296703297 0.021627188465499485 0.022664835164835164
0 0.4853244078269825 0.8111263736263736 0.023171987641606592 0.02403846153846154
0 0.4945932028836251 0.8248626373626373 0.021112255406797117 0.022664835164835164
0 0.8236354273944387 0.5611263736263736 0.02059732234809475 0.021291208791208792
0 0.4835221421215242 0.8691620879120879 0.02368692070030896 0.025412087912087912
0 0.4593202883625129 0.1974587912087912 0.029351184346035016 0.03159340659340659
0 0.3208032955715757 0.2448489010989011 0.016992790937178166 0.017857142857142856
0 0.29866117404737386 0.28262362637362637 0.01905252317198764 0.019917582417582416
0 0.5229145211122554 0.23866758241758243 0.026776519052523172 0.02815934065934066
0 0.5664263645726055 0.2290521978021978 0.02059732234809475 0.02197802197802198
0 0.555870236869207 0.23901098901098902 0.021112255406797117 0.022664835164835164
0 0.43666323377960864 0.2132554945054945 0.032955715756951595 0.034340659340659344
0 0.49897013388259526 0.21462912087912087 0.03810504634397528 0.04120879120879121
0 0.5790422245108136 0.6332417582417582 0.02059732234809475 0.02197802197802198
0 0.3609680741503605 0.5714285714285714 0.03192584963954686 0.03365384615384615
0 0.4034500514933059 0.584478021978022 0.032955715756951595 0.034340659340659344
0 0.338053553038105 0.5576923076923077 0.036560247167868175 0.038461538461538464
0 0.11302780638516993 0.41895604395604397 0.0345005149330587 0.036401098901098904
0 0.1627188465499485 0.4488324175824176 0.03398558187435633 0.03571428571428571
0 0.1560247167868177 0.5027472527472527 0.04016477857878476 0.04189560439560439
0 0.17893923789907312 0.49141483516483514 0.029866117404737384 0.032280219780219783
0 0.21987641606591143 0.44402472527472525 0.029351184346035016 0.03159340659340659
0 0.1861483007209063 0.3447802197802198 0.03038105046343975 0.032280219780219783
0 0.21009268795056643 0.3427197802197802 0.040679711637487126 0.042582417582417584
0 0.2154994850669413 0.37774725274725274 0.03192584963954686 0.03365384615384615
0 0.2399588053553038 0.39869505494505497 0.03244078269824923 0.034340659340659344
0 0.3009783728115345 0.34100274725274726 0.029866117404737384 0.032280219780219783
0 0.31385169927909373 0.3492445054945055 0.032955715756951595 0.034340659340659344
0 0.7216786817713697 0.5961538461538461 0.03192584963954686 0.03365384615384615
0 0.7497425334706488 0.5710851648351648 0.03244078269824923 0.03365384615384615
0 0.7116374871266735 0.5576923076923077 0.026776519052523172 0.02815934065934066
0 0.678681771369722 0.5559752747252747 0.029351184346035016 0.03159340659340659
0 0.6838311019567456 0.5360576923076923 0.02832131822863028 0.03021978021978022
0 0.6418640576725025 0.5442994505494505 0.02832131822863028 0.03021978021978022
0 0.6351699279093718 0.5116758241758241 0.03244078269824923 0.03365384615384615
0 0.7801235839340885 0.6092032967032966 0.03038105046343975 0.032280219780219783
0 0.7718846549948507 0.5539148351648352 0.042224510813594233 0.04395604395604396
0 0.7868177136972193 0.5412087912087912 0.03141091658084449 0.03296703296703297
0 0.7824407826982492 0.5041208791208791 0.035015447991761074 0.03708791208791209
0 0.7572090628218332 0.45501373626373626 0.03553038105046344 0.03777472527472527
0 0.8022657054582905 0.5271291208791209 0.02368692070030896 0.025412087912087912
0 0.8385684860968075 0.509271978021978 0.029866117404737384 0.032280219780219783
0 0.7492276004119465 0.5367445054945055 0.03192584963954686 0.03296703296703297
0 0.78913491246138 0.6710164835164835 0.03141091658084449 0.03296703296703297
0 0.7971163748712667 0.6270604395604396 0.02729145211122554 0.028846153846153848
0 0.791967044284243 0.6974587912087912 0.027806385169927908 0.028846153846153848
0 0.807157569515963 0.6861263736263736 0.03398558187435633 0.03502747252747253
0 0.5532955715756952 0.7819368131868132 0.026776519052523172 0.02815934065934066
0 0.24742533470648817 0.2850274725274725 0.02420185375901133 0.025412087912087912
0 0.2749742533470649 0.2441620879120879 0.026261585993820804 0.02815934065934066
0 0.34680741503604534 0.22561813186813187 0.025746652935118436 0.027472527472527472