0 0.7365456821026283 0.8263772954924875 0.07822277847309136 0.13606010016694492
0 0.6767834793491865 0.7917362270450752 0.09449311639549436 0.13689482470784642
0 0.639549436795995 0.7124373956594324 0.07509386733416772 0.10684474123539232
0 0.6226533166458073 0.9369782971619366 0.0851063829787234 0.11853088480801335
0 0.5353566958698373 0.7979966611018364 0.06821026282853566 0.09682804674457429
0 0.47715894868585734 0.9478297161936561 0.09449311639549436 0.10434056761268781
0 0.4881101376720901 0.8614357262103506 0.08322903629536921 0.10934891485809682
0 0.72090112640801 0.42445742904841405 0.08260325406758448 0.11686143572621036
0 0.4493116395494368 0.4557595993322204 0.06946182728410513 0.11686143572621036
0 0.980287859824781 0.3927378964941569 0.036921151439299124 0.10434056761268781
0 0.7700250312891114 0.17320534223706177 0.060075093867334166 0.07595993322203673
0 0.20901126408010012 0.038397328881469114 0.06195244055068836 0.052587646076794656
0 0.27033792240300375 0.038397328881469114 0.05569461827284105 0.05843071786310518
0 0.5068836045056321 0.044657762938230386 0.07884856070087609 0.08013355592654424
0 0.45369211514392993 0.02337228714524207 0.05131414267834793 0.045909849749582635
0 0.5140801001251565 0.12520868113522537 0.0969962453066333 0.09515859766277128
0 0.42428035043804757 0.07595993322203673 0.06382978723404255 0.07345575959933222
0 0.3717146433041302 0.11936560934891485 0.06508135168961202 0.11686143572621036
0 0.38642052565707136 0.2278797996661102 0.07822277847309136 0.10684474123539232
0 0.3269712140175219 0.3685308848080134 0.07259073842302878 0.09098497495826377
0 0.2581351689612015 0.3735392320534224 0.060075093867334166 0.09098497495826377
0 0.409261576971214 0.333889816360601 0.07259073842302878 0.08848080133555926
0 0.37484355444305384 0.41068447412353926 0.04693366708385482 0.1001669449081803
0 0.2934918648310388 0.5538397328881469 0.04755944931163955 0.07429048414023372
0 0.39612015018773467 0.6001669449081803 0.07446808510638298 0.10684474123539232
0 0.29130162703379225 0.66110183639399 0.0707133917396746 0.09015025041736227
0 0.22684605757196497 0.6089315525876461 0.057571964956195244 0.08263772954924875
0 0.23529411764705882 0.6928213689482471 0.058823529411764705 0.09682804674457429
0 0.2906758448060075 0.7295492487479132 0.04505632040050062 0.07011686143572621
0 0.2462453066332916 0.9019198664440734 0.09011264080100125 0.12353923205342238
0 0.1774092615769712 0.6844741235392321 0.06195244055068836 0.08430717863105175
0 0.07728410513141427 0.49457429048414026 0.0951188986232791 0.10267111853088481
0 0.12234042553191489 0.2996661101836394 0.07446808510638298 0.09015025041736227
0 0.062265331664580724 0.18280467445742904 0.07634543178973717 0.10684474123539232
0 0.1630162703379224 0.3735392320534224 0.06132665832290363 0.07846410684474124
0 0.1251564455569462 0.676126878130217 0.0625782227784731 0.09599332220367279
0 0.05506883604505632 0.7011686143572621 0.08573216520650813 0.09766277128547579
0 0.155819774718398 0.7458263772954925 0.05068836045056321 0.07178631051752922
0 0.1023153942428035 0.9027545909849749 0.06445556946182729 0.08430717863105175
0 0.09042553191489362 0.9661936560934892 0.07196495619524405 0.0676126878130217
0 0.0869837296620776 0.7917362270450752 0.1095118898623279 0.12771285475792987
0 0.3351063829787234 0.8292988313856428 0.07759699624530664 0.08931552587646077