0 0.3974609375 0.5970052083333334 0.01123046875 0.011067708333333334
0 0.36083984375 0.6471354166666666 0.0087890625 0.008463541666666666
0 0.52099609375 0.189453125 0.0224609375 0.022135416666666668
0 0.544921875 0.15364583333333334 0.021484375 0.021484375
0 0.53076171875 0.15559895833333334 0.01806640625 0.017578125
0 0.83642578125 0.4557291666666667 0.0126953125 0.012369791666666666
0 0.8017578125 0.4583333333333333 0.01123046875 0.011067708333333334
0 0.8681640625 0.4375 0.0166015625 0.016927083333333332
0 0.85107421875 0.4225260416666667 0.0185546875 0.018880208333333332
0 0.87548828125 0.4609375 0.01806640625 0.017578125
0 0.88916015625 0.4602864583333333 0.015625 0.015625
0 0.85595703125 0.486328125 0.017578125 0.017578125
0 0.84814453125 0.4557291666666667 0.01123046875 0.010416666666666666
0 0.8369140625 0.4479166666666667 0.01123046875 0.011067708333333334
0 0.8701171875 0.4069010416666667 0.017578125 0.017578125
0 0.8662109375 0.4264322916666667 0.0166015625 0.016927083333333332
0 0.84521484375 0.3971354166666667 0.017578125 0.017578125
0 0.8427734375 0.4127604166666667 0.017578125 0.017578125
0 0.83544921875 0.3723958333333333 0.0263671875 0.026041666666666668
0 0.470703125 0.869140625 0.0126953125 0.012369791666666666
0 0.482421875 0.8736979166666666 0.01025390625 0.010416666666666666
0 0.4658203125 0.8912760416666666 0.01025390625 0.010416666666666666
0 0.4716796875 0.845703125 0.0107421875 0.010416666666666666
0 0.435546875 0.869140625 0.01025390625 0.009765625
0 0.48193359375 0.7766927083333334 0.0166015625 0.016927083333333332
0 0.46875 0.8828125 0.0146484375 0.014322916666666666
0 0.6474609375 0.6549479166666666 0.01513671875 0.014973958333333334
0 0.67529296875 0.6634114583333334 0.01123046875 0.011067708333333334
0 0.67041015625 0.6770833333333334 0.01171875 0.01171875
0 0.67626953125 0.61328125 0.00927734375 0.009114583333333334
0 0.6982421875 0.6341145833333334 0.01171875 0.01171875
0 0.67236328125 0.6048177083333334 0.01318359375 0.013020833333333334
0 0.67041015625 0.5944010416666666 0.009765625 0.009765625
0 0.66455078125 0.6022135416666666 0.00927734375 0.009114583333333334
0 0.72412109375 0.5983072916666666 0.013671875 0.013671875
0 0.70849609375 0.6126302083333334 0.01171875 0.01171875
0 0.6845703125 0.62890625 0.0107421875 0.010416666666666666
0 0.73779296875 0.5520833333333334 0.009765625 0.009765625
0 0.728515625 0.5358072916666666 0.01171875 0.01171875
0 0.73486328125 0.541015625 0.0126953125 0.012369791666666666
0 0.74609375 0.5390625 0.0107421875 0.011067708333333334
0 0.7451171875 0.5475260416666666 0.0126953125 0.012369791666666666
0 0.73779296875 0.541015625 0.04541015625 0.044921875
0 0.767578125 0.5078125 0.0107421875 0.010416666666666666
0 0.76708984375 0.52734375 0.0087890625 0.008463541666666666
0 0.779296875 0.5234375 0.0087890625 0.008463541666666666
0 0.78857421875 0.5162760416666666 0.0126953125 0.012369791666666666
0 0.76025390625 0.5286458333333334 0.01025390625 0.009765625
0 0.7392578125 0.4752604166666667 0.01025390625 0.009765625
0 0.73974609375 0.4661458333333333 0.00927734375 0.009114583333333334
0 0.771484375 0.4889322916666667 0.0107421875 0.010416666666666666
0 0.779296875 0.4778645833333333 0.01220703125 0.012369791666666666
0 0.74951171875 0.4498697916666667 0.01123046875 0.011067708333333334
0 0.74560546875 0.501953125 0.0087890625 0.008463541666666666
0 0.693359375 0.4440104166666667 0.01123046875 0.01171875
0 0.78515625 0.4361979166666667 0.01025390625 0.009765625
0 0.79638671875 0.423828125 0.01318359375 0.013020833333333334
0 0.845703125 0.470703125 0.00927734375 0.009114583333333334
0 0.85791015625 0.4635416666666667 0.0166015625 0.016927083333333332
0 0.86865234375 0.4720052083333333 0.015625 0.015625
0 0.86279296875 0.4498697916666667 0.009765625 0.009765625
0 0.85400390625 0.4498697916666667 0.01171875 0.01171875
0 0.8720703125 0.3951822916666667 0.021484375 0.021484375
0 0.89697265625 0.404296875 0.02001953125 0.020182291666666668
0 0.8359375 0.4661458333333333 0.01708984375 0.016927083333333332
0 0.91552734375 0.4427083333333333 0.01123046875 0.011067708333333334
0 0.916015625 0.4303385416666667 0.01708984375 0.016927083333333332
0 0.83251953125 0.40625 0.0166015625 0.016927083333333332
0 0.845703125 0.3815104166666667 0.01904296875 0.01953125
0 0.796875 0.3763020833333333 0.02197265625 0.021484375
0 0.80908203125 0.3736979166666667 0.013671875 0.013671875
0 0.76708984375 0.3997395833333333 0.0107421875 0.010416666666666666
0 0.787109375 0.3014322916666667 0.0234375 0.0234375
0 0.77294921875 0.2877604166666667 0.02001953125 0.020182291666666668
0 0.7138671875 0.3391927083333333 0.0224609375 0.022135416666666668
0 0.6787109375 0.2923177083333333 0.021484375 0.021484375
0 0.67236328125 0.3157552083333333 0.02294921875 0.022786458333333332
0 0.705078125 0.232421875 0.02294921875 0.022786458333333332
0 0.705078125 0.212890625 0.02001953125 0.020182291666666668
0 0.623046875 0.2109375 0.0185546875 0.018229166666666668
0 0.673828125 0.18489583333333334 0.0185546875 0.018880208333333332
0 0.6142578125 0.16861979166666666 0.01953125 0.01953125
0 0.62548828125 0.14388020833333334 0.01806640625 0.017578125
0 0.6142578125 0.15299479166666666 0.0166015625 0.016276041666666668
0 0.45263671875 0.19140625 0.01904296875 0.018880208333333332
0 0.5244140625 0.2721354166666667 0.0107421875 0.010416666666666666
0 0.5517578125 0.2604166666666667 0.013671875 0.013671875
0 0.60595703125 0.38671875 0.01123046875 0.011067708333333334
0 0.6376953125 0.3860677083333333 0.01025390625 0.009765625
0 0.66650390625 0.4114583333333333 0.01123046875 0.01171875
0 0.70654296875 0.4055989583333333 0.0087890625 0.009114583333333334
0 0.734375 0.400390625 0.00927734375 0.009114583333333334
0 0.7490234375 0.4303385416666667 0.01123046875 0.011067708333333334
0 0.828125 0.4908854166666667 0.00830078125 0.0078125
0 0.796875 0.5546875 0.00830078125 0.0078125
0 0.71875 0.5358072916666666 0.01123046875 0.011067708333333334
0 0.62939453125 0.5208333333333334 0.0146484375 0.014973958333333334
0 0.61474609375 0.5221354166666666 0.01220703125 0.012369791666666666
0 0.6357421875 0.4973958333333333 0.01123046875 0.011067708333333334
0 0.6552734375 0.4928385416666667 0.009765625 0.009765625
0 0.59423828125 0.4615885416666667 0.009765625 0.009765625
0 0.58935546875 0.4798177083333333 0.01025390625 0.009765625
0 0.53125 0.4427083333333333 0.01171875 0.01171875
0 0.58349609375 0.4134114583333333 0.01171875 0.01171875
0 0.501953125 0.33984375 0.0166015625 0.016276041666666668
0 0.41015625 0.224609375 0.02392578125 0.024088541666666668
0 0.3671875 0.267578125 0.021484375 0.021484375
0 0.50537109375 0.5143229166666666 0.01123046875 0.011067708333333334
0 0.4970703125 0.53515625 0.01513671875 0.014973958333333334
0 0.54052734375 0.5247395833333334 0.0107421875 0.010416666666666666
0 0.5673828125 0.6197916666666666 0.01220703125 0.01171875
0 0.57421875 0.6627604166666666 0.01025390625 0.009765625
0 0.5634765625 0.6640625 0.013671875 0.013020833333333334
0 0.5869140625 0.66015625 0.015625 0.015625
0 0.59619140625 0.6979166666666666 0.01171875 0.01171875
0 0.65576171875 0.6888020833333334 0.0205078125 0.020182291666666668
0 0.64013671875 0.708984375 0.02099609375 0.020833333333333332
0 0.68310546875 0.6497395833333334 0.01123046875 0.011067708333333334
0 0.654296875 0.6901041666666666 0.009765625 0.009765625
0 0.63916015625 0.7063802083333334 0.0087890625 0.008463541666666666
0 0.48388671875 0.703125 0.0126953125 0.012369791666666666
0 0.4931640625 0.654296875 0.01171875 0.01171875
0 0.52392578125 0.640625 0.01025390625 0.009765625
0 0.41748046875 0.6223958333333334 0.009765625 0.009765625
0 0.43408203125 0.6282552083333334 0.009765625 0.009765625
0 0.357421875 0.5364583333333334 0.01318359375 0.013020833333333334
0 0.22607421875 0.4453125 0.0205078125 0.020182291666666668
0 0.240234375 0.4309895833333333 0.021484375 0.021484375
0 0.1962890625 0.4661458333333333 0.02099609375 0.020833333333333332
0 0.2470703125 0.5618489583333334 0.013671875 0.013671875
0 0.2548828125 0.5696614583333334 0.0234375 0.022786458333333332
0 0.4169921875 0.7278645833333334 0.01416015625 0.014322916666666666
0 0.5419921875 0.8157552083333334 0.01611328125 0.015625
0 0.52099609375 0.833984375 0.01171875 0.01171875
0 0.51513671875 0.8430989583333334 0.015625 0.015625
0 0.42236328125 0.8697916666666666 0.009765625 0.009765625
0 0.43212890625 0.8430989583333334 0.0107421875 0.010416666666666666
0 0.373046875 0.8177083333333334 0.01123046875 0.010416666666666666
0 0.3798828125 0.822265625 0.01220703125 0.01171875
0 0.36572265625 0.8001302083333334 0.00927734375 0.009114583333333334
0 0.32421875 0.78125 0.0234375 0.0234375
0 0.29833984375 0.7513020833333334 0.021484375 0.021484375
0 0.29931640625 0.78125 0.02197265625 0.021484375
0 0.32763671875 0.744140625 0.02099609375 0.020833333333333332
0 0.318359375 0.7526041666666666 0.02197265625 0.021484375
0 0.279296875 0.7311197916666666 0.0166015625 0.016276041666666668
0 0.26513671875 0.7311197916666666 0.025390625 0.025390625
0 0.24755859375 0.7115885416666666 0.015625 0.014973958333333334
0 0.25341796875 0.7161458333333334 0.0146484375 0.014322916666666666
0 0.2744140625 0.703125 0.0234375 0.022786458333333332
0 0.25390625 0.7109375 0.0283203125 0.027994791666666668
0 0.22998046875 0.6119791666666666 0.0205078125 0.020182291666666668
0 0.20947265625 0.6087239583333334 0.02001953125 0.020182291666666668
0 0.556640625 0.3326822916666667 0.01318359375 0.013020833333333334
0 0.537109375 0.322265625 0.01171875 0.01171875
0 0.46826171875 0.3098958333333333 0.0126953125 0.012369791666666666
0 0.568359375 0.396484375 0.01513671875 0.014973958333333334
0 0.6357421875 0.4609375 0.013671875 0.013671875
0 0.66015625 0.447265625 0.01220703125 0.012369791666666666
0 0.4326171875 0.20247395833333334 0.02197265625 0.021484375
0 0.5078125 0.19791666666666666 0.02392578125 0.0234375
0 0.6513671875 0.18424479166666666 0.0263671875 0.026041666666666668
0 0.6240234375 0.193359375 0.0244140625 0.024739583333333332
0 0.63818359375 0.251953125 0.02734375 0.02734375
0 0.75634765625 0.27734375 0.0224609375 0.022135416666666668
0 0.8330078125 0.376953125 0.01904296875 0.018880208333333332