0 0.3359538784067086 0.7901536312849162 0.08123689727463312 0.12779329608938547
0 0.38941299790356393 0.7754888268156425 0.09433962264150944 0.13268156424581007
0 0.430293501048218 0.7192737430167597 0.0749475890985325 0.10335195530726257
0 0.41352201257861637 0.9130586592178771 0.08647798742138364 0.12779329608938547
0 0.5044549266247379 0.8138966480446927 0.06761006289308176 0.0935754189944134
0 0.5303983228511531 0.9483240223463687 0.09329140461215933 0.10335195530726257
0 0.534853249475891 0.8763966480446927 0.08176100628930817 0.10754189944134078
0 0.40120545073375263 0.4650837988826816 0.08176100628930817 0.1138268156424581
0 0.6197589098532494 0.5534217877094972 0.07127882599580712 0.11033519553072625
0 0.10744234800838574 0.5796089385474861 0.06761006289308176 0.0935754189944134
0 0.17164570230607967 0.3722067039106145 0.08542976939203355 0.10614525139664804
0 0.3938679245283019 0.2479050279329609 0.05870020964360587 0.07541899441340782
0 0.8729035639412998 0.2562849162011173 0.06132075471698113 0.08100558659217877
0 0.8215408805031447 0.24755586592178772 0.055031446540880505 0.07262569832402235
0 0.7541928721174004 0.13966480446927373 0.07023060796645703 0.08519553072625698
0 0.6147798742138365 0.07960893854748603 0.06656184486373165 0.0691340782122905
0 0.5762578616352201 0.11522346368715083 0.06184486373165619 0.08379888268156424
0 0.6257861635220126 0.13652234636871508 0.07861635220125786 0.10405027932960893
0 0.6263102725366876 0.20356145251396648 0.07442348008385745 0.08310055865921788
0 0.674266247379455 0.18889664804469275 0.05083857442348008 0.0691340782122905
0 0.6098008385744235 0.2681564245810056 0.09067085953878407 0.09916201117318436
0 0.689727463312369 0.24860335195530725 0.06132075471698113 0.07402234636871509
0 0.7272012578616353 0.29608938547486036 0.06761006289308176 0.10963687150837989
0 0.7009958071278826 0.3816340782122905 0.0770440251572327 0.10474860335195531
0 0.7313941299790356 0.5104748603351955 0.07023060796645703 0.09008379888268156
0 0.7869496855345912 0.5307262569832403 0.06027253668763103 0.08729050279329609
0 0.6685010482180294 0.46298882681564246 0.07023060796645703 0.08798882681564246
0 0.6865828092243187 0.5338687150837989 0.05083857442348008 0.09217877094972067
0 0.734538784067086 0.6700418994413407 0.04821802935010482 0.0712290502793296
0 0.6443920335429769 0.6840083798882681 0.07442348008385745 0.10335195530726257
0 0.7222222222222222 0.7580307262569832 0.06865828092243187 0.08868715083798882
0 0.7819706498951782 0.7304469273743017 0.057651991614255764 0.08030726256983241
0 0.7641509433962265 0.7971368715083799 0.06027253668763103 0.0914804469273743
0 0.7138364779874213 0.8142458100558659 0.04559748427672956 0.0670391061452514
0 0.7277253668763103 0.9528631284916201 0.08857442348008386 0.09427374301675978
0 0.8126310272536688 0.8037709497206704 0.06132075471698113 0.0824022346368715
0 0.9195492662473794 0.6717877094972067 0.09014675052410902 0.10474860335195531
0 0.9080188679245284 0.5017458100558659 0.07180293501048218 0.09008379888268156
0 0.9672431865828093 0.4200418994413408 0.06551362683438156 0.10405027932960893
0 0.865041928721174 0.5527234636871509 0.059748427672955975 0.07751396648044692
0 0.8563941299790356 0.8090083798882681 0.06289308176100629 0.09217877094972067
0 0.9106394129979035 0.8456703910614525 0.08176100628930817 0.09846368715083799
0 0.8223270440251572 0.8589385474860335 0.050314465408805034 0.0691340782122905
0 0.8456498951781971 0.979050279329609 0.06341719077568134 0.04189944134078212
0 0.8726415094339622 0.9123603351955307 0.10534591194968554 0.12849162011173185
0 0.664308176100629 0.8858240223463687 0.07389937106918239 0.09008379888268156