0 0.5181451612903226 0.8160522273425499 0.08640552995391705 0.10445468509984639
0 0.5492511520737328 0.7749615975422427 0.09735023041474654 0.11136712749615975
0 0.5535714285714286 0.717741935483871 0.0771889400921659 0.08678955453149001
0 0.6241359447004609 0.8402457757296466 0.09101382488479262 0.10599078341013825
0 0.6445852534562212 0.7265745007680492 0.06970046082949309 0.07910906298003072
0 0.7246543778801844 0.7949308755760369 0.0956221198156682 0.10599078341013825
0 0.6923963133640553 0.7442396313364056 0.08294930875576037 0.09216589861751152
0 0.42569124423963134 0.5887096774193549 0.0846774193548387 0.09600614439324116
0 0.6140552995391705 0.5069124423963134 0.07546082949308756 0.08986175115207373
0 0.27160138248847926 0.8344854070660522 0.06912442396313365 0.07834101382488479
0 0.22724654377880185 0.6754992319508448 0.08525345622119816 0.09216589861751152
0 0.32776497695852536 0.46889400921658986 0.05933179723502304 0.06451612903225806
0 0.6621543778801844 0.18087557603686635 0.06221198156682028 0.06912442396313365
0 0.6229838709677419 0.2073732718894009 0.05587557603686636 0.06144393241167435
0 0.5313940092165899 0.18625192012288785 0.07027649769585254 0.07450076804915515
0 0.40956221198156684 0.2369431643625192 0.06394009216589862 0.0629800307219662
0 0.39746543778801846 0.28072196620583717 0.06336405529953917 0.07142857142857142
0 0.4409562211981567 0.26344086021505375 0.08006912442396313 0.0890937019969278
0 0.4700460829493088 0.30184331797235026 0.07258064516129033 0.07373271889400922
0 0.4971198156682028 0.2630568356374808 0.05184331797235023 0.05837173579109063
0 0.4861751152073733 0.347926267281106 0.08870967741935484 0.0890937019969278
0 0.5319700460829493 0.2887864823348694 0.06105990783410138 0.065284178187404
0 0.5786290322580645 0.29301075268817206 0.07258064516129033 0.0890937019969278
0 0.5970622119815668 0.358678955453149 0.07949308755760369 0.0890937019969278
0 0.6722350230414746 0.41359447004608296 0.07085253456221198 0.07680491551459294
0 0.7194700460829493 0.39093701996927804 0.06221198156682028 0.07296466973886329
0 0.6091589861751152 0.4251152073732719 0.07085253456221198 0.07603686635944701
0 0.6509216589861752 0.45468509984639016 0.056451612903225805 0.07296466973886329
0 0.7425115207373272 0.5034562211981567 0.05069124423963134 0.05913978494623656
0 0.6854838709677419 0.5664362519201229 0.07603686635944701 0.08602150537634409
0 0.7716013824884793 0.5618279569892473 0.06912442396313365 0.07603686635944701
0 0.8006912442396313 0.5092165898617511 0.05933179723502304 0.06758832565284179
0 0.8165322580645161 0.5583717357910907 0.06336405529953917 0.07603686635944701
0 0.7897465437788018 0.5986943164362519 0.0478110599078341 0.05606758832565284
0 0.8631912442396313 0.6774193548387096 0.09043778801843318 0.10138248847926268
0 0.853110599078341 0.533410138248848 0.06278801843317973 0.0706605222734255
0 0.8712557603686636 0.391321044546851 0.08928571428571429 0.09216589861751152
0 0.790610599078341 0.30069124423963134 0.07142857142857142 0.07680491551459294
0 0.8004032258064516 0.21505376344086022 0.07776497695852534 0.08832565284178187
0 0.783410138248848 0.3563748079877112 0.06048387096774194 0.06682027649769585
0 0.8853686635944701 0.5088325652841782 0.06566820276497695 0.07680491551459294
0 0.9386520737327189 0.4965437788018433 0.08179723502304148 0.08602150537634409
0 0.883352534562212 0.5587557603686636 0.051267281105990783 0.05837173579109063
0 0.9596774193548387 0.6259600614439325 0.06394009216589862 0.07142857142857142
0 0.9737903225806451 0.6643625192012289 0.04665898617511521 0.08064516129032258
0 0.9412442396313364 0.5591397849462365 0.1054147465437788 0.11136712749615975
0 0.785426267281106 0.6701228878648233 0.07373271889400922 0.07834101382488479