0 0.4993939393939394 0.6453957996768982 0.016363636363636365 0.017770597738287562
0 0.5321212121212121 0.6405492730210016 0.012121212121212121 0.015347334410339256
0 0.5766666666666667 0.654281098546042 0.012121212121212121 0.01615508885298869
0 0.4121212121212121 0.6037964458804523 0.013939393939393939 0.01615508885298869
0 0.8763636363636363 0.9547657512116317 0.01090909090909091 0.012116316639741519
0 0.8996969696969697 0.9309369951534734 0.009696969696969697 0.013731825525040387
0 0.8709090909090909 0.8719709208400647 0.01090909090909091 0.01615508885298869
0 0.89 0.8311793214862682 0.01696969696969697 0.020193861066235864
0 0.9266666666666666 0.8198707592891761 0.01090909090909091 0.012116316639741519
0 0.9645454545454546 0.4632471728594507 0.016363636363636365 0.016962843295638127
0 0.9945454545454545 0.43134087237479807 0.009696969696969697 0.023424878836833602
0 0.9163636363636364 0.3949919224555735 0.019393939393939394 0.025848142164781908
0 0.8954545454545455 0.38893376413570274 0.019393939393939394 0.030694668820678513
0 0.8772727272727273 0.38449111470113084 0.022424242424242423 0.027463651050080775
0 0.9675757575757575 0.27665589660743134 0.020606060606060607 0.02665589660743134
0 0.973939393939394 0.5440226171243941 0.011515151515151515 0.012924071082390954
0 0.9981818181818182 0.625605815831987 0.0036363636363636364 0.020193861066235864
0 0.9954545454545455 0.7112277867528272 0.00909090909090909 0.018578352180936994
0 0.9651515151515152 0.7071890145395799 0.012727272727272728 0.015347334410339256
0 0.963030303030303 0.7225363489499192 0.011515151515151515 0.014539579967689823
0 0.9578787878787879 0.802907915993538 0.013939393939393939 0.020193861066235864
0 0.9796969696969697 0.7431340872374798 0.013939393939393939 0.020193861066235864
0 0.9266666666666666 0.5811793214862682 0.02 0.03150242326332795
0 0.93 0.14660743134087237 0.013333333333333334 0.018578352180936994
0 0.9654545454545455 0.12318255250403877 0.01696969696969697 0.018578352180936994
0 0.733030303030303 0.1567043618739903 0.016363636363636365 0.018578352180936994
0 0.7621212121212121 0.14095315024232632 0.013939393939393939 0.018578352180936994
0 0.7712121212121212 0.1122778675282714 0.013939393939393939 0.018578352180936994
0 0.7884848484848485 0.3016962843295638 0.024242424242424242 0.035541195476575124
0 0.7827272727272727 0.3869143780290792 0.019393939393939394 0.025848142164781908
0 0.7639393939393939 0.38651050080775445 0.025454545454545455 0.029079159935379646
0 0.7509090909090909 0.3525848142164782 0.013939393939393939 0.015347334410339256
0 0.8027272727272727 0.33723747980613894 0.022424242424242423 0.022617124394184167
0 0.7421212121212121 0.5290791599353797 0.015151515151515152 0.018578352180936994
0 0.9084848484848485 0.5908723747980614 0.01818181818181818 0.022617124394184167
0 0.8906060606060606 0.5735056542810986 0.02666666666666667 0.027463651050080775
0 0.8606060606060606 0.6247980613893377 0.018787878787878787 0.023424878836833602
0 0.9112121212121213 0.6219709208400647 0.023636363636363636 0.029079159935379646
0 0.5996969696969697 0.5759289176090469 0.011515151515151515 0.01615508885298869
0 0.6206060606060606 0.5908723747980614 0.011515151515151515 0.01615508885298869
0 0.6866666666666666 0.46082390953150243 0.02909090909090909 0.03715670436187399
0 0.7203030303030303 0.46809369951534735 0.022424242424242423 0.027463651050080775
0 0.7460606060606061 0.44426494345718903 0.020606060606060607 0.02665589660743134
0 0.14636363636363636 0.9398222940226171 0.02 0.0210016155088853
0 0.1784848484848485 0.9373990306946688 0.013939393939393939 0.01615508885298869
0 0.16606060606060605 0.9608239095315024 0.021212121212121213 0.02988691437802908
0 0.15848484848484848 0.8990306946688207 0.02 0.023424878836833602
0 0.23636363636363636 0.9753634894991923 0.01696969696969697 0.021809369951534735
0 0.17 0.9890953150242326 0.026060606060606062 0.021809369951534735
0 0.2596969696969697 0.9410339256865913 0.01696969696969697 0.023424878836833602
0 0.2887878787878788 0.7576736672051696 0.013939393939393939 0.018578352180936994
0 0.31393939393939396 0.7726171243941842 0.016363636363636365 0.021809369951534735
0 0.26545454545454544 0.77140549273021 0.020606060606060607 0.025848142164781908
0 0.26696969696969697 0.7988691437802908 0.018787878787878787 0.01938610662358643
0 0.24909090909090909 0.7710016155088854 0.01696969696969697 0.0210016155088853
0 0.8266666666666667 0.45678513731825526 0.02303030303030303 0.02827140549273021
0 0.7390909090909091 0.3715670436187399 0.022424242424242423 0.02827140549273021
0 0.51 0.3832794830371567 0.030303030303030304 0.03796445880452343
0 0.41575757575757577 0.4624394184168013 0.02484848484848485 0.033925686591276254
0 0.3927272727272727 0.4579967689822294 0.02727272727272727 0.04038772213247173