0 0.9778523489932885 0.12924865831842575 0.019463087248322148 0.01520572450805009
0 0.22248322147651006 0.9194991055456172 0.02953020134228188 0.03309481216457961
0 0.1708053691275168 0.8953488372093024 0.02214765100671141 0.029516994633273702
0 0.187248322147651 0.9033989266547406 0.02214765100671141 0.03667262969588551
0 0.27114093959731544 0.90608228980322 0.02080536912751678 0.03220035778175313
0 0.3540268456375839 0.9150268336314848 0.01879194630872483 0.025044722719141325
0 0.36476510067114093 0.9467799642218246 0.020134228187919462 0.029516994633273702
0 0.3983221476510067 0.8770125223613596 0.0174496644295302 0.01967799642218247
0 0.3825503355704698 0.8618067978533095 0.020134228187919462 0.01967799642218247
0 0.3359060402684564 0.8524150268336315 0.02214765100671141 0.03220035778175313
0 0.5577181208053691 0.8747763864042933 0.010067114093959731 0.01699463327370304
0 0.5651006711409396 0.8756708407871199 0.006711409395973154 0.01073345259391771
0 0.5667785234899329 0.8877459749552773 0.010738255033557046 0.01520572450805009
0 0.6157718120805369 0.9731663685152058 0.014093959731543624 0.017889087656529516
0 0.6879194630872483 0.909660107334526 0.009395973154362415 0.01520572450805009
0 0.6818791946308724 0.9494633273703041 0.009395973154362415 0.01520572450805009
0 0.6654362416107382 0.9682468694096601 0.010738255033557046 0.014311270125223614
0 0.6003355704697987 0.8886404293381037 0.009395973154362415 0.012522361359570662
0 0.6053691275167785 0.8542039355992844 0.009395973154362415 0.012522361359570662
0 0.6335570469798658 0.8756708407871199 0.009395973154362415 0.011627906976744186
0 0.6862416107382551 0.5773703041144902 0.012080536912751677 0.017889087656529516
0 0.687248322147651 0.5952593917710197 0.01476510067114094 0.01520572450805009
0 0.6812080536912751 0.6350626118067979 0.011409395973154362 0.01699463327370304
0 0.623489932885906 0.5259391771019678 0.01476510067114094 0.014311270125223614
0 0.7120805369127516 0.3363148479427549 0.012751677852348993 0.016100178890876567
0 0.9543624161073826 0.4865831842576029 0.021476510067114093 0.0259391771019678
0 0.8855704697986577 0.8358676207513417 0.016778523489932886 0.025044722719141325
0 0.8808724832214765 0.8059033989266547 0.016778523489932886 0.02146690518783542
0 0.9546979865771812 0.8215563506261181 0.01476510067114094 0.018783542039355994
0 0.9298657718120805 0.9083184257602862 0.013422818791946308 0.02146690518783542
0 0.8657718120805369 0.8998211091234347 0.01476510067114094 0.018783542039355994
0 0.8781879194630873 0.8944543828264758 0.016778523489932886 0.022361359570661897
0 0.8916107382550336 0.8895348837209303 0.012080536912751677 0.017889087656529516
0 0.8771812080536913 0.9946332737030411 0.013422818791946308 0.01073345259391771
0 0.9379194630872483 0.9633273703041145 0.016107382550335572 0.0259391771019678
0 0.9164429530201342 0.9865831842576028 0.02348993288590604 0.026833631484794274
0 0.9184563758389261 0.9816636851520573 0.009395973154362415 0.012522361359570662
0 0.38288590604026845 0.5402504472271914 0.016778523489932886 0.026833631484794274
0 0.3560402684563758 0.5693202146690519 0.01879194630872483 0.0259391771019678
0 0.3651006711409396 0.6243291592128801 0.01879194630872483 0.022361359570661897
0 0.34496644295302015 0.6256708407871199 0.021476510067114093 0.028622540250447227
0 0.3969798657718121 0.7231663685152058 0.02080536912751678 0.027728085867620753
0 0.35704697986577183 0.7303220035778175 0.021476510067114093 0.0259391771019678
0 0.276510067114094 0.6940966010733453 0.020134228187919462 0.022361359570661897
0 0.8489932885906041 0.4803220035778175 0.026174496644295303 0.029516994633273702
0 0.8359060402684564 0.5058139534883721 0.03087248322147651 0.04025044722719141
0 0.8768456375838927 0.49552772808586765 0.030201342281879196 0.04025044722719141
0 0.8711409395973154 0.5711091234347049 0.036241610738255034 0.04114490161001789
0 0.9486577181208053 0.5800536672629696 0.03154362416107383 0.04114490161001789
0 0.9395973154362416 0.6301431127012522 0.032214765100671144 0.04382826475849732
0 0.8798657718120806 0.6368515205724508 0.03758389261744966 0.04830053667262969
0 0.9073825503355705 0.6480322003577818 0.03154362416107383 0.044722719141323794
0 0.8889261744966444 0.6001788908765653 0.026174496644295303 0.03756708407871199
0 0.9157718120805369 0.5898926654740608 0.032885906040268455 0.044722719141323794
0 0.8546979865771812 0.43202146690518783 0.03691275167785235 0.04561717352415027
0 0.9674496644295302 0.370304114490161 0.028859060402684565 0.04114490161001789
0 0.7818791946308725 0.36493738819320215 0.03758389261744966 0.050983899821109124
0 0.27550335570469797 0.37790697674418605 0.019463087248322148 0.026833631484794274
0 0.2912751677852349 0.40384615384615385 0.022818791946308724 0.03398926654740608
0 0.40201342281879193 0.462432915921288 0.026174496644295303 0.03130590339892665
0 0.4110738255033557 0.35778175313059035 0.02080536912751678 0.027728085867620753