0 0.19895833333333332 0.6319444444444444 0.057291666666666664 0.06736111111111111
0 0.24348958333333334 0.5982638888888889 0.049479166666666664 0.06736111111111111
0 0.23802083333333332 0.6399305555555556 0.04479166666666667 0.05486111111111111
0 0.21302083333333333 0.6833333333333333 0.0515625 0.05763888888888889
0 0.15833333333333333 0.6767361111111111 0.053125 0.06527777777777778
0 0.12786458333333334 0.7017361111111111 0.04010416666666667 0.04097222222222222
0 0.290625 0.7881944444444444 0.05572916666666667 0.0763888888888889
0 0.2390625 0.8125 0.050520833333333334 0.06041666666666667
0 0.26067708333333334 0.7340277777777777 0.04479166666666667 0.05
0 0.23151041666666666 0.7666666666666667 0.07604166666666666 0.07152777777777777
0 0.21588541666666666 0.7569444444444444 0.0546875 0.07708333333333334
0 0.18098958333333334 0.7371527777777778 0.05 0.06111111111111111
0 0.175 0.7822916666666667 0.050520833333333334 0.07083333333333333
0 0.16614583333333333 0.525 0.049479166666666664 0.05416666666666667
0 0.13307291666666668 0.46111111111111114 0.05520833333333333 0.07083333333333333
0 0.17630208333333333 0.48020833333333335 0.057291666666666664 0.07083333333333333
0 0.30755208333333334 0.5236111111111111 0.051041666666666666 0.07152777777777777
0 0.3072916666666667 0.5680555555555555 0.05 0.058333333333333334
0 0.30963541666666666 0.6215277777777778 0.04375 0.0625
0 0.28359375 0.6232638888888888 0.0390625 0.05694444444444444
0 0.26614583333333336 0.36944444444444446 0.065625 0.07291666666666667
0 0.20598958333333334 0.39791666666666664 0.06354166666666666 0.07361111111111111
0 0.14635416666666667 0.3763888888888889 0.05416666666666667 0.07291666666666667
0 0.23802083333333332 0.4423611111111111 0.06875 0.08333333333333333
0 0.3671875 0.4965277777777778 0.06197916666666667 0.08125
0 0.4890625 0.3527777777777778 0.046875 0.05763888888888889
0 0.37213541666666666 0.23333333333333334 0.05520833333333333 0.0763888888888889
0 0.33619791666666665 0.25555555555555554 0.05 0.07013888888888889
0 0.44088541666666664 0.13090277777777778 0.0578125 0.07430555555555556
0 0.4942708333333333 0.1795138888888889 0.046875 0.052083333333333336
0 0.35703125 0.08368055555555555 0.04479166666666667 0.049305555555555554
0 0.4140625 0.08541666666666667 0.04010416666666667 0.03611111111111111
0 0.4075520833333333 0.10138888888888889 0.0515625 0.06666666666666667
0 0.3963541666666667 0.6163194444444444 0.05 0.06388888888888888
0 0.415625 0.7034722222222223 0.044270833333333336 0.05138888888888889
0 0.3888020833333333 0.8298611111111112 0.03958333333333333 0.05555555555555555
0 0.35859375 0.7388888888888889 0.07291666666666667 0.09513888888888888
0 0.3515625 0.7638888888888888 0.053125 0.06597222222222222
0 0.5731770833333333 0.7680555555555556 0.05260416666666667 0.06805555555555555
0 0.67109375 0.7263888888888889 0.04895833333333333 0.05763888888888889
0 0.7119791666666667 0.7579861111111111 0.06041666666666667 0.07152777777777777
0 0.6427083333333333 0.8805555555555555 0.04739583333333333 0.058333333333333334
0 0.50625 0.6017361111111111 0.05260416666666667 0.07013888888888889
0 0.70703125 0.515625 0.06614583333333333 0.07430555555555556
0 0.6471354166666666 0.5190972222222222 0.059895833333333336 0.07430555555555556
0 0.6723958333333333 0.24375 0.05520833333333333 0.06597222222222222
0 0.6372395833333333 0.24965277777777778 0.043229166666666666 0.06597222222222222
0 0.7268229166666667 0.14479166666666668 0.065625 0.0798611111111111
0 0.6674479166666667 0.16631944444444444 0.04895833333333333 0.06875
0 0.8502604166666666 0.7152777777777778 0.058854166666666666 0.07430555555555556
0 0.8458333333333333 0.5756944444444444 0.050520833333333334 0.058333333333333334
0 0.8583333333333333 0.4513888888888889 0.05677083333333333 0.06944444444444445