0 0.7210864485981309 0.3492990654205608 0.014018691588785047 0.017133956386292833
0 0.8127920560747663 0.34579439252336447 0.011682242990654205 0.012461059190031152
0 0.11828271028037383 0.09423676012461059 0.029205607476635514 0.03348909657320872
0 0.055198598130841124 0.09813084112149532 0.02511682242990654 0.024922118380062305
0 0.18311915887850466 0.903816199376947 0.015186915887850467 0.020249221183800622
0 0.21466121495327103 0.8504672897196262 0.014602803738317757 0.01557632398753894
0 0.13405373831775702 0.9353582554517134 0.019275700934579438 0.027258566978193146
0 0.12996495327102803 0.8905763239875389 0.02336448598130841 0.02881619937694704
0 0.15712616822429906 0.9731308411214953 0.02219626168224299 0.028037383177570093
0 0.1445677570093458 0.9906542056074766 0.02044392523364486 0.018691588785046728
0 0.2044392523364486 0.9692367601246106 0.02044392523364486 0.027258566978193146
0 0.17348130841121495 0.9228971962616822 0.012850467289719626 0.017133956386292833
0 0.1731892523364486 0.8956386292834891 0.014602803738317757 0.01557632398753894
0 0.09491822429906542 0.9042056074766355 0.02044392523364486 0.028037383177570093
0 0.12207943925233646 0.9190031152647975 0.01985981308411215 0.027258566978193146
0 0.10426401869158879 0.8524143302180686 0.02044392523364486 0.027258566978193146
0 0.12470794392523364 0.8664330218068536 0.02219626168224299 0.02570093457943925
0 0.08089953271028037 0.809190031152648 0.03387850467289719 0.0397196261682243
0 0.9935747663551402 0.7725856697819314 0.012850467289719626 0.020249221183800622
0 0.990070093457944 0.7963395638629284 0.012850467289719626 0.017133956386292833
0 0.9646612149532711 0.7472741433021807 0.013434579439252336 0.016355140186915886
0 0.8712032710280374 0.6865264797507789 0.02102803738317757 0.024922118380062305
0 0.584696261682243 0.8197040498442367 0.018107476635514017 0.024143302180685357
0 0.5721378504672897 0.8742211838006231 0.012266355140186916 0.019470404984423675
0 0.592873831775701 0.882398753894081 0.013434579439252336 0.018691588785046728
0 0.5096378504672897 0.8197040498442367 0.011682242990654205 0.014018691588785047
0 0.5166471962616822 0.8788940809968847 0.014018691588785047 0.018691588785046728
0 0.5017523364485982 0.8033489096573209 0.016355140186915886 0.020249221183800622
0 0.4912383177570093 0.7897196261682243 0.011682242990654205 0.01557632398753894
0 0.5052570093457944 0.7881619937694704 0.010514018691588784 0.016355140186915886
0 0.4512266355140187 0.8800623052959502 0.017523364485981307 0.020249221183800622
0 0.48130841121495327 0.8714953271028038 0.014602803738317757 0.01791277258566978
0 0.5216121495327103 0.8512461059190031 0.012266355140186916 0.01791277258566978
0 0.38317757009345793 0.8512461059190031 0.011682242990654205 0.01557632398753894
0 0.370911214953271 0.8181464174454829 0.014602803738317757 0.01791277258566978
0 0.3723714953271028 0.8337227414330218 0.014602803738317757 0.020249221183800622
0 0.36010514018691586 0.8496884735202492 0.014018691588785047 0.01557632398753894
0 0.3717873831775701 0.8582554517133957 0.015186915887850467 0.020249221183800622
0 0.370035046728972 0.8387850467289719 0.053738317757009345 0.07320872274143302
0 0.3046144859813084 0.8504672897196262 0.013434579439252336 0.017133956386292833
0 0.3282710280373832 0.8714953271028038 0.009345794392523364 0.014797507788161994
0 0.3133761682242991 0.8862928348909658 0.010514018691588784 0.0132398753894081
0 0.2973130841121495 0.8936915887850467 0.016355140186915886 0.019470404984423675
0 0.3352803738317757 0.8621495327102804 0.012266355140186916 0.017133956386292833
0 0.2876752336448598 0.7679127725856698 0.012850467289719626 0.016355140186915886
0 0.276285046728972 0.7585669781931464 0.010514018691588784 0.014797507788161994
0 0.27774532710280375 0.8356697819314641 0.012266355140186916 0.01791277258566978
0 0.25759345794392524 0.8348909657320872 0.015186915887850467 0.018691588785046728
0 0.24824766355140188 0.756619937694704 0.013434579439252336 0.018691588785046728
0 0.31542056074766356 0.8088006230529595 0.009345794392523364 0.016355140186915886
0 0.2876752336448598 0.6592679127725857 0.015186915887850467 0.017133956386292833
0 0.20151869158878505 0.7994548286604362 0.012266355140186916 0.017133956386292833
0 0.17698598130841123 0.802570093457944 0.018107476635514017 0.01791277258566978
0 0.1939252336448598 0.9361370716510904 0.010514018691588784 0.014018691588785047
0 0.1746495327102804 0.9470404984423676 0.02161214953271028 0.024922118380062305
0 0.17669392523364486 0.9742990654205608 0.02044392523364486 0.024143302180685357
0 0.1536214953271028 0.9396417445482866 0.011098130841121495 0.016355140186915886
0 0.16092289719626168 0.9264018691588785 0.013434579439252336 0.019470404984423675
0 0.07885514018691589 0.8933021806853583 0.02511682242990654 0.03426791277258567
0 0.0689252336448598 0.9443146417445483 0.02511682242990654 0.030373831775700934
0 0.19626168224299065 0.9143302180685359 0.02044392523364486 0.0264797507788162
0 0.08557242990654206 0.9957165109034268 0.02044392523364486 0.008566978193146417
0 0.12558411214953272 0.8430685358255452 0.019275700934579438 0.027258566978193146
0 0.08411214953271028 0.8360591900311527 0.02453271028037383 0.02881619937694704
0 0.11828271028037383 0.7507788161993769 0.02570093457943925 0.03426791277258567
0 0.10484813084112149 0.7679127725856698 0.015771028037383176 0.02102803738317757
0 0.17172897196261683 0.7293613707165109 0.012850467289719626 0.017133956386292833
0 0.03475467289719626 0.6510903426791277 0.030373831775700934 0.03426791277258567
0 0.02949766355140187 0.6129283489096573 0.02394859813084112 0.03115264797507788
0 0.14223130841121495 0.5747663551401869 0.028037383177570093 0.035046728971962614
0 0.1133177570093458 0.4649532710280374 0.02570093457943925 0.03348909657320872
0 0.1483644859813084 0.48130841121495327 0.028037383177570093 0.03426791277258567
0 0.018107476635514017 0.441588785046729 0.029205607476635514 0.035046728971962614
0 0.0029205607476635513 0.41861370716510904 0.005841121495327103 0.030373831775700934
0 0.05987149532710281 0.2838785046728972 0.02219626168224299 0.028037383177570093
0 0.015186915887850467 0.2223520249221184 0.02219626168224299 0.031931464174454825
0 0.002628504672897196 0.205607476635514 0.005257009345794392 0.0264797507788162
0 0.2167056074766355 0.1923676012461059 0.012850467289719626 0.01791277258566978
0 0.17990654205607476 0.22468847352024923 0.015771028037383176 0.022585669781931463
0 0.2897196261682243 0.4528816199376947 0.012850467289719626 0.01791277258566978
0 0.2619742990654206 0.5038940809968847 0.012266355140186916 0.016355140186915886
0 0.26985981308411217 0.5786604361370716 0.014018691588785047 0.01791277258566978
0 0.22897196261682243 0.6378504672897196 0.010514018691588784 0.014018691588785047
0 0.19976635514018692 0.67601246105919 0.010514018691588784 0.014018691588785047
0 0.22429906542056074 0.7340342679127726 0.014018691588785047 0.017133956386292833
0 0.23276869158878505 0.9295171339563862 0.009929906542056074 0.0132398753894081
0 0.33703271028037385 0.9501557632398754 0.009929906542056074 0.0132398753894081
0 0.379088785046729 0.8021806853582555 0.013434579439252336 0.01791277258566978
0 0.4342873831775701 0.6401869158878505 0.018691588785046728 0.022585669781931463
0 0.4491822429906542 0.6187694704049844 0.015186915887850467 0.018691588785046728
0 0.401285046728972 0.625 0.014602803738317757 0.01557632398753894
0 0.379088785046729 0.6510903426791277 0.012266355140186916 0.014797507788161994
0 0.39135514018691586 0.5175233644859814 0.011098130841121495 0.01557632398753894
0 0.41764018691588783 0.5292056074766355 0.012850467289719626 0.014797507788161994
0 0.4205607476635514 0.39447040498442365 0.014018691588785047 0.018691588785046728
0 0.3411214953271028 0.44587227414330216 0.014018691588785047 0.018691588785046728
0 0.3183411214953271 0.2309190031152648 0.01985981308411215 0.0264797507788162
0 0.530373831775701 0.4322429906542056 0.012850467289719626 0.01791277258566978
0 0.5622079439252337 0.44197819314641745 0.01985981308411215 0.022585669781931463
0 0.5137266355140186 0.5003894080996885 0.012266355140186916 0.017133956386292833
0 0.6083528037383178 0.6507009345794392 0.015186915887850467 0.017133956386292833
0 0.6550817757009346 0.7095015576323987 0.011098130841121495 0.017133956386292833
0 0.6650116822429907 0.6939252336448598 0.016355140186915886 0.02102803738317757
0 0.6410630841121495 0.7274143302180686 0.02044392523364486 0.02336448598130841
0 0.6799065420560748 0.7846573208722741 0.013434579439252336 0.019470404984423675
0 0.6191588785046729 0.8714953271028038 0.02453271028037383 0.03348909657320872
0 0.6568341121495327 0.8691588785046729 0.02511682242990654 0.03271028037383177
0 0.5476051401869159 0.8714953271028038 0.014018691588785047 0.017133956386292833
0 0.6226635514018691 0.8699376947040498 0.011682242990654205 0.01557632398753894
0 0.6542056074766355 0.8633177570093458 0.009929906542056074 0.014018691588785047
0 0.7794976635514018 0.6074766355140186 0.015186915887850467 0.019470404984423675
0 0.7123247663551402 0.5689252336448598 0.015186915887850467 0.017133956386292833
0 0.6691004672897196 0.6031931464174455 0.012266355140186916 0.01557632398753894
0 0.735981308411215 0.41082554517133957 0.011682242990654205 0.01557632398753894
0 0.728679906542056 0.4439252336448598 0.011682242990654205 0.01557632398753894
0 0.6799065420560748 0.21690031152647976 0.015186915887850467 0.020249221183800622
0 0.8028621495327103 0.06619937694704049 0.016355140186915886 0.022585669781931463
0 0.8057827102803738 0.08683800623052959 0.026869158878504672 0.0381619937694704
0 0.865070093457944 0.5268691588785047 0.017523364485981307 0.022585669781931463
0 0.8688668224299065 0.8282710280373832 0.018691588785046728 0.02570093457943925
0 0.9091705607476636 0.8142523364485982 0.013434579439252336 0.019470404984423675
0 0.9252336448598131 0.8146417445482866 0.018107476635514017 0.0264797507788162
0 0.9938668224299065 0.6795171339563862 0.012266355140186916 0.01791277258566978
0 0.9956191588785047 0.5241433021806854 0.008761682242990653 0.014018691588785047
0 0.9856892523364486 0.36253894080996885 0.011682242990654205 0.03271028037383177
0 0.9599883177570093 0.40031152647975077 0.027453271028037383 0.03115264797507788
0 0.9783878504672897 0.3940809968847352 0.02570093457943925 0.03426791277258567
0 0.9795560747663551 0.308411214953271 0.010514018691588784 0.02570093457943925
0 0.9532710280373832 0.26791277258566976 0.028621495327102803 0.03582554517133956
0 0.9699182242990654 0.24493769470404986 0.015771028037383176 0.040498442367601244
0 0.8787967289719626 0.09423676012461059 0.02511682242990654 0.031931464174454825
0 0.8916471962616822 0.05763239875389408 0.02453271028037383 0.030373831775700934
0 0.2643107476635514 0.3130841121495327 0.015186915887850467 0.020249221183800622
0 0.26781542056074764 0.2690809968847352 0.015186915887850467 0.017133956386292833
0 0.3098714953271028 0.14369158878504673 0.015186915887850467 0.019470404984423675
0 0.33294392523364486 0.40186915887850466 0.019275700934579438 0.022585669781931463
0 0.35630841121495327 0.5841121495327103 0.018107476635514017 0.019470404984423675
0 0.3195093457943925 0.6082554517133957 0.015186915887850467 0.018691588785046728
0 0.14018691588785046 0.08489096573208722 0.027453271028037383 0.03426791277258567
0 0.009637850467289719 0.3002336448598131 0.019275700934579438 0.04127725856697819
0 0.037675233644859814 0.26635514018691586 0.030373831775700934 0.0381619937694704
0 0.09783878504672897 0.3547507788161994 0.03329439252336448 0.042834890965732085
0 0.030373831775700934 0.5747663551401869 0.028037383177570093 0.03348909657320872
0 0.08907710280373832 0.8099688473520249 0.02102803738317757 0.03115264797507788