0 0.17078825347758886 0.3190255220417633 0.02472952086553323 0.017981438515081206
0 0.19629057187017002 0.3138051044083527 0.02627511591962906 0.019721577726218097
0 0.21406491499227204 0.3248259860788863 0.02472952086553323 0.022041763341067284
0 0.1143740340030912 0.21345707656612528 0.02627511591962906 0.022041763341067284
0 0.15919629057187018 0.23375870069605567 0.04636785162287481 0.027262180974477957
0 0.22720247295208656 0.24535962877030162 0.02704791344667697 0.02320185614849188
0 0.15687789799072643 0.1728538283062645 0.03554868624420402 0.025522041763341066
0 0.2982998454404946 0.18967517401392112 0.02936630602782071 0.026102088167053363
0 0.25734157650695516 0.26102088167053367 0.02936630602782071 0.027262180974477957
0 0.3207109737248841 0.16415313225058004 0.030911901081916538 0.02320185614849188
0 0.3786707882534776 0.1177494199535963 0.0401854714064915 0.03480278422273782
0 0.2836166924265842 0.25696055684454755 0.023183925811437404 0.022041763341067284
0 0.30525502318392583 0.27784222737819025 0.023956723338485315 0.0191415313225058
0 0.41190108191653785 0.33410672853828305 0.03863987635239567 0.027262180974477957
0 0.46445131375579596 0.3462877030162413 0.023183925811437404 0.020301624129930394
0 0.4366306027820711 0.37935034802784223 0.03941267387944358 0.024361948955916472
0 0.5115919629057187 0.4077726218097448 0.05023183925811438 0.03480278422273782
0 0.4072642967542504 0.4077726218097448 0.03863987635239567 0.020301624129930394
0 0.5239567233384853 0.4019721577726218 0.030911901081916538 0.031322505800464036
0 0.5 0.41125290023201855 0.02627511591962906 0.024361948955916472
0 0.3624420401854714 0.45069605568445475 0.03554868624420402 0.021461716937354988
0 0.39335394126738793 0.5365429234338747 0.03941267387944358 0.02494199535962877
0 0.22565687789799072 0.5846867749419954 0.04791344667697063 0.031902552204176336
0 0.41576506955177744 0.5591647331786543 0.027820710973724884 0.02320185614849188
0 0.4528593508500773 0.5829466357308585 0.03168469860896445 0.027262180974477957
0 0.1831530139103555 0.45011600928074247 0.04482225656877898 0.031322505800464036
0 0.22642967542503864 0.4651972157772622 0.03863987635239567 0.029002320185614848
0 0.1491499227202473 0.4837587006960557 0.04636785162287481 0.03654292343387471
0 0.14064914992272023 0.41067285382830626 0.05023183925811438 0.03306264501160093
0 0.12982998454404945 0.37354988399071926 0.02936630602782071 0.02088167053364269
0 0.08887171561051005 0.41067285382830626 0.03554868624420402 0.029582366589327145
0 0.11128284389489954 0.24071925754060325 0.0347758887171561 0.02842227378190255
0 0.0919629057187017 0.2720417633410673 0.03554868624420402 0.02320185614849188
0 0.6267387944358578 0.37877030162412995 0.04559505409582689 0.03074245939675174
0 0.6599690880989181 0.4095127610208817 0.04714064914992272 0.027842227378190254
0 0.5571870170015456 0.33410672853828305 0.04095826893353941 0.027262180974477957
0 0.6081916537867079 0.2662412993039443 0.04327666151468315 0.03074245939675174
0 0.6476043276661515 0.24071925754060325 0.04404945904173107 0.03480278422273782
0 0.7658423493044823 0.23491879350348027 0.0401854714064915 0.029002320185614848
0 0.6561051004636785 0.18213457076566125 0.03863987635239567 0.026102088167053363
0 0.5455950540958269 0.1513921113689095 0.05332302936630603 0.037122969837587005
0 0.49613601236476046 0.13921113689095127 0.04173106646058733 0.029002320185614848
0 0.4482225656877898 0.1554524361948956 0.04327666151468315 0.029002320185614848
0 0.5293663060278208 0.08642691415313225 0.02936630602782071 0.025522041763341066
0 0.5857805255023184 0.6136890951276102 0.030911901081916538 0.02262180974477958
0 0.606646058732612 0.6606728538283063 0.0347758887171561 0.03074245939675174
0 0.4605873261205564 0.6769141531322506 0.04173106646058733 0.024361948955916472
0 0.419629057187017 0.7256380510440835 0.04714064914992272 0.031902552204176336
0 0.7874806800618238 0.607308584686775 0.04095826893353941 0.030162412993039442
0 0.7387944358578052 0.5481438515081206 0.04404945904173107 0.037703016241299306
0 0.8292117465224111 0.6084686774941995 0.03709428129829984 0.029582366589327145
0 0.4714064914992272 0.22215777262180975 0.03863987635239567 0.027842227378190254
0 0.07650695517774343 0.4820185614849188 0.03554868624420402 0.02668213457076566
0 0.07727975270479134 0.6647331786542924 0.03709428129829984 0.025522041763341066
0 0.06800618238021638 0.7082366589327146 0.03245749613601236 0.027842227378190254
0 0.30216383307573413 0.8039443155452436 0.04173106646058733 0.025522041763341066
0 0.3284389489953632 0.8236658932714617 0.03632148377125193 0.030162412993039442
0 0.6213292117465224 0.8364269141531323 0.03863987635239567 0.02668213457076566
0 0.8021638330757341 0.775522041763341 0.04868624420401855 0.029582366589327145
0 0.8670788253477589 0.6119489559164734 0.04250386398763524 0.031902552204176336
0 0.7743431221020093 0.31612529002320183 0.03554868624420402 0.024361948955916472