0 0.04302045728038508 0.25963081861958265 0.01684717208182912 0.023274478330658106
0 0.036702767749699154 0.28651685393258425 0.01865222623345367 0.024077046548956663
0 0.10589651022864019 0.33507223113964685 0.017448856799037304 0.02086677367576244
0 0.18231046931407943 0.3234349919743178 0.018050541516245487 0.02086677367576244
0 0.1374849578820698 0.24357945425361155 0.013838748495788207 0.014446227929373997
0 0.15373044524669074 0.228330658105939 0.01263537906137184 0.019261637239165328
0 0.08363417569193743 0.22271268057784913 0.011432009626955475 0.014446227929373997
0 0.04632972322503008 0.3382825040128411 0.013237063778580024 0.016853932584269662
0 0.04482551143200963 0.37479935794542535 0.013838748495788207 0.021669341894060994
0 0.16425992779783394 0.3848314606741573 0.01684717208182912 0.021669341894060994
0 0.15914560770156438 0.34991974317817015 0.017448856799037304 0.01765650080256822
0 0.12815884476534295 0.33587479935794545 0.01444043321299639 0.01765650080256822
0 0.9055354993983152 0.9434189406099518 0.01444043321299639 0.006420545746388443
0 0.9043321299638989 0.8635634028892456 0.01263537906137184 0.016853932584269662
0 0.8589049338146811 0.9177367576243981 0.01684717208182912 0.02247191011235955
0 0.9903730445246691 0.7267255216693419 0.016245487364620937 0.020064205457463884
0 0.9238868832731648 0.7215088282504013 0.019855595667870037 0.024077046548956663
0 0.9810469314079422 0.5373194221508828 0.013237063778580024 0.019261637239165328
0 0.9912755716004813 0.5393258426966292 0.013838748495788207 0.018459069020866775
0 0.983453670276775 0.47913322632423755 0.01263537906137184 0.020064205457463884
0 0.9957882069795427 0.4534510433386838 0.007821901323706379 0.01765650080256822
0 0.9043321299638989 0.43218298555377205 0.02045728038507822 0.033707865168539325
0 0.9858604091456077 0.5601926163723917 0.013838748495788207 0.015248796147672551
0 0.8950060168471721 0.5850722311396469 0.017448856799037304 0.02086677367576244
0 0.2933212996389892 0.9390048154093098 0.02045728038507822 0.028089887640449437
0 0.3140794223826715 0.9871589085072231 0.02286401925391095 0.025682182985553772
0 0.358604091456077 0.8182182985553772 0.019253910950661854 0.02247191011235955
0 0.060770156438026475 0.6552969502407705 0.02045728038507822 0.024077046548956663
0 0.15613718411552346 0.5830658105939005 0.023465703971119134 0.03130016051364366
0 0.18140794223826714 0.48836276083467095 0.02286401925391095 0.027287319422150885
0 0.06016847172081829 0.49157303370786515 0.023465703971119134 0.027287319422150885
0 0.07791817087845969 0.5485553772070626 0.023465703971119134 0.024879614767255216
0 0.3480746089049338 0.9895666131621188 0.029482551143200964 0.02086677367576244
0 0.48646209386281586 0.8892455858747994 0.030685920577617327 0.03932584269662921
0 0.5321901323706378 0.9069020866773676 0.027677496991576414 0.033707865168539325
0 0.5084235860409145 0.9225521669341894 0.03309265944645006 0.040930979133226325
0 0.5192539109506619 0.7379614767255217 0.029482551143200964 0.036115569823434994
0 0.5237665463297232 0.7784911717495987 0.03790613718411552 0.04253611556982344
0 0.5168471720818292 0.5308988764044944 0.028279181708784597 0.036115569823434994
0 0.5421179302045728 0.5296950240770465 0.035499398315282794 0.044141252006420544
0 0.4629963898916967 0.3057784911717496 0.026474127557160047 0.03691813804173355
0 0.5613718411552346 0.5413322632423756 0.028279181708784597 0.03932584269662921