0 0.21311475409836064 0.5724043715846995 0.05430327868852459 0.06284153005464481
0 0.25922131147540983 0.5450819672131147 0.0466188524590164 0.06352459016393443
0 0.2510245901639344 0.5850409836065574 0.042008196721311473 0.05122950819672131
0 0.22361680327868852 0.6246584699453552 0.048668032786885244 0.05396174863387978
0 0.17059426229508196 0.6120218579234973 0.050204918032786885 0.06147540983606557
0 0.13908811475409835 0.6328551912568307 0.03790983606557377 0.03756830601092896
0 0.2930327868852459 0.7363387978142076 0.05225409836065574 0.07172131147540983
0 0.24103483606557377 0.7540983606557377 0.04764344262295082 0.05669398907103825
0 0.2671618852459016 0.6796448087431693 0.04252049180327869 0.045765027322404374
0 0.23642418032786885 0.7083333333333334 0.07274590163934426 0.06489071038251366
0 0.22182377049180327 0.6970628415300546 0.05122950819672131 0.07240437158469945
0 0.18878073770491804 0.6738387978142076 0.0471311475409836 0.05737704918032787
0 0.18007172131147542 0.7172131147540983 0.04764344262295082 0.06693989071038252
0 0.1880122950819672 0.4641393442622951 0.0466188524590164 0.050546448087431695
0 0.15957991803278687 0.3978825136612022 0.05225409836065574 0.0662568306010929
0 0.20081967213114754 0.421448087431694 0.05430327868852459 0.0662568306010929
0 0.3265881147540984 0.47882513661202186 0.04764344262295082 0.06762295081967214
0 0.3235143442622951 0.5225409836065574 0.0471311475409836 0.0546448087431694
0 0.32223360655737704 0.575136612021858 0.04047131147540984 0.05874316939890711
0 0.29661885245901637 0.5737704918032787 0.03637295081967213 0.05327868852459016
0 0.2958504098360656 0.32308743169398907 0.0625 0.06762295081967214
0 0.2351434426229508 0.3442622950819672 0.05993852459016393 0.06830601092896176
0 0.17802254098360656 0.3162568306010929 0.0507172131147541 0.06830601092896176
0 0.2635758196721312 0.39139344262295084 0.06454918032786885 0.0778688524590164
0 0.3867827868852459 0.45901639344262296 0.0584016393442623 0.07581967213114754
0 0.515625 0.3323087431693989 0.04405737704918033 0.05327868852459016
0 0.40855532786885246 0.20218579234972678 0.051741803278688527 0.07172131147540983
0 0.3719262295081967 0.21960382513661203 0.0471311475409836 0.0662568306010929
0 0.48258196721311475 0.1096311475409836 0.05430327868852459 0.06967213114754098
0 0.5315061475409836 0.16325136612021857 0.04405737704918033 0.04781420765027322
0 0.40343237704918034 0.05362021857923497 0.04252049180327869 0.045081967213114756
0 0.45901639344262296 0.06181693989071038 0.038422131147540985 0.03278688524590164
0 0.45184426229508196 0.07684426229508197 0.048668032786885244 0.06284153005464481
0 0.4077868852459016 0.5799180327868853 0.0466188524590164 0.060109289617486336
0 0.4208504098360656 0.667691256830601 0.04149590163934426 0.04781420765027322
0 0.3865266393442623 0.7882513661202186 0.036885245901639344 0.05191256830601093
0 0.36270491803278687 0.6956967213114754 0.06813524590163934 0.08879781420765027
0 0.3542520491803279 0.7192622950819673 0.050204918032786885 0.06215846994535519
0 0.570952868852459 0.7489754098360656 0.04969262295081967 0.06420765027322405
0 0.6698258196721312 0.7192622950819673 0.04610655737704918 0.05396174863387978
0 0.7077356557377049 0.7547814207650273 0.05737704918032787 0.06693989071038252
0 0.6319159836065574 0.8671448087431693 0.04456967213114754 0.05396174863387978
0 0.5163934426229508 0.5782103825136612 0.04969262295081967 0.0662568306010929
0 0.7184938524590164 0.5167349726775956 0.0625 0.06898907103825136
0 0.6595799180327869 0.5133196721311475 0.05635245901639344 0.06967213114754098
0 0.7021004098360656 0.2465846994535519 0.05225409836065574 0.06147540983606557
0 0.6672643442622951 0.24829234972677597 0.04047131147540984 0.06215846994535519
0 0.7617827868852459 0.1557377049180328 0.061987704918032786 0.0744535519125683
0 0.7021004098360656 0.17008196721311475 0.04610655737704918 0.06489071038251366
0 0.8460553278688525 0.7288251366120219 0.055327868852459015 0.06967213114754098
0 0.850922131147541 0.5915300546448088 0.04764344262295082 0.0546448087431694
0 0.8709016393442623 0.47096994535519127 0.053790983606557374 0.06489071038251366