0 0.6981216457960644 0.9822147651006712 0.04114490161001789 0.019463087248322148
0 0.6507155635062611 0.9892617449664429 0.0259391771019678 0.009395973154362415
0 0.6869409660107334 0.9295302013422819 0.050983899821109124 0.04093959731543624
0 0.535778175313059 0.9043624161073825 0.06082289803220036 0.042281879194630875
0 0.5559033989266547 0.9355704697986578 0.050983899821109124 0.03825503355704698
0 0.4870304114490161 0.9191275167785234 0.06887298747763863 0.05100671140939597
0 0.5004472271914132 0.898993288590604 0.04025044722719141 0.03355704697986577
0 0.49821109123434704 0.9318791946308724 0.04740608228980322 0.03557046979865772
0 0.4660107334525939 0.9046979865771813 0.038461538461538464 0.03087248322147651
0 0.46288014311270126 0.8704697986577181 0.04382826475849732 0.03557046979865772
0 0.49821109123434704 0.8385906040268456 0.04561717352415027 0.03557046979865772
0 0.5178890876565295 0.8651006711409396 0.04114490161001789 0.032214765100671144
0 0.6440071556350626 0.8221476510067114 0.03667262969588551 0.03422818791946309
0 0.6806797853309481 0.8046979865771812 0.03398926654740608 0.028859060402684565
0 0.5478533094812165 0.7741610738255034 0.03935599284436494 0.030201342281879196
0 0.4847942754919499 0.7604026845637584 0.04025044722719141 0.032214765100671144
0 0.49686940966010734 0.8023489932885906 0.03577817531305903 0.026845637583892617
0 0.6569767441860465 0.741275167785235 0.03488372093023256 0.026845637583892617
0 0.5460644007155635 0.7154362416107383 0.04203935599284436 0.026845637583892617
0 0.5733452593917711 0.7120805369127516 0.03488372093023256 0.02953020134228188
0 0.6046511627906976 0.7164429530201343 0.04025044722719141 0.03154362416107383
0 0.6864937388193202 0.7291946308724833 0.04382826475849732 0.03154362416107383
0 0.6068872987477638 0.7828859060402684 0.04293381037567084 0.032214765100671144
0 0.4074239713774597 0.7963087248322148 0.038461538461538464 0.030201342281879196
0 0.4467799642218247 0.785234899328859 0.04382826475849732 0.030201342281879196
0 0.43246869409660105 0.8439597315436241 0.04025044722719141 0.028859060402684565
0 0.37298747763864043 0.8956375838926175 0.04114490161001789 0.028859060402684565
0 0.3287119856887299 0.9060402684563759 0.03756708407871199 0.028187919463087248
0 0.33944543828264756 0.7956375838926174 0.03756708407871199 0.03087248322147651
0 0.26028622540250446 0.7573825503355704 0.04293381037567084 0.02953020134228188
0 0.2768336314847943 0.7895973154362416 0.04203935599284436 0.028187919463087248
0 0.24776386404293382 0.823489932885906 0.049194991055456175 0.03154362416107383
0 0.39087656529516995 0.6939597315436241 0.04025044722719141 0.030201342281879196
0 0.4472271914132379 0.6761744966442953 0.03667262969588551 0.03087248322147651
0 0.5084973166368515 0.6664429530201342 0.04740608228980322 0.032885906040268455
0 0.49463327370304117 0.6261744966442953 0.03577817531305903 0.028187919463087248
0 0.46288014311270126 0.5919463087248322 0.04293381037567084 0.02953020134228188
0 0.3756708407871199 0.5791946308724832 0.04561717352415027 0.032885906040268455
0 0.31171735241502685 0.5791946308724832 0.04830053667262969 0.03557046979865772
0 0.27772808586762077 0.588255033557047 0.04830053667262969 0.03355704697986577
0 0.6046511627906976 0.5536912751677853 0.03935599284436494 0.032214765100671144
0 0.6833631484794276 0.5449664429530201 0.04114490161001789 0.028187919463087248
0 0.6739713774597496 0.614765100671141 0.046511627906976744 0.03825503355704698
0 0.6538461538461539 0.6587248322147651 0.04114490161001789 0.028859060402684565
0 0.9007155635062611 0.6355704697986577 0.05456171735241502 0.03959731543624161
0 0.8206618962432916 0.6298657718120806 0.04830053667262969 0.030201342281879196
0 0.7562611806797853 0.6036912751677852 0.04293381037567084 0.030201342281879196
0 0.7978533094812165 0.6288590604026846 0.0742397137745975 0.05436241610738255
0 0.7652057245080501 0.5661073825503355 0.038461538461538464 0.027516778523489934
0 0.7978533094812165 0.5389261744966443 0.04025044722719141 0.028859060402684565
0 0.8322898032200358 0.5328859060402684 0.038461538461538464 0.027516778523489934
0 0.8161896243291592 0.4956375838926175 0.04025044722719141 0.028187919463087248
0 0.9042933810375671 0.526510067114094 0.06350626118067978 0.03758389261744966
0 0.33094812164579607 0.9929530201342281 0.03935599284436494 0.014093959731543624
0 0.278175313059034 0.9919463087248322 0.046511627906976744 0.016107382550335572
0 0.23792486583184258 0.9963087248322148 0.046511627906976744 0.00738255033557047
0 0.13864042933810375 0.9926174496644296 0.03756708407871199 0.01476510067114094
0 0.36627906976744184 0.9604026845637584 0.03220035778175313 0.02214765100671141
0 0.18112701252236135 0.7610738255033557 0.03398926654740608 0.025503355704697986
0 0.20438282647584974 0.635234899328859 0.04382826475849732 0.03422818791946309
0 0.2638640429338104 0.6429530201342282 0.044722719141323794 0.03154362416107383
0 0.12343470483005367 0.6818791946308724 0.03398926654740608 0.024161073825503355
0 0.04785330948121646 0.8593959731543624 0.03309481216457961 0.021476510067114093
0 0.06574239713774598 0.9493288590604027 0.03309481216457961 0.024161073825503355