0 0.89404296875 0.3522135416666667 0.01904296875 0.022135416666666668
0 0.82275390625 0.3899739583333333 0.021484375 0.027994791666666668
0 0.83984375 0.23893229166666666 0.021484375 0.022786458333333332
0 0.89111328125 0.2779947916666667 0.01708984375 0.022135416666666668
0 0.6689453125 0.19921875 0.017578125 0.0234375
0 0.14453125 0.6770833333333334 0.017578125 0.020833333333333332
0 0.107421875 0.6627604166666666 0.017578125 0.021484375
0 0.10400390625 0.6875 0.021484375 0.021484375
0 0.6826171875 0.3984375 0.01220703125 0.014973958333333334
0 0.8544921875 0.2688802083333333 0.01513671875 0.022135416666666668
0 0.88232421875 0.3001302083333333 0.009765625 0.009765625
0 0.8466796875 0.2897135416666667 0.01806640625 0.022135416666666668
0 0.87646484375 0.3125 0.00732421875 0.011067708333333334
0 0.9130859375 0.28515625 0.01025390625 0.009765625
0 0.90380859375 0.306640625 0.01025390625 0.01171875
0 0.8896484375 0.212890625 0.0224609375 0.021484375
0 0.892578125 0.2760416666666667 0.0078125 0.011067708333333334
0 0.88330078125 0.2805989583333333 0.0087890625 0.014973958333333334
0 0.6513671875 0.14908854166666666 0.01806640625 0.021484375
0 0.64892578125 0.17643229166666666 0.01611328125 0.020833333333333332
0 0.2587890625 0.3125 0.01025390625 0.011067708333333334
0 0.1865234375 0.26953125 0.0087890625 0.010416666666666666
0 0.1953125 0.2623697916666667 0.0107421875 0.012369791666666666
0 0.8857421875 0.421875 0.01708984375 0.020182291666666668
0 0.7626953125 0.21354166666666666 0.015625 0.022135416666666668
0 0.0986328125 0.8522135416666666 0.021484375 0.027994791666666668
0 0.423828125 0.5169270833333334 0.02294921875 0.033854166666666664
0 0.802734375 0.5338541666666666 0.0205078125 0.026692708333333332
0 0.68310546875 0.45703125 0.02587890625 0.029947916666666668
0 0.76025390625 0.2766927083333333 0.01611328125 0.022786458333333332