0 0.1744186046511628 0.010036496350364963 0.03556771545827633 0.020072992700729927
0 0.07387140902872777 0.03375912408759124 0.033515731874145006 0.0364963503649635
0 0.1662106703146375 0.06843065693430657 0.03967168262653899 0.040145985401459854
0 0.19151846785225718 0.08348540145985402 0.04103967168262654 0.04288321167883212
0 0.07968536251709986 0.09352189781021898 0.03898768809849521 0.04105839416058394
0 0.06634746922024624 0.13275547445255476 0.03625170998632011 0.03923357664233577
0 0.052667578659370724 0.13686131386861314 0.02188782489740082 0.03467153284671533
0 0.056429548563611494 0.10994525547445255 0.022571819425444596 0.03832116788321168
0 0.12140902872777018 0.32071167883211676 0.03967168262653899 0.043795620437956206
0 0.12004103967168263 0.2778284671532847 0.03761969904240766 0.03923357664233577
0 0.14398084815321477 0.27965328467153283 0.038303693570451436 0.040145985401459854
0 0.16142270861833105 0.1884124087591241 0.04719562243502052 0.048357664233576646
0 0.1436388508891929 0.15282846715328466 0.041723666210670314 0.04470802919708029
0 0.22606019151846785 0.14279197080291972 0.036935704514363885 0.03923357664233577
0 0.22229822161422708 0.10994525547445255 0.041723666210670314 0.04470802919708029
0 0.2476060191518468 0.10812043795620438 0.049247606019151846 0.05200729927007299
0 0.2725718194254446 0.08029197080291971 0.03761969904240766 0.03923357664233577
0 0.22811217510259918 0.027828467153284672 0.03761969904240766 0.03923357664233577
0 0.246922024623803 0.02281021897810219 0.03761969904240766 0.03923357664233577
0 0.5995212038303693 0.029197080291970802 0.041723666210670314 0.03375912408759124
0 0.5817373461012312 0.12135036496350365 0.04719562243502052 0.05200729927007299
0 0.5745554035567716 0.09717153284671533 0.041723666210670314 0.04562043795620438
0 0.496922024623803 0.17655109489051096 0.036935704514363885 0.03923357664233577
0 0.4859781121751026 0.19434306569343066 0.043091655266757865 0.046532846715328466
0 0.4688782489740082 0.16925182481751824 0.04377564979480164 0.04562043795620438
0 0.5400136798905609 0.18613138686131386 0.04103967168262654 0.043795620437956206
0 0.5417236662106704 0.15100364963503649 0.041723666210670314 0.04470802919708029
0 0.37790697674418605 0.05656934306569343 0.04582763337893297 0.04927007299270073
0 0.3389192886456908 0.11906934306569343 0.03967168262653899 0.04288321167883212
0 0.4059507523939809 0.17335766423357665 0.036935704514363885 0.03923357664233577
0 0.3806429548563611 0.20437956204379562 0.03283173734610123 0.0364963503649635
0 0.3590971272229822 0.17518248175182483 0.03761969904240766 0.03923357664233577
0 0.3115595075239398 0.2011861313868613 0.03488372093023256 0.037408759124087594
0 0.29411764705882354 0.18065693430656934 0.04445964432284542 0.04744525547445255
0 0.2869357045143639 0.2116788321167883 0.038303693570451436 0.03923357664233577
0 0.3382352941176471 0.26094890510948904 0.038303693570451436 0.040145985401459854
0 0.2670998632010944 0.23220802919708028 0.038303693570451436 0.040145985401459854
0 0.2421340629274966 0.2312956204379562 0.03898768809849521 0.040145985401459854
0 0.28385772913816687 0.2869525547445255 0.033515731874145006 0.035583941605839414
0 0.2476060191518468 0.458029197080292 0.038303693570451436 0.04105839416058394
0 0.2616279069767442 0.49954379562043794 0.04103967168262654 0.04470802919708029
0 0.423734610123119 0.3594890510948905 0.036935704514363885 0.03923357664233577
0 0.47161422708618334 0.33667883211678834 0.049247606019151846 0.05200729927007299
0 0.4274965800273598 0.2572992700729927 0.03761969904240766 0.03923357664233577
0 0.8259233926128591 0.18567518248175183 0.04103967168262654 0.043795620437956206
0 0.8731190150478796 0.22399635036496351 0.04035567715458276 0.043795620437956206
0 0.9035567715458276 0.25136861313868614 0.03625170998632011 0.03832116788321168
0 0.9138166894664843 0.2623175182481752 0.041723666210670314 0.04562043795620438
0 0.8956908344733242 0.23266423357664234 0.030779753761969904 0.03375912408759124
0 0.9257865937072504 0.22673357664233576 0.04377564979480164 0.04562043795620438
0 0.9343365253077975 0.20666058394160583 0.04582763337893297 0.048357664233576646
0 0.9928180574555403 0.21532846715328466 0.014363885088919288 0.03832116788321168
0 0.9722982216142271 0.23768248175182483 0.03488372093023256 0.03832116788321168
0 0.9887140902872777 0.2541058394160584 0.022571819425444596 0.037408759124087594
0 0.8813269493844049 0.3608576642335766 0.030779753761969904 0.03375912408759124
0 0.8423392612859097 0.354470802919708 0.038303693570451436 0.041970802919708027
0 0.7746238030095759 0.35538321167883213 0.043091655266757865 0.04927007299270073
0 0.7910396716826266 0.4593978102189781 0.04035567715458276 0.04288321167883212
0 0.7363201094391245 0.47582116788321166 0.03625170998632011 0.037408759124087594
0 0.7520519835841313 0.5050182481751825 0.029411764705882353 0.03193430656934307
0 0.7746238030095759 0.48950729927007297 0.032147742818057455 0.03375912408759124
0 0.664500683994528 0.5045620437956204 0.03488372093023256 0.037408759124087594
0 0.6179890560875513 0.4402372262773723 0.03146374829001368 0.03375912408759124
0 0.6333789329685362 0.5688868613138686 0.03967168262653899 0.04288321167883212
0 0.5632694938440492 0.5287408759124088 0.04103967168262654 0.04288321167883212
0 0.3450752393980848 0.5825729927007299 0.03556771545827633 0.037408759124087594
0 0.5509575923392613 0.270529197080292 0.046511627906976744 0.04927007299270073
0 0.6631326949384405 0.2988138686131387 0.03625170998632011 0.03832116788321168
0 0.6303009575923393 0.29014598540145986 0.041723666210670314 0.04562043795620438