0 0.855006105006105 0.2182410423452769 0.02442002442002442 0.03257328990228013
0 0.15598290598290598 0.7210912052117264 0.023809523809523808 0.029315960912052116
0 0.1111111111111111 0.6970684039087948 0.023809523809523808 0.03013029315960912
0 0.1047008547008547 0.7271986970684039 0.028693528693528692 0.03013029315960912
0 0.8522588522588522 0.46824104234527686 0.016483516483516484 0.02035830618892508
0 0.8379120879120879 0.15268729641693812 0.02442002442002442 0.03013029315960912
0 0.8321123321123322 0.18648208469055375 0.02197802197802198 0.028501628664495113
0 0.3339438339438339 0.28745928338762217 0.014041514041514042 0.015472312703583062
0 0.24816849816849818 0.22149837133550487 0.01221001221001221 0.014657980456026058
0 0.2597680097680098 0.21416938110749187 0.014652014652014652 0.01710097719869707
0 0.9700854700854701 0.252442996742671 0.021367521367521368 0.03013029315960912
0 0.08180708180708181 0.9287459283387622 0.029304029304029304 0.03420195439739414
0 0.518925518925519 0.5704397394136808 0.031746031746031744 0.046416938110749185
0 0.9829059829059829 0.6567589576547231 0.017094017094017096 0.03501628664495114
0 0.8473748473748474 0.5411237785016286 0.03540903540903541 0.041530944625407164
0 0.960927960927961 0.3306188925081433 0.02197802197802198 0.030944625407166124