0 0.7955336426914154 0.12712519319938176 0.0191415313225058 0.023956723338485315
0 0.8088747099767981 0.1394899536321484 0.019721577726218097 0.02472952086553323
0 0.7790023201856149 0.2090417310664606 0.018561484918793503 0.02241112828438949
0 0.7233178654292344 0.24922720247295208 0.019721577726218097 0.023183925811437404
0 0.7259280742459396 0.17542503863987635 0.013921113689095127 0.01622874806800618
0 0.7093967517401392 0.17658423493044823 0.014501160092807424 0.019319938176197836
0 0.7549303944315545 0.13060278207109738 0.012180974477958236 0.014683153013910355
0 0.8207656612529002 0.1750386398763524 0.014501160092807424 0.01777434312210201
0 0.8346867749419954 0.19590417310664607 0.016241299303944315 0.020865533230293665
0 0.7572505800464037 0.2739567233384853 0.018561484918793503 0.02241112828438949
0 0.7482598607888631 0.250386398763524 0.017981438515081206 0.019319938176197836
0 0.7645011600928074 0.223338485316847 0.015661252900232018 0.01854714064914992
0 0.42314385150812067 0.9969088098918083 0.014501160092807424 0.0061823802163833074
0 0.4733178654292343 0.9972952086553323 0.018561484918793503 0.005409582689335394
0 0.29988399071925753 0.991499227202473 0.01334106728538283 0.017001545595054096
0 0.3169953596287703 0.9756568778979907 0.017981438515081206 0.021638330757341576
0 0.36049883990719256 0.9323802163833076 0.021461716937354988 0.025502318392581144
0 0.25696055684454755 0.8597372488408037 0.015081206496519721 0.019319938176197836
0 0.2505800464037123 0.866692426584235 0.015081206496519721 0.01854714064914992
0 0.22650812064965198 0.8543276661514683 0.01334106728538283 0.01622874806800618
0 0.23491879350348027 0.8272797527047914 0.015661252900232018 0.02009273570324575
0 0.21432714617169374 0.8226429675425039 0.016821345707656612 0.02009273570324575
0 0.2720417633410673 0.7519319938176198 0.024361948955916472 0.03323029366306028
0 0.21084686774941996 0.9010819165378671 0.012761020881670533 0.013910355486862442
0 0.19779582366589327 0.8902627511591963 0.01334106728538283 0.015455950540958269
0 0.26189095127610207 0.875193199381762 0.015081206496519721 0.017001545595054096
0 0.33207656612529 0.8350077279752705 0.018561484918793503 0.021638330757341576
0 0.8639791183294664 0.6738794435857806 0.023781902552204175 0.02936630602782071
0 0.867169373549884 0.7159969088098919 0.02494199535962877 0.02936630602782071
0 0.8779002320185615 0.7577279752704791 0.020301624129930394 0.023956723338485315
0 0.9370649651972158 0.6993817619783617 0.0191415313225058 0.023183925811437404
0 0.7769721577726219 0.6441267387944358 0.02088167053364269 0.023956723338485315
0 0.9214037122969838 0.3678516228748068 0.022041763341067284 0.02627511591962906
0 0.83207656612529 0.383693972179289 0.026102088167053363 0.03245749613601236
0 0.7816125290023201 0.34428129829984544 0.02494199535962877 0.02936630602782071
0 0.8648491879350348 0.27202472952086554 0.02494199535962877 0.02936630602782071
0 0.8732598607888631 0.31646058732612053 0.024361948955916472 0.02704791344667697
0 0.847737819025522 0.7422720247295209 0.03248259860788863 0.04095826893353941
0 0.7157772621809745 0.7631375579598145 0.033642691415313224 0.04095826893353941
0 0.6908352668213457 0.8006182380216383 0.029582366589327145 0.03632148377125193
0 0.7120069605568445 0.7955950540958269 0.03596287703016241 0.04327666151468315
0 0.6400812064965197 0.6947449768160742 0.031902552204176336 0.03863987635239567
0 0.6513921113689095 0.7210200927357032 0.03944315545243619 0.04559505409582689
0 0.5693155452436195 0.5738021638330757 0.03074245939675174 0.03709428129829984
0 0.5519141531322506 0.5877125193199382 0.0388631090487239 0.04636785162287481
0 0.16792343387470998 0.7538639876352395 0.043503480278422275 0.05332302936630603
0 0.11803944315545244 0.750772797527048 0.037122969837587005 0.04482225656877898
0 0.5269721577726219 0.41035548686244205 0.030162412993039442 0.03786707882534776
0 0.54292343387471 0.6062596599690881 0.031902552204176336 0.0401854714064915
0 0.0382830626450116 0.5807573415765069 0.023781902552204175 0.03168469860896445