0 0.0027472527472527475 0.35997067448680353 0.005494505494505495 0.02346041055718475
0 0.05989010989010989 0.42008797653958946 0.01703296703296703 0.020527859237536656
0 0.12857142857142856 0.3999266862170088 0.017582417582417582 0.020527859237536656
0 0.08186813186813187 0.33284457478005863 0.013186813186813187 0.01466275659824047
0 0.0956043956043956 0.31708211143695014 0.012637362637362638 0.018328445747800588
0 0.03159340659340659 0.32111436950146627 0.01098901098901099 0.013929618768328446
0 0.006318681318681319 0.4307184750733138 0.012637362637362638 0.01686217008797654
0 0.007417582417582417 0.46444281524926684 0.014285714285714285 0.02126099706744868
0 0.11648351648351649 0.45821114369501464 0.016483516483516484 0.02126099706744868
0 0.10934065934065934 0.4270527859237537 0.016483516483516484 0.017595307917888565
0 0.08021978021978023 0.4182551319648094 0.014285714285714285 0.017595307917888565
0 0.8310439560439561 0.8782991202346041 0.015384615384615385 0.02126099706744868
0 0.8219780219780219 0.8988269794721407 0.012087912087912088 0.01686217008797654
0 0.8255494505494505 0.9138563049853372 0.015384615384615385 0.013196480938416423
0 0.8228021978021978 0.7987536656891495 0.012637362637362638 0.01686217008797654
0 0.8917582417582418 0.876099706744868 0.015934065934065933 0.018328445747800588
0 0.9005494505494506 0.8940615835777126 0.01098901098901099 0.009530791788856305
0 0.7854395604395604 0.8537390029325513 0.016483516483516484 0.022727272727272728
0 0.9348901098901099 0.6942815249266863 0.014835164835164835 0.019794721407624633
0 0.9461538461538461 0.656891495601173 0.016483516483516484 0.021994134897360705
0 0.9148351648351648 0.6605571847507331 0.012087912087912088 0.01686217008797654
0 0.8912087912087913 0.6634897360703812 0.015934065934065933 0.020527859237536656
0 0.8304945054945055 0.6671554252199413 0.019230769230769232 0.024193548387096774
0 0.9829670329670329 0.7745601173020528 0.01098901098901099 0.013196480938416423
0 0.9887362637362638 0.7360703812316716 0.01703296703296703 0.020527859237536656
0 0.9673076923076923 0.7708944281524927 0.011538461538461539 0.01466275659824047
0 0.981043956043956 0.8471407624633431 0.01703296703296703 0.02126099706744868
0 0.9708791208791209 0.8713343108504399 0.018131868131868133 0.01686217008797654
0 0.9324175824175824 0.8629032258064516 0.017582417582417582 0.02346041055718475
0 0.9552197802197803 0.7980205278592375 0.013736263736263736 0.017595307917888565
0 0.868956043956044 0.49266862170087977 0.013186813186813187 0.01906158357771261
0 0.8785714285714286 0.4930351906158358 0.013736263736263736 0.018328445747800588
0 0.8906593406593407 0.4567448680351906 0.012087912087912088 0.016129032258064516
0 0.8673076923076923 0.43914956011730205 0.012637362637362638 0.01906158357771261
0 0.8804945054945055 0.41385630498533726 0.015934065934065933 0.01906158357771261
0 0.7917582417582417 0.40689149560117305 0.02032967032967033 0.03225806451612903
0 0.9310439560439561 0.4835043988269795 0.011538461538461539 0.013196480938416423
0 0.9346153846153846 0.4600439882697947 0.012087912087912088 0.01466275659824047
0 0.875 0.5128299120234604 0.013186813186813187 0.015395894428152493
0 0.7945054945054945 0.5469208211143695 0.01703296703296703 0.020527859237536656
0 0.27307692307692305 0.9450146627565983 0.02032967032967033 0.02785923753665689
0 0.29532967032967034 0.9868035190615836 0.022527472527472527 0.026392961876832845
0 0.3241758241758242 0.8273460410557185 0.019230769230769232 0.022727272727272728
0 0.042032967032967036 0.717008797653959 0.01978021978021978 0.024193548387096774
0 0.12335164835164836 0.6389296187683284 0.023076923076923078 0.030791788856304986
0 0.13956043956043956 0.5498533724340176 0.022527472527472527 0.02785923753665689
0 0.029395604395604395 0.5681818181818182 0.022527472527472527 0.027126099706744868
0 0.04972527472527472 0.6180351906158358 0.022527472527472527 0.024926686217008796
0 0.3271978021978022 0.9864369501466276 0.02912087912087912 0.027126099706744868
0 0.44532967032967036 0.875366568914956 0.03021978021978022 0.038856304985337244
0 0.4879120879120879 0.8856304985337243 0.026923076923076925 0.03372434017595308
0 0.4675824175824176 0.9028592375366569 0.031868131868131866 0.04032258064516129
0 0.4642857142857143 0.7335043988269795 0.02912087912087912 0.03592375366568915
0 0.47115384615384615 0.7697947214076246 0.036813186813186814 0.04252199413489736
0 0.4472527472527473 0.5458211143695014 0.028021978021978023 0.03592375366568915
0 0.47005494505494505 0.5414222873900293 0.03461538461538462 0.04398826979472141
0 0.8760989010989011 0.30058651026392963 0.03901098901098901 0.050586510263929615
0 0.914010989010989 0.24633431085043989 0.033516483516483515 0.04398826979472141
0 0.3821428571428571 0.34824046920821117 0.026373626373626374 0.03592375366568915
0 0.4881868131868132 0.5498533724340176 0.028021978021978023 0.038856304985337244
0 0.8747252747252747 0.009530791788856305 0.020879120879120878 0.01906158357771261