0 0.884004884004884 0.8680781758957655 0.023809523809523808 0.035830618892508145
0 0.9117826617826618 0.8155537459283387 0.0231990231990232 0.025244299674267102
0 0.9203296703296703 0.8648208469055375 0.018925518925518924 0.030944625407166124
0 0.9358974358974359 0.879071661237785 0.025030525030525032 0.03745928338762215
0 0.9484126984126984 0.881514657980456 0.017704517704517704 0.02687296416938111
0 0.9566544566544567 0.887214983713355 0.010378510378510378 0.026058631921824105
0 0.9270451770451771 0.9315960912052117 0.018315018315018316 0.02280130293159609
0 0.9078144078144078 0.7080618892508144 0.021367521367521368 0.025244299674267102
0 0.9343711843711844 0.6685667752442996 0.018925518925518924 0.026058631921824105
0 0.953907203907204 0.6653094462540716 0.023809523809523808 0.03175895765472313
0 0.6083638583638583 0.7736156351791531 0.017704517704517704 0.02280130293159609
0 0.5943223443223443 0.75814332247557 0.0231990231990232 0.03013029315960912
0 0.586996336996337 0.7886807817589576 0.021367521367521368 0.025244299674267102
0 0.5543345543345544 0.6889250814332247 0.017704517704517704 0.021986970684039087
0 0.5641025641025641 0.745114006514658 0.020146520146520148 0.028501628664495113
0 0.5521978021978022 0.7996742671009772 0.018925518925518924 0.018729641693811076
0 0.6147741147741148 0.8550488599348535 0.02197802197802198 0.029315960912052116
0 0.5296092796092796 0.9059446254071661 0.02197802197802198 0.030944625407166124
0 0.6285103785103785 0.8179967426710097 0.014652014652014652 0.019543973941368076
0 0.7185592185592186 0.4767915309446254 0.023809523809523808 0.033387622149837134
0 0.6227106227106227 0.5696254071661238 0.020757020757020756 0.026058631921824105
0 0.5860805860805861 0.5570032573289903 0.023809523809523808 0.030944625407166124
0 0.637057387057387 0.4596905537459283 0.028083028083028084 0.03013029315960912
0 0.9981684981684982 0.19421824104234528 0.003663003663003663 0.02035830618892508
0 0.9615384615384616 0.3285830618892508 0.022588522588522588 0.03013029315960912
0 0.9887057387057387 0.379885993485342 0.022588522588522588 0.03013029315960912
0 0.9410866910866911 0.40757328990228014 0.020146520146520148 0.024429967426710098
0 0.8583638583638583 0.4792345276872964 0.022588522588522588 0.025244299674267102
0 0.8327228327228328 0.5342019543973942 0.017704517704517704 0.023615635179153095
0 0.8836996336996337 0.5215798045602605 0.018925518925518924 0.024429967426710098
0 0.8687423687423688 0.7683224755700325 0.028693528693528692 0.033387622149837134
0 0.9554334554334555 0.7618078175895765 0.019536019536019536 0.03175895765472313
0 0.9655067155067155 0.748371335504886 0.019536019536019536 0.023615635179153095
0 0.8827838827838828 0.993485342019544 0.019536019536019536 0.013029315960912053
0 0.8577533577533577 0.9881921824104235 0.031746031746031744 0.023615635179153095
0 0.7655677655677655 0.9279315960912052 0.01282051282051282 0.018729641693811076
0 0.7042124542124543 0.9462540716612378 0.015262515262515262 0.02035830618892508
0 0.6953601953601953 0.9576547231270358 0.017704517704517704 0.021986970684039087
0 0.8321123321123322 0.6649022801302932 0.014041514041514042 0.018729641693811076
0 0.7683150183150184 0.6498371335504886 0.019536019536019536 0.023615635179153095
0 0.7603785103785103 0.6661237785016286 0.018315018315018316 0.02035830618892508
0 0.7377899877899878 0.6938110749185668 0.015262515262515262 0.024429967426710098
0 0.7078754578754579 0.6710097719869706 0.016483516483516484 0.02280130293159609
0 0.7515262515262515 0.6942182410423453 0.016483516483516484 0.023615635179153095
0 0.8211233211233211 0.38314332247557004 0.019536019536019536 0.030944625407166124
0 0.6336996336996337 0.3277687296416938 0.02442002442002442 0.03013029315960912
0 0.6098901098901099 0.3501628664495114 0.021367521367521368 0.026058631921824105
0 0.5335775335775336 0.5399022801302932 0.02197802197802198 0.03175895765472313
0 0.5534188034188035 0.5130293159609121 0.022588522588522588 0.02768729641693811
0 0.43040293040293043 0.6388436482084691 0.017094017094017096 0.023615635179153095
0 0.5695970695970696 0.6587947882736156 0.015873015873015872 0.021172638436482084
0 0.3882783882783883 0.748371335504886 0.014652014652014652 0.017915309446254073
0 0.35683760683760685 0.738599348534202 0.0231990231990232 0.026058631921824105
0 0.3543956043956044 0.8204397394136808 0.020146520146520148 0.02280130293159609
0 0.4813797313797314 0.7870521172638436 0.014041514041514042 0.017915309446254073
0 0.5036630036630036 0.7654723127035831 0.018925518925518924 0.026058631921824105
0 0.5082417582417582 0.7259771986970684 0.020146520146520148 0.025244299674267102
0 0.507020757020757 0.8509771986970684 0.016483516483516484 0.024429967426710098
0 0.4371184371184371 0.8534201954397395 0.020146520146520148 0.021986970684039087
0 0.45573870573870573 0.7947882736156352 0.014041514041514042 0.017915309446254073
0 0.5946275946275946 0.8432410423452769 0.017094017094017096 0.02687296416938111
0 0.6062271062271062 0.8859934853420195 0.020757020757020756 0.02687296416938111
0 0.27564102564102566 0.8697068403908795 0.018315018315018316 0.021986970684039087
0 0.23321123321123322 0.7736156351791531 0.020757020757020756 0.023615635179153095
0 0.2322954822954823 0.6677524429967426 0.0115995115995116 0.015472312703583062
0 0.17918192918192918 0.6820032573289903 0.014041514041514042 0.01710097719869707
0 0.1865079365079365 0.7569218241042345 0.01282051282051282 0.017915309446254073
0 0.052503052503052504 0.6807817589576547 0.08363858363858363 0.10912052117263844
0 0.11752136752136752 0.7133550488599348 0.009157509157509158 0.015472312703583062
0 0.0995115995115995 0.745114006514658 0.01098901098901099 0.013029315960912053
0 0.10622710622710622 0.7646579804560261 0.014652014652014652 0.02035830618892508
0 0.1043956043956044 0.7809446254071661 0.014652014652014652 0.019543973941368076
0 0.06135531135531135 0.8013029315960912 0.01098901098901099 0.014657980456026058
0 0.01617826617826618 0.7951954397394136 0.015262515262515262 0.021986970684039087
0 0.033577533577533576 0.8037459283387622 0.013431013431013432 0.017915309446254073
0 0.041819291819291816 0.8245114006514658 0.01282051282051282 0.02035830618892508
0 0.0009157509157509158 0.7992671009771987 0.0018315018315018315 0.013843648208469055
0 0.021062271062271064 0.6921824104234527 0.010378510378510378 0.013843648208469055
0 0.026251526251526252 0.6852605863192183 0.010378510378510378 0.013843648208469055
0 0.04548229548229548 0.6539087947882736 0.0115995115995116 0.017915309446254073
0 0.055860805860805864 0.6799674267100977 0.0115995115995116 0.014657980456026058
0 0.061660561660561664 0.6925895765472313 0.009157509157509158 0.014657980456026058
0 0.038461538461538464 0.7109120521172638 0.01221001221001221 0.016286644951140065
0 0.07844932844932845 0.7068403908794788 0.01221001221001221 0.016286644951140065
0 0.15384615384615385 0.6254071661237784 0.018925518925518924 0.024429967426710098
0 0.12728937728937728 0.624185667752443 0.0115995115995116 0.01710097719869707
0 0.1278998778998779 0.5928338762214984 0.017704517704517704 0.017915309446254073
0 0.10775335775335776 0.6131921824104235 0.017704517704517704 0.023615635179153095
0 0.06776556776556776 0.6213355048859935 0.01282051282051282 0.021172638436482084
0 0.10836385836385837 0.6763029315960912 0.014041514041514042 0.019543973941368076
0 0.09859584859584859 0.6946254071661238 0.015873015873015872 0.02035830618892508
0 0.2329059829059829 0.7288273615635179 0.014041514041514042 0.01710097719869707
0 0.24175824175824176 0.7495928338762216 0.017094017094017096 0.018729641693811076
0 0.14316239316239315 0.8139250814332247 0.0115995115995116 0.01710097719869707
0 0.21306471306471306 0.5431596091205212 0.013431013431013432 0.02035830618892508
0 0.11538461538461539 0.5118078175895765 0.014041514041514042 0.016286644951140065
0 0.06715506715506715 0.49185667752442996 0.017704517704517704 0.01710097719869707
0 0.03785103785103785 0.5333876221498371 0.013431013431013432 0.016286644951140065
0 0.044261294261294264 0.5480456026058632 0.013431013431013432 0.018729641693811076
0 0.163003663003663 0.5061074918566775 0.014652014652014652 0.02035830618892508
0 0.12454212454212454 0.5293159609120521 0.021367521367521368 0.024429967426710098
0 0.1288156288156288 0.47109120521172637 0.01282051282051282 0.017915309446254073
0 0.3257020757020757 0.6461726384364821 0.017704517704517704 0.025244299674267102
0 0.34554334554334554 0.4739413680781759 0.014652014652014652 0.02280130293159609
0 0.07264957264957266 0.4491042345276873 0.016483516483516484 0.02280130293159609
0 0.05463980463980464 0.42915309446254074 0.021367521367521368 0.02687296416938111
0 0.07234432234432235 0.38558631921824105 0.03968253968253968 0.04478827361563518
0 0.06105006105006105 0.380700325732899 0.013431013431013432 0.016286644951140065
0 0.12759462759462759 0.38192182410423453 0.01098901098901099 0.014657980456026058
0 0.059218559218559216 0.4796416938110749 0.01098901098901099 0.015472312703583062
0 0.08974358974358974 0.5362377850162866 0.01098901098901099 0.013843648208469055
0 0.09523809523809523 0.4995928338762215 0.0115995115995116 0.013843648208469055
0 0.06288156288156288 0.3135179153094462 0.017094017094017096 0.021986970684039087
0 0.10103785103785104 0.20561889250814333 0.013431013431013432 0.016286644951140065
0 0.10592185592185592 0.1791530944625407 0.03296703296703297 0.03257328990228013
0 0.07783882783882784 0.1461726384364821 0.01098901098901099 0.015472312703583062
0 0.0692918192918193 0.28460912052117265 0.025030525030525032 0.026058631921824105
0 0.152014652014652 0.3334690553745928 0.014652014652014652 0.018729641693811076
0 0.1804029304029304 0.2964169381107492 0.015262515262515262 0.018729641693811076
0 0.25854700854700857 0.13802931596091206 0.014652014652014652 0.02035830618892508
0 0.20115995115995117 0.1995114006514658 0.015873015873015872 0.019543973941368076
0 0.19536019536019536 0.010993485342019544 0.02564102564102564 0.021986970684039087
0 0.0995115995115995 0.011400651465798045 0.010378510378510378 0.015472312703583062
0 0.1523199023199023 0.019136807817589578 0.021367521367521368 0.028501628664495113
0 0.12179487179487179 0.013436482084690555 0.018925518925518924 0.02687296416938111
0 0.17368742368742368 0.04112377850162866 0.020146520146520148 0.026058631921824105
0 0.1987179487179487 0.03908794788273615 0.020146520146520148 0.028501628664495113
0 0.15598290598290598 0.07043973941368079 0.023809523809523808 0.026058631921824105
0 0.19444444444444445 0.08102605863192182 0.018925518925518924 0.02768729641693811
0 0.9764957264957265 0.24104234527687296 0.022588522588522588 0.028501628664495113
0 0.8843101343101343 0.8135179153094463 0.026251526251526252 0.035830618892508145
0 0.9362026862026862 0.9120521172638436 0.020146520146520148 0.028501628664495113
0 0.9502442002442002 0.9491042345276873 0.007936507936507936 0.02280130293159609
0 0.8858363858363858 0.9271172638436482 0.018925518925518924 0.025244299674267102
0 0.9197191697191697 0.9474755700325733 0.023809523809523808 0.03175895765472313
0 0.4163614163614164 0.28379478827361565 0.020757020757020756 0.028501628664495113