0 0.81689453125 0.2981770833333333 0.01416015625 0.013020833333333334
0 0.8125 0.3098958333333333 0.01123046875 0.010416666666666666
0 0.77490234375 0.3177083333333333 0.0107421875 0.009765625
0 0.83984375 0.3177083333333333 0.0126953125 0.012369791666666666
0 0.8134765625 0.3307291666666667 0.01708984375 0.015625
0 0.80908203125 0.3404947916666667 0.013671875 0.013020833333333334
0 0.82080078125 0.3385416666666667 0.00732421875 0.007161458333333333
0 0.83447265625 0.3430989583333333 0.01708984375 0.016927083333333332
0 0.8349609375 0.357421875 0.01123046875 0.010416666666666666
0 0.85205078125 0.35546875 0.0107421875 0.009765625
0 0.81103515625 0.3743489583333333 0.009765625 0.009114583333333334
0 0.83740234375 0.3756510416666667 0.00927734375 0.009114583333333334
0 0.8447265625 0.3678385416666667 0.01171875 0.01171875
0 0.83056640625 0.3880208333333333 0.01220703125 0.011067708333333334
0 0.8408203125 0.4010416666666667 0.01220703125 0.011067708333333334
0 0.63671875 0.2936197916666667 0.01123046875 0.011067708333333334
0 0.65576171875 0.2825520833333333 0.01708984375 0.016927083333333332
0 0.64990234375 0.2747395833333333 0.01513671875 0.014322916666666666
0 0.65380859375 0.2526041666666667 0.02099609375 0.020182291666666668
0 0.640625 0.24088541666666666 0.0224609375 0.020833333333333332
0 0.5087890625 0.5475260416666666 0.00927734375 0.009765625
0 0.4306640625 0.5149739583333334 0.01611328125 0.014973958333333334
0 0.38330078125 0.5006510416666666 0.0126953125 0.01171875
0 0.3779296875 0.5234375 0.00830078125 0.007161458333333333
0 0.39306640625 0.5162760416666666 0.00634765625 0.005859375
0 0.42333984375 0.4739583333333333 0.01611328125 0.015625
0 0.40869140625 0.5091145833333334 0.01123046875 0.010416666666666666
0 0.39404296875 0.5358072916666666 0.01123046875 0.010416666666666666
0 0.51416015625 0.3717447916666667 0.01611328125 0.016276041666666668
0 0.51611328125 0.3098958333333333 0.021484375 0.01953125
0 0.5390625 0.2799479166666667 0.015625 0.014973958333333334
0 0.53125 0.2766927083333333 0.01513671875 0.014322916666666666
0 0.5556640625 0.2897135416666667 0.01611328125 0.014973958333333334
0 0.44580078125 0.28515625 0.01025390625 0.010416666666666666
0 0.47216796875 0.271484375 0.01806640625 0.015625
0 0.48583984375 0.2884114583333333 0.01806640625 0.015625
0 0.45849609375 0.228515625 0.0068359375 0.005859375
0 0.46337890625 0.22981770833333334 0.00830078125 0.0078125
0 0.431640625 0.24283854166666666 0.015625 0.014322916666666666
0 0.41650390625 0.2545572916666667 0.01611328125 0.014973958333333334
0 0.3974609375 0.2845052083333333 0.0166015625 0.014973958333333334
0 0.4365234375 0.2604166666666667 0.00732421875 0.0078125
0 0.43017578125 0.19466145833333334 0.0087890625 0.0078125
0 0.4306640625 0.18880208333333334 0.00830078125 0.0078125
0 0.43896484375 0.17708333333333334 0.01123046875 0.010416666666666666
0 0.4208984375 0.17317708333333334 0.00390625 0.00390625
0 0.44287109375 0.15364583333333334 0.01513671875 0.014322916666666666
0 0.46826171875 0.17122395833333334 0.0185546875 0.016927083333333332
0 0.4365234375 0.166015625 0.01318359375 0.012369791666666666
0 0.443359375 0.169921875 0.01416015625 0.013020833333333334
0 0.484375 0.18033854166666666 0.0078125 0.007161458333333333
0 0.3974609375 0.240234375 0.01806640625 0.014973958333333334
0 0.462890625 0.14518229166666666 0.0146484375 0.012369791666666666
0 0.4580078125 0.15364583333333334 0.015625 0.014973958333333334
0 0.494140625 0.12955729166666666 0.0107421875 0.009765625
0 0.51513671875 0.13997395833333334 0.02099609375 0.01953125
0 0.5 0.16471354166666666 0.0185546875 0.017578125
0 0.5498046875 0.15169270833333334 0.0244140625 0.022135416666666668
0 0.53076171875 0.21419270833333334 0.01123046875 0.009765625
0 0.52392578125 0.220703125 0.01318359375 0.012369791666666666
0 0.58984375 0.2916666666666667 0.017578125 0.015625
0 0.64501953125 0.21028645833333334 0.0107421875 0.009765625
0 0.61962890625 0.1875 0.0185546875 0.016927083333333332
0 0.63330078125 0.19661458333333334 0.01904296875 0.017578125
0 0.62939453125 0.205078125 0.0205078125 0.01953125
0 0.61376953125 0.19856770833333334 0.021484375 0.020182291666666668
0 0.6572265625 0.22200520833333334 0.0205078125 0.018880208333333332
0 0.62939453125 0.2604166666666667 0.0185546875 0.016276041666666668
0 0.6650390625 0.21223958333333334 0.01318359375 0.013020833333333334
0 0.67138671875 0.22135416666666666 0.00732421875 0.007161458333333333
0 0.6787109375 0.22786458333333334 0.00927734375 0.0078125
0 0.73876953125 0.3196614583333333 0.017578125 0.014973958333333334
0 0.7109375 0.2877604166666667 0.01708984375 0.016276041666666668
0 0.73486328125 0.24739583333333334 0.01708984375 0.016276041666666668
0 0.7548828125 0.263671875 0.015625 0.014973958333333334
0 0.73974609375 0.2916666666666667 0.0205078125 0.01953125
0 0.84326171875 0.3287760416666667 0.009765625 0.009114583333333334
0 0.869140625 0.3333333333333333 0.01025390625 0.009114583333333334
0 0.884765625 0.3365885416666667 0.00927734375 0.009114583333333334
0 0.7490234375 0.455078125 0.01123046875 0.009765625
0 0.46240234375 0.20572916666666666 0.00830078125 0.007161458333333333
0 0.6787109375 0.34765625 0.01123046875 0.010416666666666666
0 0.6474609375 0.3098958333333333 0.01171875 0.009765625
0 0.65625 0.33203125 0.01123046875 0.009114583333333334
0 0.72314453125 0.3697916666666667 0.01220703125 0.010416666666666666
0 0.685546875 0.2799479166666667 0.013671875 0.01171875
0 0.67431640625 0.2858072916666667 0.017578125 0.016927083333333332
0 0.68115234375 0.24869791666666666 0.0205078125 0.01953125
0 0.71875 0.2552083333333333 0.01318359375 0.012369791666666666
0 0.69775390625 0.24283854166666666 0.01513671875 0.013671875
0 0.6396484375 0.2727864583333333 0.01904296875 0.017578125
0 0.62158203125 0.240234375 0.0185546875 0.017578125
0 0.60498046875 0.2591145833333333 0.02197265625 0.022135416666666668
0 0.5634765625 0.2578125 0.00927734375 0.009114583333333334
0 0.5419921875 0.23372395833333334 0.0185546875 0.016276041666666668
0 0.5244140625 0.24869791666666666 0.01025390625 0.008463541666666666
0 0.66015625 0.607421875 0.0126953125 0.011067708333333334
0 0.7412109375 0.5657552083333334 0.0185546875 0.015625
0 0.720703125 0.6321614583333334 0.01513671875 0.012369791666666666
0 0.59033203125 0.5611979166666666 0.01220703125 0.011067708333333334
0 0.6318359375 0.6640625 0.013671875 0.012369791666666666
0 0.38818359375 0.4973958333333333 0.02197265625 0.022135416666666668
0 0.3447265625 0.5234375 0.01708984375 0.014973958333333334
0 0.32666015625 0.5104166666666666 0.0166015625 0.014973958333333334
0 0.55029296875 0.453125 0.01708984375 0.014973958333333334
0 0.52099609375 0.4876302083333333 0.01806640625 0.015625
0 0.53857421875 0.458984375 0.0166015625 0.015625
0 0.53076171875 0.4954427083333333 0.01904296875 0.016927083333333332
0 0.5283203125 0.4791666666666667 0.01904296875 0.017578125
0 0.5361328125 0.4270833333333333 0.0205078125 0.018229166666666668
0 0.5595703125 0.37109375 0.01806640625 0.016276041666666668
0 0.58349609375 0.388671875 0.02197265625 0.01953125
0 0.66162109375 0.2630208333333333 0.0224609375 0.020182291666666668
0 0.70849609375 0.24869791666666666 0.02099609375 0.01953125
0 0.6435546875 0.23111979166666666 0.02099609375 0.020182291666666668
0 0.64990234375 0.19791666666666666 0.02001953125 0.01953125
0 0.49072265625 0.4615885416666667 0.0224609375 0.022135416666666668
0 0.4638671875 0.4401041666666667 0.0205078125 0.018880208333333332
0 0.47998046875 0.4459635416666667 0.02490234375 0.022135416666666668
0 0.583984375 0.708984375 0.01513671875 0.013671875
0 0.580078125 0.65625 0.0126953125 0.012369791666666666
0 0.58154296875 0.6653645833333334 0.0146484375 0.013020833333333334
0 0.62255859375 0.66796875 0.013671875 0.012369791666666666
0 0.64013671875 0.7213541666666666 0.013671875 0.013020833333333334
0 0.6533203125 0.6829427083333334 0.013671875 0.012369791666666666
0 0.66845703125 0.6920572916666666 0.0126953125 0.01171875
0 0.56884765625 0.7994791666666666 0.013671875 0.01171875
0 0.54736328125 0.78125 0.01416015625 0.013020833333333334
0 0.544921875 0.7916666666666666 0.01318359375 0.01171875
0 0.55908203125 0.7584635416666666 0.01220703125 0.010416666666666666
0 0.58935546875 0.73828125 0.017578125 0.016927083333333332
0 0.4873046875 0.697265625 0.01416015625 0.013020833333333334
0 0.314453125 0.59375 0.015625 0.013671875
0 0.28369140625 0.7604166666666666 0.01318359375 0.012369791666666666
0 0.31689453125 0.744140625 0.01513671875 0.013671875
0 0.47119140625 0.8098958333333334 0.0166015625 0.014973958333333334
0 0.466796875 0.7825520833333334 0.0146484375 0.013020833333333334
0 0.49609375 0.7903645833333334 0.01806640625 0.016276041666666668
0 0.52734375 0.8444010416666666 0.0146484375 0.013020833333333334