0 0.8711538461538462 0.28555718475073316 0.023626373626373626 0.02785923753665689
0 0.7953296703296703 0.3409090909090909 0.026923076923076925 0.03519061583577713
0 0.798901098901099 0.1689882697947214 0.026373626373626374 0.02932551319648094
0 0.8601648351648352 0.20307917888563048 0.02142857142857143 0.02785923753665689
0 0.6038461538461538 0.15579178885630499 0.02197802197802198 0.02932551319648094
0 0.0673076923076923 0.7859237536656891 0.02197802197802198 0.026392961876832845
0 0.028021978021978023 0.7756598240469208 0.014835164835164835 0.026392961876832845
0 0.02967032967032967 0.8035190615835777 0.013186813186813187 0.025659824046920823
0 0.6398351648351648 0.37609970674486803 0.015384615384615385 0.01906158357771261
0 0.8184065934065934 0.19978005865102638 0.019230769230769232 0.02785923753665689
0 0.8527472527472527 0.22947214076246333 0.012087912087912088 0.012463343108504398
0 0.8118131868131868 0.22434017595307917 0.022527472527472527 0.02785923753665689
0 0.8472527472527472 0.24450146627565983 0.00934065934065934 0.013929618768328446
0 0.8854395604395604 0.20711143695014664 0.012637362637362638 0.012463343108504398
0 0.8771978021978022 0.23277126099706744 0.012637362637362638 0.01466275659824047
0 0.8519230769230769 0.13049853372434017 0.027472527472527472 0.02785923753665689
0 0.8615384615384616 0.2005131964809384 0.00989010989010989 0.013929618768328446
0 0.8516483516483516 0.20747800586510265 0.011538461538461539 0.018328445747800588
0 0.5791208791208792 0.1030058651026393 0.022527472527472527 0.027126099706744868
0 0.5791208791208792 0.13379765395894427 0.02032967032967033 0.026392961876832845
0 0.1574175824175824 0.35740469208211145 0.012637362637362638 0.013929618768328446
0 0.07225274725274725 0.3225806451612903 0.01098901098901099 0.013196480938416423
0 0.08131868131868132 0.313049853372434 0.013186813186813187 0.016129032258064516
0 0.868956043956044 0.3651026392961877 0.02142857142857143 0.025659824046920823
0 0.7101648351648352 0.15469208211143695 0.01978021978021978 0.02785923753665689
0 0.043406593406593405 0.9857038123167156 0.007692307692307693 0.028592375366568914
0 0.3629120879120879 0.5557184750733137 0.02912087912087912 0.041788856304985335
0 0.7879120879120879 0.5051319648093842 0.025824175824175823 0.03372434017595308
0 0.6461538461538462 0.4413489736070381 0.031868131868131866 0.03812316715542522
0 0.714010989010989 0.22580645161290322 0.02032967032967033 0.028592375366568914