0 0.9773035230352304 0.6130198915009042 0.01964769647696477 0.02802893309222423
0 0.8485772357723578 0.6595840867992767 0.02168021680216802 0.026220614828209764
0 0.9552845528455285 0.4733273056057866 0.018292682926829267 0.023508137432188065
0 0.054878048780487805 0.4462025316455696 0.041327913279132794 0.048824593128390596
0 0.7415311653116531 0.9679023508137432 0.03319783197831978 0.039783001808318265
0 0.733739837398374 0.9896021699819169 0.025745257452574527 0.020795660036166366
0 0.8272357723577236 0.7364376130198915 0.024390243902439025 0.03074141048824593
0 0.6626016260162602 0.6808318264014467 0.03726287262872629 0.0433996383363472
0 0.6714092140921409 0.7156419529837251 0.023712737127371274 0.026220614828209764
0 0.7584688346883469 0.5149186256781193 0.018970189701897018 0.027124773960216998
0 0.003048780487804878 0.46609403254972875 0.006097560975609756 0.04430379746835443
0 0.07452574525745258 0.3367992766726944 0.03387533875338753 0.04701627486437613
0 0.05894308943089431 0.16772151898734178 0.03116531165311653 0.051537070524412296
0 0.3407859078590786 0.23191681735985534 0.04742547425474255 0.06148282097649186
0 0.5819783197831978 0.6858047016274864 0.044715447154471545 0.06238698010849909
0 0.5663956639566395 0.7319168173598554 0.04878048780487805 0.0650994575045208
0 0.5497967479674797 0.7567811934900542 0.05013550135501355 0.059674502712477394
0 0.6548102981029811 0.5981012658227848 0.05420054200542006 0.06690777576853527
0 0.8418021680216802 0.916365280289331 0.0521680216802168 0.06600361663652803
0 0.839769647696477 0.8200723327305606 0.03997289972899729 0.05334538878842676
0 0.8726287262872628 0.8449367088607594 0.037940379403794036 0.05244122965641953