0 0.35478654592496767 0.05656303972366149 0.03169469598965071 0.03367875647668394
0 0.407503234152652 0.0846286701208981 0.031047865459249677 0.03281519861830743
0 0.39553686934023286 0.0729706390328152 0.03428201811125485 0.037132987910189985
0 0.2965717981888745 0.19041450777202074 0.03622250970245795 0.037996545768566495
0 0.31241914618369987 0.16407599309153714 0.03234152652005175 0.03367875647668394
0 0.33376455368693403 0.18696027633851467 0.0407503234152652 0.04317789291882556
0 0.3344113842173351 0.13255613126079446 0.0407503234152652 0.04317789291882556
0 0.2645536869340233 0.21804835924006907 0.040103492884864166 0.04231433506044905
0 0.2677878395860285 0.26208981001727116 0.042690815006468305 0.044905008635578586
0 0.28007761966364814 0.2957685664939551 0.03686934023285899 0.039723661485319514
0 0.26196636481241914 0.3596718480138169 0.03428201811125485 0.03626943005181347
0 0.1833764553686934 0.43911917098445596 0.03363518758085381 0.03626943005181347
0 0.2739327296248383 0.4218480138169257 0.03816300129366106 0.039723661485319514
0 0.2998059508408797 0.4218480138169257 0.03945666235446313 0.04145077720207254
0 0.20633893919793014 0.48747841105354056 0.037516170763260026 0.04058721934369603
0 0.20633893919793014 0.5284974093264249 0.03492884864165589 0.038860103626943004
0 0.18790426908150065 0.5414507772020726 0.03622250970245795 0.037996545768566495
0 0.18208279430789134 0.5164075993091537 0.03945666235446313 0.04231433506044905
0 0.1630012936610608 0.4930915371329879 0.03363518758085381 0.03626943005181347
0 0.12548512289780078 0.5535405872193437 0.03363518758085381 0.037132987910189985
0 0.09670116429495472 0.46286701208981 0.029754204398447608 0.03195164075993091
0 0.1128719275549806 0.4684801381692573 0.03492884864165589 0.037996545768566495
0 0.06597671410090557 0.5690846286701209 0.037516170763260026 0.039723661485319514
0 0.04948253557567917 0.57426597582038 0.031047865459249677 0.03540587219343696
0 0.03363518758085381 0.6355785837651122 0.03169469598965071 0.03540587219343696
0 0.10316946959896507 0.5734024179620034 0.03816300129366106 0.04145077720207254
0 0.0795601552393273 0.6329879101899827 0.032988357050452784 0.03540587219343696
0 0.07664941785252263 0.6506908462867013 0.0278137128072445 0.030224525043177894
0 0.019404915912031046 0.653713298791019 0.015523932729624839 0.025906735751295335
0 0.12483829236739974 0.7841105354058722 0.03557567917205692 0.038860103626943004
0 0.11028460543337645 0.7724525043177893 0.03686934023285899 0.039723661485319514
0 0.17205692108667528 0.8104490500863558 0.03557567917205692 0.037996545768566495
0 0.19146183699870634 0.7849740932642487 0.028460543337645538 0.030224525043177894
0 0.3078913324708926 0.6627806563039723 0.03816300129366106 0.04317789291882556
0 0.2943078913324709 0.6265112262521589 0.03557567917205692 0.037996545768566495
0 0.3153298835705045 0.6152849740932642 0.03686934023285899 0.038860103626943004
0 0.30433376455368694 0.5276338514680483 0.045278137128072445 0.047495682210708115
0 0.27878395860284605 0.5060449050086355 0.040103492884864166 0.04317789291882556
0 0.34670116429495473 0.45509499136442144 0.03492884864165589 0.037996545768566495
0 0.3344113842173351 0.42875647668393785 0.040103492884864166 0.04317789291882556
0 0.35575679172056923 0.41407599309153714 0.04721862871927555 0.05094991364421416
0 0.3693402328589909 0.37737478411053543 0.03557567917205692 0.037996545768566495
0 0.31565329883570503 0.3549222797927461 0.03557567917205692 0.037996545768566495
0 0.33020698576972835 0.34067357512953367 0.03557567917205692 0.037996545768566495
0 0.6364812419146184 0.16018998272884283 0.04139715394566624 0.04404145077720207
0 0.648124191461837 0.2538860103626943 0.045278137128072445 0.05094991364421416
0 0.6351875808538163 0.23661485319516407 0.040103492884864166 0.04404145077720207
0 0.5908796895213454 0.3454231433506045 0.03492884864165589 0.037996545768566495
0 0.5863518758085382 0.36614853195164077 0.04139715394566624 0.045768566493955096
0 0.564359637774903 0.3536269430051813 0.04204398447606727 0.044905008635578586
0 0.630659767141009 0.33117443868739205 0.03945666235446313 0.04231433506044905
0 0.6222509702457956 0.30008635578583764 0.040103492884864166 0.04317789291882556
0 0.45310478654592495 0.3026770293609672 0.04398447606727038 0.047495682210708115
0 0.43758085381630013 0.3765112262521589 0.03816300129366106 0.04231433506044905
0 0.5113195342820182 0.38946459412780654 0.03492884864165589 0.037996545768566495
0 0.4983829236739974 0.42875647668393785 0.03169469598965071 0.03540587219343696
0 0.47121604139715395 0.41493955094991364 0.03557567917205692 0.037996545768566495
0 0.43758085381630013 0.46157167530224524 0.03363518758085381 0.037132987910189985
0 0.416882276843467 0.4529360967184801 0.042690815006468305 0.046632124352331605
0 0.41946959896507113 0.483160621761658 0.03622250970245795 0.037996545768566495
0 0.4780077619663648 0.4995682210708117 0.03686934023285899 0.038860103626943004
0 0.40847347994825356 0.5112262521588946 0.03686934023285899 0.038860103626943004
0 0.38648124191461836 0.5233160621761658 0.037516170763260026 0.039723661485319514
0 0.4382276843467012 0.5500863557858376 0.03234152652005175 0.03454231433506045
0 0.4563389391979301 0.716321243523316 0.03686934023285899 0.039723661485319514
0 0.48059508408796897 0.7452504317789291 0.03945666235446313 0.04317789291882556
0 0.5802069857697283 0.5410189982728842 0.03492884864165589 0.037996545768566495
0 0.6148124191461837 0.49654576856649396 0.04721862871927555 0.05094991364421416
0 0.5540103492884865 0.45077720207253885 0.03557567917205692 0.037996545768566495
0 0.8774256144890039 0.18436960276338515 0.03945666235446313 0.04231433506044905
0 0.9294954721862871 0.19300518134715025 0.03880983182406209 0.04317789291882556
0 0.955045278137128 0.20379965457685664 0.018111254851228976 0.03281519861830743
0 0.9489003880983182 0.1895509499136442 0.02457956015523933 0.031088082901554404
0 0.9715394566623544 0.30872193436960277 0.02069857697283312 0.030224525043177894
0 0.9404915912031048 0.3216753022452504 0.03686934023285899 0.04058721934369603
0 0.8822768434670116 0.35751295336787564 0.04139715394566624 0.047495682210708115
0 0.926261319534282 0.4386873920552677 0.03880983182406209 0.04231433506044905
0 0.8838939197930142 0.48100172711571676 0.03492884864165589 0.03626943005181347
0 0.9058861578266494 0.49827288428324695 0.0278137128072445 0.031088082901554404
0 0.9207632600258733 0.47322970639032813 0.031047865459249677 0.03367875647668394
0 0.8298835705045278 0.5427461139896373 0.03363518758085381 0.037132987910189985
0 0.7713454075032341 0.5112262521588946 0.03040103492884864 0.03281519861830743
0 0.8217981888745148 0.6144214162348878 0.03816300129366106 0.04231433506044905
0 0.7496765847347995 0.6152849740932642 0.03945666235446313 0.04145077720207254
0 0.5766494178525227 0.7741796200345423 0.03428201811125485 0.037132987910189985
0 0.6642949547218628 0.39896373056994816 0.04463130659767141 0.04835924006908463
0 0.7694049159120311 0.3657167530224525 0.03428201811125485 0.037996545768566495
0 0.7386804657179818 0.3752158894645941 0.040103492884864166 0.04404145077720207