0 0.6684322033898306 0.5052966101694916 0.025953389830508475 0.026836158192090395
0 0.6506885593220338 0.5127118644067796 0.02065677966101695 0.0211864406779661
0 0.6679025423728814 0.5752118644067796 0.025423728813559324 0.026129943502824857
0 0.6782309322033898 0.5653248587570622 0.021716101694915255 0.022598870056497175
0 0.1027542372881356 0.5526129943502824 0.01641949152542373 0.01765536723163842
0 0.14698093220338984 0.5713276836158192 0.014300847457627119 0.014830508474576272
0 0.140625 0.5342514124293786 0.012182203389830509 0.012005649717514125
0 0.12420550847457627 0.5886299435028248 0.012711864406779662 0.013418079096045197
0 0.17929025423728814 0.5144774011299436 0.013241525423728813 0.013418079096045197
0 0.3101165254237288 0.7955508474576272 0.012182203389830509 0.012711864406779662
0 0.3119703389830508 0.7796610169491526 0.01059322033898305 0.011299435028248588
0 0.2981991525423729 0.7786016949152542 0.012182203389830509 0.012005649717514125
0 0.3079978813559322 0.7708333333333334 0.012182203389830509 0.012005649717514125
0 0.3625529661016949 0.7266949152542372 0.014300847457627119 0.014124293785310734
0 0.4057203389830508 0.7704802259887006 0.011652542372881356 0.012005649717514125
0 0.3336864406779661 0.8283898305084746 0.014830508474576272 0.015536723163841809
0 0.3625529661016949 0.8647598870056498 0.018538135593220338 0.019067796610169493
0 0.4020127118644068 0.8527542372881356 0.013241525423728813 0.013418079096045197
0 0.4446504237288136 0.817090395480226 0.014830508474576272 0.014830508474576272
0 0.4801377118644068 0.842867231638418 0.018538135593220338 0.01977401129943503
0 0.4229343220338983 0.8619350282485876 0.015360169491525424 0.015536723163841809
0 0.4192266949152542 0.8845338983050848 0.010063559322033898 0.009887005649717515
0 0.3903601694915254 0.8930084745762712 0.023834745762711863 0.024717514124293787
0 0.6035487288135594 0.653954802259887 0.011652542372881356 0.012005649717514125
0 0.5961334745762712 0.692090395480226 0.014830508474576272 0.014830508474576272
0 0.613082627118644 0.6927966101694916 0.012711864406779662 0.012711864406779662
0 0.6085805084745762 0.6832627118644068 0.012711864406779662 0.013418079096045197
0 0.581302966101695 0.6634887005649718 0.014300847457627119 0.014830508474576272
0 0.5251588983050848 0.6949152542372882 0.014830508474576272 0.014830508474576272
0 0.6679025423728814 0.6451271186440678 0.012711864406779662 0.012711864406779662
0 0.6742584745762712 0.6454802259887006 0.025423728813559324 0.025423728813559324
0 0.6885593220338984 0.6408898305084746 0.012182203389830509 0.012711864406779662
0 0.6827330508474576 0.6299435028248588 0.014300847457627119 0.014830508474576272
0 0.703125 0.6242937853107344 0.0323093220338983 0.03389830508474576
0 0.746292372881356 0.5861581920903954 0.017478813559322032 0.019067796610169493
0 0.7248411016949152 0.6080508474576272 0.02701271186440678 0.02754237288135593
0 0.7301377118644068 0.6034604519774012 0.009533898305084746 0.009887005649717515
0 0.708156779661017 0.6013418079096046 0.028601694915254237 0.029661016949152543
0 0.8922139830508474 0.442090395480226 0.01694915254237288 0.01765536723163842
0 0.909427966101695 0.4332627118644068 0.021716101694915255 0.022598870056497175
0 0.8977754237288136 0.4318502824858757 0.01059322033898305 0.01059322033898305
0 0.9054555084745762 0.4117231638418079 0.020127118644067795 0.0211864406779661
0 0.890625 0.413135593220339 0.014300847457627119 0.014830508474576272
0 0.8845338983050848 0.3785310734463277 0.023305084745762712 0.023305084745762712
0 0.8554025423728814 0.4078389830508475 0.024364406779661018 0.024717514124293787
0 0.8588453389830508 0.4537429378531073 0.01641949152542373 0.01694915254237288
0 0.852489406779661 0.4661016949152542 0.017478813559322032 0.018361581920903956
0 0.7865466101694916 0.4078389830508475 0.012711864406779662 0.013418079096045197
0 0.784427966101695 0.379590395480226 0.011652542372881356 0.012005649717514125
0 0.8207097457627118 0.3050847457627119 0.011122881355932203 0.011299435028248588
0 0.880031779661017 0.356638418079096 0.01059322033898305 0.011299435028248588
0 0.7574152542372882 0.23516949152542374 0.019067796610169493 0.020480225988700564
0 0.7033898305084746 0.2793079096045198 0.011122881355932203 0.011299435028248588
0 0.7208686440677966 0.3283898305084746 0.015360169491525424 0.015536723163841809
0 0.6665783898305084 0.3633474576271186 0.025423728813559324 0.025423728813559324
0 0.7666843220338984 0.2556497175141243 0.015360169491525424 0.015536723163841809
0 0.7929025423728814 0.2736581920903955 0.015360169491525424 0.015536723163841809
0 0.7613877118644068 0.297316384180791 0.015360169491525424 0.015536723163841809
0 0.7815148305084746 0.2687146892655367 0.012711864406779662 0.013418079096045197
0 0.5378707627118644 0.1663135593220339 0.01641949152542373 0.01765536723163842
0 0.5598516949152542 0.14795197740112995 0.013771186440677966 0.014124293785310734
0 0.557468220338983 0.1698446327683616 0.012711864406779662 0.013418079096045197
0 0.5479343220338984 0.178319209039548 0.014830508474576272 0.015536723163841809
0 0.5879237288135594 0.10557909604519775 0.012711864406779662 0.013418079096045197
0 0.566207627118644 0.10911016949152542 0.013771186440677966 0.014124293785310734
0 0.5513771186440678 0.11864406779661017 0.013771186440677966 0.014124293785310734
0 0.4796080508474576 0.13241525423728814 0.012711864406779662 0.013418079096045197
0 0.22033898305084745 0.3852401129943503 0.013771186440677966 0.014124293785310734
0 0.18935381355932204 0.3817090395480226 0.014830508474576272 0.015536723163841809
0 0.2052436440677966 0.3961864406779661 0.015889830508474576 0.016242937853107344
0 0.6917372881355932 0.3983050847457627 0.026483050847457626 0.026836158192090395
0 0.6745233050847458 0.3372175141242938 0.023305084745762712 0.02401129943502825
0 0.6965042372881356 0.3340395480225989 0.023305084745762712 0.02401129943502825
0 0.534427966101695 0.4735169491525424 0.014830508474576272 0.015536723163841809
0 0.4973516949152542 0.2810734463276836 0.013771186440677966 0.014124293785310734
0 0.4941737288135593 0.2549435028248588 0.014830508474576272 0.015536723163841809
0 0.5029131355932204 0.2365819209039548 0.018008474576271187 0.019067796610169493
0 0.4804025423728814 0.20162429378531074 0.015360169491525424 0.016242937853107344
0 0.4319385593220339 0.182909604519774 0.014300847457627119 0.014124293785310734
0 0.414989406779661 0.1864406779661017 0.017478813559322032 0.019067796610169493
0 0.4695444915254237 0.16772598870056496 0.014830508474576272 0.014830508474576272
0 0.5148305084745762 0.19138418079096045 0.015889830508474576 0.016242937853107344
0 0.5352224576271186 0.182909604519774 0.018008474576271187 0.019067796610169493
0 0.5783898305084746 0.1853813559322034 0.014830508474576272 0.014830508474576272
0 0.6120233050847458 0.1776129943502825 0.013771186440677966 0.014124293785310734
0 0.6016949152542372 0.1754943502824859 0.01694915254237288 0.018361581920903956
0 0.6308262711864406 0.1832627118644068 0.015889830508474576 0.016242937853107344
0 0.6350635593220338 0.2387005649717514 0.021716101694915255 0.022598870056497175
0 0.638771186440678 0.2231638418079096 0.01641949152542373 0.01765536723163842