0 0.5558093994778068 0.1676829268292683 0.015665796344647518 0.016550522648083623
0 0.5920365535248042 0.2068815331010453 0.022193211488250653 0.023519163763066203
0 0.5868146214099217 0.18728222996515678 0.020887728459530026 0.020905923344947737
0 0.5825718015665796 0.2621951219512195 0.016971279373368148 0.020905923344947737
0 0.5114229765013055 0.22865853658536586 0.01762402088772846 0.018292682926829267
0 0.4980417754569191 0.18554006968641115 0.018929503916449087 0.020905923344947737
0 0.4915143603133159 0.17857142857142858 0.025456919060052218 0.02700348432055749
0 0.4915143603133159 0.1563588850174216 0.016971279373368148 0.016550522648083623
0 0.45887728459530025 0.16202090592334495 0.015665796344647518 0.016550522648083623
0 0.48466057441253263 0.13937282229965156 0.01762402088772846 0.02003484320557491
0 0.46932114882506526 0.17682926829268292 0.015665796344647518 0.016550522648083623
0 0.4513707571801567 0.18205574912891986 0.02349869451697128 0.025261324041811847
0 0.8763054830287206 0.9621080139372822 0.022845953002610966 0.023519163763066203
0 0.9004569190600522 0.9651567944250871 0.026762402088772844 0.025261324041811847
0 0.866514360313316 0.9189895470383276 0.018929503916449087 0.02003484320557491
0 0.8508485639686684 0.9255226480836237 0.020234986945169713 0.02264808362369338
0 0.8299608355091384 0.955574912891986 0.028720626631853787 0.02700348432055749
0 0.9197127937336814 0.804006968641115 0.014360313315926894 0.013066202090592335
0 0.9233028720626631 0.7996515679442509 0.009138381201044387 0.0078397212543554
0 0.9308093994778068 0.801829268292683 0.01370757180156658 0.013066202090592335
0 0.9435378590078329 0.7783101045296167 0.01174934725848564 0.01132404181184669
0 0.922976501305483 0.7630662020905923 0.01174934725848564 0.01132404181184669
0 0.9461488250652742 0.7504355400696864 0.011096605744125326 0.01132404181184669
0 0.7718668407310705 0.6158536585365854 0.015665796344647518 0.0156794425087108
0 0.7836161879895561 0.6215156794425087 0.014360313315926894 0.016550522648083623
0 0.8077676240208878 0.6385017421602788 0.015013054830287207 0.013937282229965157
0 0.7176892950391645 0.644163763066202 0.014360313315926894 0.016550522648083623
0 0.6253263707571801 0.5200348432055749 0.014360313315926894 0.0156794425087108
0 0.4614882506527415 0.27177700348432055 0.02154046997389034 0.018292682926829267
0 0.4663838120104439 0.26393728222996515 0.015665796344647518 0.014808362369337979
0 0.758485639686684 0.3131533101045296 0.033942558746736295 0.033101045296167246
0 0.8051566579634465 0.3945993031358885 0.024151436031331592 0.025261324041811847
0 0.9977154046997389 0.554006968641115 0.0045691906005221935 0.017421602787456445
0 0.9859660574412533 0.5505226480836237 0.0195822454308094 0.02003484320557491
0 0.6439295039164491 0.8214285714285714 0.02349869451697128 0.02177700348432056
0 0.6537206266318538 0.8497386759581882 0.02349869451697128 0.023519163763066203
0 0.6925587467362925 0.8614982578397212 0.02154046997389034 0.02177700348432056
0 0.6863577023498695 0.8767421602787456 0.02610966057441253 0.025261324041811847
0 0.7672976501305483 0.8702090592334495 0.025456919060052218 0.025261324041811847
0 0.7581592689295039 0.9015679442508711 0.024151436031331592 0.025261324041811847
0 0.7069190600522193 0.9468641114982579 0.02154046997389034 0.02264808362369338
0 0.7653394255874674 0.46777003484320556 0.028720626631853787 0.03048780487804878
0 0.7774151436031331 0.48606271777003485 0.03720626631853786 0.037456445993031356
0 0.7849216710182768 0.45339721254355403 0.03655352480417755 0.036585365853658534
0 0.8319190600522193 0.48127177700348434 0.03981723237597911 0.042682926829268296
0 0.8639033942558747 0.4294425087108014 0.038511749347258484 0.03832752613240418
0 0.8926240208877284 0.4520905923344948 0.0391644908616188 0.039198606271777
0 0.8769582245430809 0.4965156794425087 0.04503916449086162 0.04529616724738676
0 0.8932767624020888 0.4804006968641115 0.04046997389033943 0.039198606271777
0 0.8560704960835509 0.47865853658536583 0.033942558746736295 0.033101045296167246
0 0.8590078328981723 0.45557491289198604 0.041122715404699736 0.04006968641114982
0 0.7362924281984334 0.44860627177700346 0.04308093994778068 0.04442508710801394
0 0.7349869451697127 0.3479965156794425 0.03720626631853786 0.03571428571428571
0 0.6674281984334204 0.47865853658536583 0.04699738903394256 0.047038327526132406
0 0.17036553524804177 0.7587108013937283 0.022193211488250653 0.023519163763066203
0 0.23433420365535249 0.7264808362369338 0.022845953002610966 0.023519163763066203
0 0.2558746736292428 0.7151567944250871 0.024804177545691905 0.024390243902439025
0 0.16318537859007834 0.8118466898954704 0.0293733681462141 0.027874564459930314
0 0.07669712793733681 0.8083623693379791 0.02154046997389034 0.020905923344947737
0 0.054177545691906005 0.8440766550522648 0.020887728459530026 0.02177700348432056
0 0.09171018276762402 0.8432055749128919 0.018929503916449087 0.01916376306620209
0 0.5029373368146214 0.8458188153310104 0.024804177545691905 0.024390243902439025
0 0.5251305483028721 0.8427700348432056 0.030026109660574413 0.029616724738675958
0 0.6005221932114883 0.7826655052264808 0.030026109660574413 0.03048780487804878
0 0.5359007832898173 0.7417247386759582 0.02610966057441253 0.025261324041811847