0 0.8458237986270023 0.18025914634146342 0.017734553775743706 0.022865853658536585
0 0.8875858123569794 0.20617378048780488 0.02345537757437071 0.027439024390243903
0 0.9001716247139588 0.23094512195121952 0.020594965675057208 0.023628048780487805
0 0.9090389016018307 0.25 0.028604118993135013 0.02972560975609756
0 0.8724256292906178 0.2583841463414634 0.03032036613272311 0.0350609756097561
0 0.8595537757437071 0.2267530487804878 0.02459954233409611 0.02972560975609756
0 0.9276315789473685 0.2804878048780488 0.02288329519450801 0.028201219512195123
0 0.8772883295194508 0.3696646341463415 0.017162471395881007 0.020579268292682928
0 0.7920480549199085 0.3285060975609756 0.02002288329519451 0.023628048780487805
0 0.7868993135011442 0.3715701219512195 0.014302059496567507 0.019054878048780487
0 0.9133295194508009 0.43559451219512196 0.02231121281464531 0.027439024390243903
0 0.8973112128146453 0.48551829268292684 0.02574370709382151 0.035823170731707314
0 0.8784324942791762 0.6897865853658537 0.02288329519450801 0.03277439024390244
0 0.950228832951945 0.676829268292683 0.016590389016018305 0.022865853658536585
0 0.9619565217391305 0.6810213414634146 0.013729977116704805 0.018292682926829267
0 0.9050343249427918 0.7290396341463414 0.03489702517162471 0.041920731707317076
0 0.9279176201372997 0.836890243902439 0.009725400457665904 0.011432926829268292
0 0.9725400457665904 0.7473323170731707 0.018306636155606407 0.025152439024390245
0 0.10554919908466819 0.8033536585365854 0.013157894736842105 0.01676829268292683
0 0.031750572082379865 0.765625 0.010869565217391304 0.019817073170731708
0 0.04290617848970252 0.8513719512195121 0.010869565217391304 0.022865853658536585
0 0.19021739130434784 0.7831554878048781 0.017734553775743706 0.020579268292682928
0 0.21138443935926773 0.7599085365853658 0.015446224256292907 0.022865853658536585
0 0.02345537757437071 0.4634146341463415 0.013157894736842105 0.01676829268292683
0 0.004576659038901602 0.3159298780487805 0.009153318077803204 0.019054878048780487
0 0.010297482837528604 0.29839939024390244 0.013157894736842105 0.01753048780487805
0 0.4794050343249428 0.5598323170731707 0.02688787185354691 0.028201219512195123
0 0.47053775743707094 0.6471036585365854 0.02116704805491991 0.025152439024390245
0 0.504862700228833 0.5632621951219512 0.020594965675057208 0.028201219512195123
0 0.38415331807780323 0.7038871951219512 0.014874141876430207 0.019817073170731708
0 0.27545766590389015 0.7385670731707317 0.020594965675057208 0.03125
0 0.33867276887871856 0.9302591463414634 0.013157894736842105 0.019817073170731708
0 0.36155606407322655 0.9767530487804879 0.017734553775743706 0.022103658536585365
0 0.3755720823798627 0.9340701219512195 0.014302059496567507 0.019054878048780487
0 0.38415331807780323 0.9420731707317073 0.028604118993135013 0.040396341463414635
0 0.3967391304347826 0.9173018292682927 0.010869565217391304 0.014481707317073171
0 0.39931350114416475 0.9283536585365854 0.011441647597254004 0.01524390243902439
0 0.4653890160183066 0.8826219512195121 0.021739130434782608 0.028201219512195123
0 0.4868421052631579 0.8963414634146342 0.02116704805491991 0.027439024390243903
0 0.5131578947368421 0.9241615853658537 0.02288329519450801 0.02972560975609756
0 0.539187643020595 0.9016768292682927 0.02459954233409611 0.03125
0 0.539187643020595 0.9451219512195121 0.021739130434782608 0.027439024390243903
0 0.5812356979405034 0.8803353658536586 0.02517162471395881 0.035823170731707314
0 0.5737986270022883 0.913109756097561 0.02402745995423341 0.037347560975609755
0 0.5855263157894737 0.944359756097561 0.02517162471395881 0.028201219512195123
0 0.5657894736842105 0.9527439024390244 0.02002288329519451 0.025914634146341462
0 0.5011441647597255 0.8071646341463414 0.017162471395881007 0.022103658536585365
0 0.6089816933638444 0.8490853658536586 0.02688787185354691 0.035823170731707314
0 0.6292906178489702 0.8791920731707317 0.02345537757437071 0.03048780487804878
0 0.7142448512585813 0.8205030487804879 0.02116704805491991 0.02972560975609756
0 0.6979405034324943 0.8319359756097561 0.028604118993135013 0.042682926829268296
0 0.6332951945080092 0.9275914634146342 0.02745995423340961 0.03429878048780488
0 0.7651601830663616 0.7480945121951219 0.02288329519450801 0.028963414634146343
0 0.727974828375286 0.6547256097560976 0.018306636155606407 0.021341463414634148
0 0.6587528604118993 0.5625 0.02917620137299771 0.03429878048780488
0 0.7110983981693364 0.5449695121951219 0.02803203661327231 0.040396341463414635
0 0.6965102974828375 0.3601371951219512 0.018306636155606407 0.026676829268292682
0 0.6847826086956522 0.3513719512195122 0.017734553775743706 0.01753048780487805
0 0.8858695652173914 0.3395579268292683 0.017162471395881007 0.025152439024390245
0 0.892162471395881 0.3597560975609756 0.02116704805491991 0.025914634146341462
0 0.8320938215102975 0.31440548780487804 0.02631578947368421 0.036585365853658534
0 0.7617276887871853 0.6303353658536586 0.016590389016018305 0.022865853658536585
0 0.8032036613272311 0.6711128048780488 0.014302059496567507 0.019817073170731708
0 0.8627002288329519 0.7907774390243902 0.021739130434782608 0.03201219512195122
0 0.9645308924485125 0.8365091463414634 0.03489702517162471 0.04725609756097561
0 0.8298054919908466 0.8620426829268293 0.019450800915331808 0.024390243902439025
0 0.8243707093821511 0.8833841463414634 0.02517162471395881 0.03353658536585366
0 0.8704233409610984 0.8323170731707317 0.030892448512585814 0.040396341463414635
0 0.9745423340961098 0.7141768292682927 0.02574370709382151 0.042682926829268296
0 0.829233409610984 0.7484756097560976 0.02288329519450801 0.03429878048780488
0 0.8012013729977117 0.8936737804878049 0.015446224256292907 0.022103658536585365
0 0.9181922196796338 0.8582317073170732 0.014302059496567507 0.019817073170731708
0 0.9359267734553776 0.647484756097561 0.028604118993135013 0.036585365853658534
0 0.8870137299771167 0.4611280487804878 0.02688787185354691 0.036585365853658534
0 0.8678489702517163 0.4973323170731707 0.02517162471395881 0.0350609756097561
0 0.7408466819221968 0.6958841463414634 0.02688787185354691 0.035823170731707314
0 0.73941647597254 0.6619664634146342 0.014874141876430207 0.019054878048780487
0 0.6518878718535469 0.7073170731707317 0.02745995423340961 0.03429878048780488
0 0.6556064073226545 0.7637195121951219 0.02631578947368421 0.03125
0 0.6127002288329519 0.5872713414634146 0.03032036613272311 0.037347560975609755
0 0.9324942791762014 0.7621951219512195 0.02231121281464531 0.028963414634146343
0 0.8323798627002288 0.59375 0.02288329519450801 0.03048780487804878