0 0.6963519313304721 0.35550786838340487 0.02467811158798283 0.0357653791130186
0 0.6727467811158798 0.36194563662374823 0.022532188841201718 0.026466380543633764
0 0.6499463519313304 0.2582260371959943 0.02628755364806867 0.032904148783977114
0 0.6668454935622318 0.2625178826895565 0.021995708154506438 0.02861230329041488
0 0.0713519313304721 0.8201001430615165 0.016630901287553648 0.022174535050071532
0 0.10515021459227468 0.7525035765379113 0.013948497854077254 0.019313304721030045
0 0.12312231759656653 0.8097281831187411 0.012339055793991416 0.015736766809728183
0 0.06947424892703863 0.75 0.012875536480686695 0.017167381974248927
0 0.17623390557939914 0.8015021459227468 0.012875536480686695 0.0178826895565093
0 0.12875536480686695 0.286480686695279 0.011802575107296138 0.016452074391988557
0 0.14109442060085836 0.3072246065808298 0.011266094420600859 0.013590844062947067
0 0.1276824034334764 0.321173104434907 0.012875536480686695 0.015021459227467811
0 0.1427038626609442 0.3236766809728183 0.012339055793991416 0.015736766809728183
0 0.2296137339055794 0.33369098712446355 0.013948497854077254 0.019313304721030045
0 0.24543991416309013 0.2321173104434907 0.011266094420600859 0.015736766809728183
0 0.13197424892703863 0.21959942775393418 0.014484978540772532 0.02074391988555079
0 0.13814377682403434 0.14091559370529327 0.01984978540772532 0.022889842632331903
0 0.1880364806866953 0.12124463519313304 0.013948497854077254 0.016452074391988557
0 0.25590128755364805 0.13054363376251787 0.016094420600858368 0.017167381974248927
0 0.276019313304721 0.06151645207439199 0.02092274678111588 0.022174535050071532
0 0.20359442060085836 0.08869814020028613 0.016630901287553648 0.01859799713876967
0 0.1848175965665236 0.059728183118741056 0.0101931330472103 0.012875536480686695
0 0.1488733905579399 0.07510729613733906 0.023068669527896997 0.032904148783977114
0 0.5303111587982833 0.2092274678111588 0.011266094420600859 0.016452074391988557
0 0.4973175965665236 0.16273247496423462 0.016630901287553648 0.0178826895565093
0 0.5144849785407726 0.1452074391988555 0.013948497854077254 0.015736766809728183
0 0.5158261802575107 0.1630901287553648 0.013412017167381975 0.017167381974248927
0 0.5008047210300429 0.21745350500715308 0.014484978540772532 0.019313304721030045
0 0.42140557939914164 0.22532188841201717 0.016630901287553648 0.01859799713876967
0 0.6035407725321889 0.16022889842632332 0.012339055793991416 0.016452074391988557
0 0.6099785407725322 0.15450643776824036 0.02575107296137339 0.032188841201716736
0 0.6279506437768241 0.14699570815450644 0.011802575107296138 0.017167381974248927
0 0.6292918454935622 0.16773962804005724 0.014484978540772532 0.019313304721030045
0 0.6550429184549357 0.15701001430615164 0.03379828326180258 0.04220314735336195
0 0.7247854077253219 0.16988555078683834 0.017167381974248927 0.02503576537911302
0 0.6875 0.15951359084406294 0.029506437768240343 0.032188841201716736
0 0.6963519313304721 0.1609442060085837 0.008583690987124463 0.013590844062947067
0 0.6751609442060086 0.1838340486409156 0.0305793991416309 0.0357653791130186
0 0.9734442060085837 0.23283261802575106 0.018240343347639486 0.020028612303290415
0 0.9927575107296137 0.23032904148783978 0.014484978540772532 0.027181688125894134
0 0.9857832618025751 0.24248927038626608 0.0101931330472103 0.01430615164520744
0 0.990343347639485 0.275035765379113 0.014484978540772532 0.019313304721030045
0 0.9975858369098712 0.3290414878397711 0.004828326180257511 0.030042918454935622
0 0.9573497854077253 0.31616595135908443 0.02467811158798283 0.031473533619456366
0 0.930793991416309 0.24856938483547925 0.018240343347639486 0.019313304721030045
0 0.9155042918454935 0.2374821173104435 0.018240343347639486 0.022174535050071532
0 0.884656652360515 0.3805436337625179 0.012875536480686695 0.016452074391988557
0 0.9004828326180258 0.42238912732474965 0.012339055793991416 0.015021459227467811
0 0.9881974248927039 0.4917739628040057 0.011266094420600859 0.015021459227467811
0 0.9680793991416309 0.6491416309012875 0.019313304721030045 0.026466380543633764
0 0.8822424892703863 0.6376967095851216 0.012339055793991416 0.01430615164520744
0 0.8677575107296137 0.5529327610872675 0.01555793991416309 0.019313304721030045
0 0.7880901287553648 0.5565092989985694 0.02736051502145923 0.030758226037195996
0 0.964324034334764 0.6108726752503576 0.016094420600858368 0.020028612303290415
0 0.9796137339055794 0.5615164520743919 0.017703862660944206 0.0178826895565093
0 0.931598712446352 0.5579399141630901 0.016630901287553648 0.01859799713876967
0 0.9715665236051502 0.5793991416309013 0.012875536480686695 0.017167381974248927
0 0.782725321888412 0.9513590844062947 0.017703862660944206 0.020028612303290415
0 0.8181330472103004 0.9570815450643777 0.016094420600858368 0.015736766809728183
0 0.8009656652360515 0.9277539341917024 0.013412017167381975 0.017167381974248927
0 0.7851394849785408 0.9245350500715308 0.01555793991416309 0.019313304721030045
0 0.8752682403433476 0.9885550786838341 0.012875536480686695 0.016452074391988557
0 0.8500536480686696 0.9974964234620887 0.014484978540772532 0.005007153075822604
0 0.8285944206008584 0.9978540772532188 0.014484978540772532 0.004291845493562232
0 0.30472103004291845 0.9434907010014306 0.013948497854077254 0.017167381974248927
0 0.2824570815450644 0.9427753934191703 0.016630901287553648 0.02145922746781116
0 0.7915772532188842 0.48319027181688123 0.027896995708154508 0.033619456366237484
0 0.8135729613733905 0.5840486409155937 0.023605150214592276 0.030758226037195996
0 0.8387875536480687 0.5675965665236051 0.023605150214592276 0.031473533619456366
0 0.5772532188841202 0.5257510729613734 0.015021459227467811 0.019313304721030045
0 0.6652360515021459 0.829041487839771 0.013948497854077254 0.019313304721030045
0 0.6786480686695279 0.8683834048640916 0.014484978540772532 0.02074391988555079
0 0.6995708154506438 0.8855507868383404 0.018776824034334765 0.023605150214592276
0 0.6990343347639485 0.9560085836909872 0.01555793991416309 0.02145922746781116
0 0.7422210300429185 0.9381258941344778 0.014484978540772532 0.023605150214592276
0 0.7690450643776824 0.9302575107296137 0.017167381974248927 0.02575107296137339
0 0.8125 0.8862660944206009 0.013948497854077254 0.02074391988555079
0 0.8532725321888412 0.8655221745350501 0.013948497854077254 0.019313304721030045
0 0.8438841201716738 0.8783977110157367 0.017703862660944206 0.023605150214592276
0 0.869098712446352 0.8404864091559371 0.017167381974248927 0.020028612303290415
0 0.8371781115879828 0.7592989985693849 0.02145922746781116 0.029327610872675252
0 0.8513948497854077 0.7775393419170243 0.016630901287553648 0.022174535050071532