0 0.43429286608260326 0.1448247078464107 0.02753441802252816 0.03171953255425709
0 0.4095744680851064 0.19991652754590986 0.02690863579474343 0.030884808013355594
0 0.41270337922403005 0.18280467445742904 0.030037546933667083 0.034223706176961605
0 0.5400500625782227 0.2345575959933222 0.031914893617021274 0.03589315525876461
0 0.5156445556946183 0.21869782971619364 0.02753441802252816 0.03171953255425709
0 0.5109511889862328 0.2525041736227045 0.03504380475594493 0.040901502504173626
0 0.4852941176470588 0.2028380634390651 0.0344180225281602 0.040901502504173626
0 0.5757196495619524 0.24207011686143573 0.0344180225281602 0.040901502504173626
0 0.594180225281602 0.2842237061769616 0.036921151439299124 0.04257095158597663
0 0.6007509386733417 0.3226210350584307 0.03316645807259074 0.03672787979966611
0 0.6436170212765957 0.3718697829716194 0.028785982478097622 0.034223706176961605
0 0.7381101376720901 0.3998330550918197 0.029411764705882353 0.034223706176961605
0 0.6642678347934918 0.4357262103505843 0.031914893617021274 0.037562604340567615
0 0.6448685857321652 0.4503338898163606 0.03379224030037547 0.038397328881469114
0 0.7434292866082604 0.4578464106844741 0.03316645807259074 0.03672787979966611
0 0.762828535669587 0.49540901502504175 0.031914893617021274 0.034223706176961605
0 0.781602002503129 0.49624373956594325 0.031914893617021274 0.03672787979966611
0 0.7747183979974969 0.4707846410684474 0.03504380475594493 0.03923205342237062
0 0.7781602002503129 0.43823038397328884 0.028785982478097622 0.0333889816360601
0 0.8335419274092616 0.4724540901502504 0.030037546933667083 0.0333889816360601
0 0.811639549436796 0.3722871452420701 0.026282853566958697 0.03005008347245409
0 0.8031914893617021 0.38647746243739567 0.031914893617021274 0.035058430717863104
0 0.8842302878598248 0.4532554257095159 0.03254067584480601 0.03672787979966611
0 0.8979974968710889 0.44741235392320533 0.029411764705882353 0.030884808013355594
0 0.938360450563204 0.49624373956594325 0.029411764705882353 0.03171953255425709
0 0.8585732165206508 0.47871452420701166 0.03379224030037547 0.037562604340567615
0 0.9036295369211514 0.5200333889816361 0.029411764705882353 0.0333889816360601
0 0.9139549436795995 0.5346410684474123 0.025031289111389236 0.027545909849749584
0 0.9615143929912391 0.5029215358931552 0.025031289111389236 0.02671118530884808
0 0.9411764705882353 0.6857262103505843 0.03254067584480601 0.035058430717863104
0 0.9461827284105131 0.666110183639399 0.03379224030037547 0.03672787979966611
0 0.918648310387985 0.7362270450751253 0.031914893617021274 0.03589315525876461
0 0.8933041301627034 0.7245409015025042 0.025031289111389236 0.028380634390651086
0 0.7518773466833542 0.67779632721202 0.03566958698372966 0.038397328881469114
0 0.7440550688360451 0.6368948247078464 0.031914893617021274 0.03589315525876461
0 0.7237171464330413 0.6389816360601002 0.031914893617021274 0.03589315525876461
0 0.6911764705882353 0.5509181969949917 0.039424280350438046 0.04424040066777963
0 0.6999374217772215 0.5162771285475793 0.03566958698372966 0.04006677796327212
0 0.6260951188986232 0.5075125208681135 0.031914893617021274 0.035058430717863104
0 0.623279098873592 0.4766277128547579 0.03566958698372966 0.040901502504173626
0 0.6004380475594493 0.4757929883138564 0.0425531914893617 0.04674457429048414
0 0.5738423028785983 0.44824707846410683 0.031914893617021274 0.035058430717863104
0 0.6026282853566959 0.39691151919866446 0.031914893617021274 0.03589315525876461
0 0.5844806007509387 0.3927378964941569 0.031914893617021274 0.035058430717863104
0 0.2872340425531915 0.16235392320534223 0.029411764705882353 0.0333889816360601
0 0.23967459324155194 0.17487479131886477 0.03379224030037547 0.03589315525876461
0 0.27909887359199 0.40108514190317196 0.03629536921151439 0.041736227045075125
0 0.3141426783479349 0.49457429048414026 0.0425531914893617 0.045075125208681135
0 0.31476846057571967 0.47120200333889817 0.03629536921151439 0.04006677796327212
0 0.3979974968710889 0.5459098497495827 0.03128911138923655 0.035058430717863104
0 0.41051314142678347 0.5626043405676127 0.03754693366708386 0.040901502504173626
0 0.42083854818523153 0.5383973288814691 0.03629536921151439 0.040901502504173626
0 0.36264080100125157 0.5559265442404007 0.03504380475594493 0.04006677796327212
0 0.3541927409261577 0.5225375626043406 0.03629536921151439 0.04006677796327212
0 0.47778473091364204 0.4282136894824708 0.039424280350438046 0.04340567612687813
0 0.5240926157697121 0.48747913188647746 0.0344180225281602 0.038397328881469114
0 0.4762202753441802 0.5409015025041736 0.031914893617021274 0.035058430717863104
0 0.5040675844806007 0.570534223706177 0.029411764705882353 0.0325542570951586
0 0.5175219023779725 0.5429883138564274 0.031914893617021274 0.03589315525876461
0 0.5638297872340425 0.5667779632721202 0.030037546933667083 0.0333889816360601
0 0.5747809762202754 0.5467445742904842 0.03879849812265332 0.04257095158597663
0 0.5866708385481852 0.5759599332220368 0.031914893617021274 0.03589315525876461
0 0.5519399249061326 0.6243739565943238 0.03254067584480601 0.03672787979966611
0 0.6076345431789737 0.5951585976627712 0.03254067584480601 0.03589315525876461
0 0.6292240300375469 0.5943238731218697 0.03254067584480601 0.03672787979966611
0 0.60450563204005 0.6485809682804674 0.028785982478097622 0.0325542570951586
0 0.6680225281602002 0.8121869782971619 0.03316645807259074 0.03672787979966611
0 0.6642678347934918 0.8526711185308848 0.03629536921151439 0.04006677796327212
0 0.49687108886107634 0.7212020033388982 0.031914893617021274 0.035058430717863104
0 0.45118898623279097 0.7007512520868113 0.0425531914893617 0.04674457429048414
0 0.47434292866082606 0.6222871452420701 0.031914893617021274 0.035058430717863104
0 0.11483103879849813 0.5617696160267112 0.0344180225281602 0.03923205342237062
0 0.08072590738423029 0.5993322203672788 0.03566958698372966 0.03923205342237062
0 0.060075093867334166 0.6256260434056762 0.03128911138923655 0.034223706176961605
0 0.05319148936170213 0.6373121869782972 0.036921151439299124 0.03923205342237062
0 0.0625782227784731 0.6085141903171953 0.02753441802252816 0.02921535893155259
0 0.0353566958698373 0.6026711185308848 0.036921151439299124 0.041736227045075125
0 0.02409261576971214 0.5834724540901502 0.039424280350438046 0.04340567612687813
0 0.006570713391739674 0.6143572621035058 0.013141426783479349 0.0333889816360601
0 0.10043804755944931 0.7312186978297162 0.02690863579474343 0.02921535893155259
0 0.13266583229036297 0.7245409015025042 0.0344180225281602 0.03672787979966611
0 0.19211514392991239 0.7245409015025042 0.039424280350438046 0.041736227045075125
0 0.19774718397997496 0.8251252086811353 0.0344180225281602 0.038397328881469114
0 0.24874843554443055 0.8397328881469115 0.030037546933667083 0.035058430717863104
0 0.2399874843554443 0.8676961602671118 0.026282853566958697 0.028380634390651086
0 0.21808510638297873 0.8535058430717863 0.02753441802252816 0.030884808013355594
0 0.3160200250312891 0.8660267111853088 0.029411764705882353 0.0333889816360601
0 0.344180225281602 0.8030050083472454 0.02753441802252816 0.03005008347245409
0 0.35575719649561954 0.9282136894824707 0.03504380475594493 0.038397328881469114
0 0.40863579474342926 0.8873121869782972 0.0344180225281602 0.03923205342237062
0 0.6082603254067585 0.9357262103505843 0.030663329161451813 0.034223706176961605
0 0.36983729662077597 0.6381469115191987 0.04005006257822278 0.045075125208681135
0 0.27753441802252815 0.6673622704507512 0.03128911138923655 0.034223706176961605
0 0.3044430538172716 0.6590150250417363 0.03629536921151439 0.03923205342237062