0 0.3361365953109072 0.7829483695652174 0.07900101936799185 0.12432065217391304
0 0.38837920489296635 0.7686820652173914 0.09174311926605505 0.12907608695652173
0 0.4278797145769623 0.7139945652173914 0.0728848114169215 0.10054347826086957
0 0.4115698267074414 0.9025135869565217 0.08409785932721713 0.12432065217391304
0 0.5 0.806046195652174 0.06574923547400612 0.09103260869565218
0 0.5254841997961264 0.9432744565217391 0.09072375127421 0.11345108695652174
0 0.5295616717635067 0.8668478260869565 0.07951070336391437 0.10461956521739131
0 0.399592252803262 0.46671195652173914 0.07951070336391437 0.11073369565217392
0 0.6121304791029561 0.5526494565217391 0.06931702344546381 0.10733695652173914
0 0.11391437308868502 0.578125 0.06574923547400612 0.09103260869565218
0 0.1763506625891947 0.3763586956521739 0.08307849133537207 0.10326086956521739
0 0.3924566768603466 0.2554347826086957 0.05708460754332314 0.07336956521739131
0 0.8583078491335372 0.26358695652173914 0.05963302752293578 0.07880434782608696
0 0.8083588175331294 0.25509510869565216 0.053516819571865444 0.07065217391304347
0 0.7428644240570846 0.15013586956521738 0.06829765545361875 0.08288043478260869
0 0.6072884811416922 0.09171195652173914 0.06472986748216106 0.06725543478260869
0 0.5698267074413863 0.12635869565217392 0.060142711518858305 0.08152173913043478
0 0.6179918450560652 0.14707880434782608 0.0764525993883792 0.10122282608695653
0 0.6185015290519877 0.21229619565217392 0.07237512742099898 0.08084239130434782
0 0.6651376146788991 0.19769021739130435 0.04943934760448522 0.06725543478260869
0 0.6024464831804281 0.2751358695652174 0.08817533129459736 0.09646739130434782
0 0.6801732925586137 0.2561141304347826 0.05963302752293578 0.07201086956521739
0 0.7166156982670744 0.3023097826086957 0.06574923547400612 0.10665760869565218
0 0.691131498470948 0.38552989130434784 0.07492354740061162 0.10190217391304347
0 0.7206931702344547 0.5108695652173914 0.06829765545361875 0.08763586956521739
0 0.7747196738022426 0.5305706521739131 0.058613659531090725 0.08491847826086957
0 0.6595310907237513 0.46467391304347827 0.06829765545361875 0.08559782608695653
0 0.6771151885830785 0.5336277173913043 0.04943934760448522 0.08967391304347826
0 0.7237512742099899 0.6661005434782609 0.046890927624872576 0.06929347826086957
0 0.636085626911315 0.6796875 0.07237512742099898 0.10054347826086957
0 0.7117737003058104 0.7516983695652174 0.06676860346585117 0.08627717391304347
0 0.7698776758409785 0.7248641304347826 0.05606523955147808 0.078125
0 0.7525484199796126 0.7897418478260869 0.058613659531090725 0.08899456521739131
0 0.70361875637105 0.8063858695652174 0.04434250764525994 0.06521739130434782
0 0.7168705402650357 0.9476902173913043 0.08613659531090724 0.10461956521739131
0 0.7996941896024465 0.7961956521739131 0.05963302752293578 0.08016304347826086
0 0.9036697247706422 0.6677989130434783 0.08766564729867482 0.10190217391304347
0 0.8924566768603466 0.5023777173913043 0.06982670744138635 0.08763586956521739
0 0.9551478083588175 0.42289402173913043 0.07339449541284404 0.10122282608695653
0 0.8506625891946993 0.5519701086956522 0.0581039755351682 0.07540760869565218
0 0.8422528032619776 0.8012907608695652 0.06116207951070336 0.08967391304347826
0 0.8950050968399592 0.8369565217391305 0.07951070336391437 0.09578804347826086
0 0.8091233435270132 0.8498641304347826 0.04892966360856269 0.06725543478260869
0 0.8315494393476045 0.9731657608695652 0.06167176350662589 0.05366847826086957
0 0.8583078491335372 0.9018342391304348 0.10244648318042814 0.125
0 0.6554536187563711 0.8760190217391305 0.07186544342507645 0.08763586956521739