0 0.125 0.18424479166666666 0.0107421875 0.011067708333333334
0 0.115234375 0.16666666666666666 0.0078125 0.0078125
0 0.10693359375 0.17317708333333334 0.0087890625 0.0078125
0 0.1142578125 0.2265625 0.0078125 0.012369791666666666
0 0.14404296875 0.2916666666666667 0.0107421875 0.01171875
0 0.15869140625 0.22135416666666666 0.0087890625 0.011067708333333334
0 0.12255859375 0.2819010416666667 0.0087890625 0.012369791666666666
0 0.2197265625 0.2688802083333333 0.01025390625 0.014973958333333334
0 0.19921875 0.21549479166666666 0.009765625 0.011067708333333334
0 0.1533203125 0.15364583333333334 0.00927734375 0.010416666666666666
0 0.15625 0.18098958333333334 0.0126953125 0.01171875
0 0.66455078125 0.8170572916666666 0.009765625 0.012369791666666666
0 0.7060546875 0.8059895833333334 0.01025390625 0.012369791666666666
0 0.65478515625 0.845703125 0.0078125 0.009765625
0 0.671875 0.8404947916666666 0.0087890625 0.010416666666666666
0 0.66796875 0.8658854166666666 0.00732421875 0.008463541666666666
0 0.6455078125 0.8404947916666666 0.00732421875 0.009114583333333334
0 0.6416015625 0.83203125 0.00634765625 0.009765625
0 0.611328125 0.8352864583333334 0.009765625 0.012369791666666666
0 0.6201171875 0.8626302083333334 0.00732421875 0.007161458333333333
0 0.45947265625 0.3502604166666667 0.0166015625 0.020182291666666668
0 0.48046875 0.37109375 0.015625 0.018880208333333332
0 0.4443359375 0.3951822916666667 0.01513671875 0.020833333333333332
0 0.43115234375 0.3951822916666667 0.0166015625 0.024088541666666668
0 0.36181640625 0.7571614583333334 0.01025390625 0.009765625
0 0.31005859375 0.7356770833333334 0.0078125 0.01171875
0 0.29638671875 0.6575520833333334 0.00732421875 0.010416666666666666
0 0.38818359375 0.3756510416666667 0.0146484375 0.020182291666666668
0 0.39306640625 0.3697916666666667 0.00634765625 0.010416666666666666
0 0.3876953125 0.373046875 0.00732421875 0.0078125
0 0.38525390625 0.3821614583333333 0.01123046875 0.013020833333333334
0 0.20751953125 0.25 0.0087890625 0.009765625
0 0.20654296875 0.2734375 0.00732421875 0.011067708333333334
0 0.2158203125 0.2884114583333333 0.0078125 0.007161458333333333
0 0.171875 0.345703125 0.01318359375 0.014973958333333334
0 0.1982421875 0.345703125 0.01025390625 0.014973958333333334
0 0.16796875 0.3828125 0.009765625 0.01171875
0 0.17431640625 0.5768229166666666 0.013671875 0.022135416666666668
0 0.15625 0.25390625 0.01123046875 0.017578125
0 0.173828125 0.26953125 0.00634765625 0.010416666666666666
0 0.31005859375 0.3391927083333333 0.0166015625 0.01953125
0 0.33154296875 0.3509114583333333 0.01513671875 0.018229166666666668
0 0.3203125 0.3938802083333333 0.01513671875 0.01953125
0 0.36279296875 0.357421875 0.01220703125 0.013020833333333334
0 0.3603515625 0.435546875 0.013671875 0.01953125
0 0.3955078125 0.3919270833333333 0.01025390625 0.014973958333333334
0 0.337890625 0.5716145833333334 0.01220703125 0.014322916666666666
0 0.32373046875 0.6087239583333334 0.01708984375 0.017578125
0 0.4951171875 0.4596354166666667 0.01123046875 0.014973958333333334
0 0.51318359375 0.556640625 0.01025390625 0.013020833333333334
0 0.1611328125 0.5299479166666666 0.02197265625 0.027994791666666668
0 0.18994140625 0.5397135416666666 0.0205078125 0.022786458333333332
0 0.1376953125 0.5182291666666666 0.01416015625 0.020182291666666668
0 0.14306640625 0.5703125 0.0146484375 0.018229166666666668
0 0.15478515625 0.59375 0.01611328125 0.022135416666666668
0 0.1240234375 0.5846354166666666 0.0166015625 0.025390625