0 0.22942754919499106 0.7214765100671141 0.03577817531305903 0.03154362416107383
0 0.21645796064400716 0.7 0.03935599284436494 0.0348993288590604
0 0.1721824686940966 0.7543624161073825 0.03220035778175313 0.026174496644295303
0 0.07960644007155634 0.7302013422818792 0.046511627906976744 0.03959731543624161
0 0.1037567084078712 0.6208053691275168 0.05008944543828265 0.0436241610738255
0 0.21288014311270126 0.6369127516778523 0.044722719141323794 0.036241610738255034
0 0.3076923076923077 0.6080536912751678 0.059033989266547404 0.050335570469798654
0 0.3940071556350626 0.7697986577181208 0.04382826475849732 0.03691275167785235
0 0.33810375670840787 0.7684563758389261 0.04114490161001789 0.032885906040268455
0 0.33899821109123435 0.7375838926174496 0.04740608228980322 0.03758389261744966
0 0.40250447227191416 0.6906040268456376 0.059033989266547404 0.049664429530201344
0 0.3926654740608229 0.6932885906040268 0.055456171735241505 0.04899328859060403
0 0.4163685152057245 0.6976510067114094 0.061717352415026835 0.053691275167785234
0 0.45840787119856885 0.5963087248322148 0.04382826475849732 0.036241610738255034
0 0.3953488372093023 0.588255033557047 0.04114490161001789 0.03422818791946309
0 0.35241502683363146 0.5768456375838926 0.04203935599284436 0.03557046979865772
0 0.48255813953488375 0.4785234899328859 0.049194991055456175 0.03959731543624161
0 0.5134168157423972 0.44328859060402687 0.04025044722719141 0.03422818791946309
0 0.25983899821109124 0.6389261744966444 0.04114490161001789 0.03355704697986577
0 0.2334525939177102 0.5395973154362416 0.046511627906976744 0.03825503355704698
0 0.30143112701252234 0.5208053691275167 0.04025044722719141 0.03422818791946309
0 0.28488372093023256 0.5496644295302013 0.059033989266547404 0.05167785234899329
0 0.4691413237924866 0.4342281879194631 0.05366726296958855 0.04563758389261745
0 0.4950805008944544 0.4110738255033557 0.03935599284436494 0.03355704697986577
0 0.36583184257602863 0.4080536912751678 0.04561717352415027 0.038926174496644296
0 0.37298747763864043 0.38926174496644295 0.046511627906976744 0.038926174496644296
0 0.31216457960644006 0.4959731543624161 0.03756708407871199 0.03087248322147651
0 0.3269230769230769 0.5567114093959732 0.04114490161001789 0.03557046979865772
0 0.4476744186046512 0.6456375838926175 0.05456171735241502 0.04563758389261745
0 0.49821109123434704 0.5946308724832214 0.04740608228980322 0.04093959731543624
0 0.48255813953488375 0.6228187919463087 0.05813953488372093 0.050335570469798654
0 0.48389982110912344 0.6355704697986577 0.049194991055456175 0.042953020134228186
0 0.39847942754919496 0.6248322147651006 0.04025044722719141 0.03355704697986577
0 0.3743291592128801 0.6194630872483221 0.04740608228980322 0.040268456375838924
0 0.3644901610017889 0.6449664429530201 0.04561717352415027 0.03825503355704698
0 0.29651162790697677 0.724496644295302 0.03935599284436494 0.03422818791946309
0 0.25268336314847945 0.723489932885906 0.049194991055456175 0.042281879194630875
0 0.28622540250447226 0.687248322147651 0.04114490161001789 0.03557046979865772
0 0.5693202146690519 0.5355704697986577 0.06082289803220036 0.050335570469798654
0 0.5930232558139535 0.588255033557047 0.057245080500894455 0.046308724832214765
0 0.5250447227191414 0.5469798657718121 0.04561717352415027 0.038926174496644296
0 0.6654740608228981 0.5687919463087249 0.04740608228980322 0.038926174496644296
0 0.6601073345259392 0.6087248322147651 0.061717352415026835 0.05100671140939597
0 0.648479427549195 0.6046979865771812 0.044722719141323794 0.03959731543624161
0 0.6726296958855098 0.6184563758389262 0.049194991055456175 0.0436241610738255
0 0.5881037567084079 0.6718120805369128 0.05008944543828265 0.04429530201342282
0 0.622093023255814 0.7741610738255034 0.04830053667262969 0.04161073825503356
0 0.5585867620751341 0.7751677852348994 0.05366726296958855 0.0436241610738255
0 0.4865831842576029 0.8526845637583893 0.059033989266547404 0.049664429530201344
0 0.2956171735241503 0.3802013422818792 0.03309481216457961 0.028187919463087248
0 0.21869409660107333 0.3634228187919463 0.03667262969588551 0.032214765100671144
0 0.28354203935599287 0.3969798657718121 0.03488372093023256 0.028859060402684565
0 0.19767441860465115 0.3983221476510067 0.03667262969588551 0.032214765100671144
0 0.2262969588550984 0.4181208053691275 0.04382826475849732 0.040268456375838924
0 0.22540250447227192 0.4278523489932886 0.03667262969588551 0.032214765100671144
0 0.19856887298747763 0.4228187919463087 0.03488372093023256 0.030201342281879196
0 0.27772808586762077 0.47516778523489933 0.03577817531305903 0.03154362416107383
0 0.240608228980322 0.46879194630872484 0.03756708407871199 0.032214765100671144
0 0.22674418604651161 0.48590604026845635 0.03488372093023256 0.03087248322147651
0 0.1887298747763864 0.4634228187919463 0.03309481216457961 0.028859060402684565
0 0.15026833631484796 0.5154362416107383 0.04025044722719141 0.0348993288590604
0 0.27772808586762077 0.5842281879194631 0.04203935599284436 0.036241610738255034
0 0.17128801431127014 0.6838926174496645 0.03220035778175313 0.028187919463087248
0 0.16547406082289803 0.6657718120805369 0.03488372093023256 0.030201342281879196
0 0.4199463327370304 0.8174496644295302 0.028622540250447227 0.024161073825503355
0 0.4525939177101968 0.8241610738255034 0.04114490161001789 0.0348993288590604
0 0.4525939177101968 0.852013422818792 0.03935599284436494 0.03422818791946309
0 0.5313059033989267 0.8667785234899329 0.03756708407871199 0.032885906040268455
0 0.5308586762075134 0.8476510067114094 0.03667262969588551 0.032214765100671144
0 0.5067084078711985 0.8312080536912752 0.044722719141323794 0.038926174496644296
0 0.4776386404293381 0.8224832214765101 0.044722719141323794 0.03825503355704698
0 0.47719141323792486 0.8486577181208054 0.03667262969588551 0.032214765100671144
0 0.516994633273703 0.77248322147651 0.03488372093023256 0.03087248322147651
0 0.45706618962432916 0.7140939597315437 0.038461538461538464 0.032885906040268455
0 0.528175313059034 0.7345637583892617 0.03756708407871199 0.03355704697986577
0 0.5322003577817531 0.7187919463087248 0.03398926654740608 0.028859060402684565
0 0.5666368515205724 0.7473154362416108 0.04114490161001789 0.036241610738255034
0 0.5523255813953488 0.7130872483221476 0.03041144901610018 0.024832214765100672
0 0.5585867620751341 0.702013422818792 0.03667262969588551 0.03154362416107383
0 0.6100178890876565 0.6214765100671141 0.04561717352415027 0.03959731543624161
0 0.6708407871198568 0.6597315436241611 0.03756708407871199 0.03087248322147651
0 0.6864937388193202 0.6855704697986578 0.03488372093023256 0.030201342281879196
0 0.6878354203935599 0.6456375838926175 0.044722719141323794 0.03825503355704698
0 0.7101967799642218 0.586241610738255 0.04293381037567084 0.03825503355704698
0 0.6319320214669052 0.5026845637583892 0.04561717352415027 0.03959731543624161
0 0.7021466905187835 0.4540268456375839 0.04025044722719141 0.03422818791946309
0 0.6225402504472272 0.41375838926174496 0.038461538461538464 0.03422818791946309
0 0.6498211091234347 0.4070469798657718 0.04293381037567084 0.03758389261744966
0 0.6583184257602862 0.37281879194630874 0.03398926654740608 0.028859060402684565
0 0.7441860465116279 0.45 0.03667262969588551 0.03087248322147651
0 0.7589445438282647 0.3912751677852349 0.03756708407871199 0.032885906040268455
0 0.7012522361359571 0.3523489932885906 0.04025044722719141 0.03422818791946309
0 0.3886404293381038 0.5389261744966443 0.029516994633273702 0.024832214765100672
0 0.3998211091234347 0.5110738255033557 0.03309481216457961 0.027516778523489934
0 0.4476744186046512 0.3436241610738255 0.03398926654740608 0.028859060402684565
0 0.4807692307692308 0.27181208053691275 0.046511627906976744 0.040268456375838924
0 0.2911449016100179 0.17281879194630873 0.03667262969588551 0.03154362416107383
0 0.34481216457960645 0.6929530201342282 0.04561717352415027 0.03959731543624161
0 0.34391771019677997 0.6815436241610738 0.03220035778175313 0.027516778523489934
0 0.14355992844364937 0.710738255033557 0.038461538461538464 0.03355704697986577
0 0.16279069767441862 0.361744966442953 0.05366726296958855 0.046308724832214765
0 0.1744186046511628 0.32583892617449667 0.03756708407871199 0.03422818791946309
0 0.12254025044722719 0.36208053691275166 0.0259391771019678 0.02214765100671141
0 0.11404293381037567 0.39630872483221474 0.038461538461538464 0.032885906040268455
0 0.12924865831842575 0.4167785234899329 0.038461538461538464 0.0348993288590604
0 0.1614490161001789 0.4318791946308725 0.049194991055456175 0.042281879194630875
0 0.14221824686940965 0.45503355704697984 0.03041144901610018 0.026845637583892617
0 0.07871198568872988 0.5298657718120805 0.03935599284436494 0.036241610738255034
0 0.03980322003577817 0.5322147651006711 0.04114490161001789 0.036241610738255034
0 0.29293381037567084 0.11879194630872483 0.044722719141323794 0.03691275167785235
0 0.20304114490161002 0.1379194630872483 0.03935599284436494 0.03758389261744966
0 0.19991055456171736 0.17248322147651007 0.03756708407871199 0.03355704697986577
0 0.18246869409660108 0.18590604026845636 0.03488372093023256 0.030201342281879196
0 0.17397137745974955 0.12080536912751678 0.03935599284436494 0.0348993288590604
0 0.334525939177102 0.1597315436241611 0.03309481216457961 0.028859060402684565
0 0.35867620751341683 0.2191275167785235 0.04293381037567084 0.03758389261744966
0 0.3488372093023256 0.24731543624161073 0.03756708407871199 0.0348993288590604
0 0.35196779964221825 0.3151006711409396 0.038461538461538464 0.036241610738255034
0 0.31932021466905186 0.3295302013422819 0.03488372093023256 0.028859060402684565