0 0.8411513859275054 0.46337126600284495 0.017057569296375266 0.01849217638691323
0 0.8374200426439232 0.4487908961593172 0.017590618336886993 0.01849217638691323
0 0.7822494669509595 0.4487908961593172 0.015991471215351813 0.017069701280227598
0 0.7390724946695096 0.48044096728307256 0.017057569296375266 0.017780938833570414
0 0.7886460554371002 0.5032005689900427 0.012260127931769723 0.012802275960170697
0 0.7827825159914712 0.5160028449502134 0.013326226012793176 0.01422475106685633
0 0.8267590618336887 0.4950213371266003 0.010660980810234541 0.011379800853485065
0 0.8171641791044776 0.4263869132290185 0.01279317697228145 0.012802275960170697
0 0.8073027718550106 0.4086059743954481 0.014925373134328358 0.016358463726884778
0 0.7326759061833689 0.4445234708392603 0.015991471215351813 0.017780938833570414
0 0.7454690831556503 0.4601706970128023 0.015458422174840085 0.015647226173541962
0 0.7681236673773987 0.4562588904694168 0.013859275053304905 0.01422475106685633
0 0.12553304904051174 0.4295874822190612 0.015458422174840085 0.017069701280227598
0 0.1265991471215352 0.414651493598862 0.01279317697228145 0.012802275960170697
0 0.11940298507462686 0.4057610241820768 0.015991471215351813 0.017069701280227598
0 0.1513859275053305 0.4704836415362731 0.01279317697228145 0.013513513513513514
0 0.0834221748400853 0.4487908961593172 0.014925373134328358 0.015647226173541962
0 0.07116204690831557 0.439900426742532 0.01279317697228145 0.012802275960170697
0 0.1636460554371002 0.4292318634423898 0.01652452025586354 0.017780938833570414
0 0.09914712153518124 0.561877667140825 0.014925373134328358 0.015647226173541962
0 0.10074626865671642 0.5864153627311522 0.015991471215351813 0.017069701280227598
0 0.12153518123667377 0.5743243243243243 0.01279317697228145 0.012802275960170697
0 0.13726012793176973 0.5657894736842105 0.015458422174840085 0.017069701280227598
0 0.1791044776119403 0.5451635846372689 0.018656716417910446 0.01991465149359886
0 0.045042643923240935 0.5320056899004267 0.010127931769722815 0.010668563300142247
0 0.050906183368869935 0.5551209103840683 0.015991471215351813 0.017069701280227598
0 0.0570362473347548 0.5295163584637269 0.011194029850746268 0.01209103840682788
0 0.0285181236673774 0.4918207681365576 0.01652452025586354 0.017780938833570414
0 0.02771855010660981 0.47297297297297297 0.01812366737739872 0.019203413940256046
0 0.05863539445628998 0.46799431009957326 0.017590618336886993 0.01849217638691323
0 0.05863539445628998 0.5110241820768137 0.013326226012793176 0.01422475106685633
0 0.19642857142857142 0.6525604551920341 0.013326226012793176 0.01422475106685633
0 0.18976545842217485 0.6561166429587483 0.013326226012793176 0.01422475106685633
0 0.19056503198294242 0.6795874822190612 0.012260127931769723 0.012802275960170697
0 0.2113539445628998 0.682076813655761 0.013859275053304905 0.014935988620199146
0 0.2076226012793177 0.6998577524893315 0.014925373134328358 0.016358463726884778
0 0.27212153518123666 0.6767425320056899 0.022388059701492536 0.02418207681365576
0 0.15485074626865672 0.6767425320056899 0.010660980810234541 0.011379800853485065
0 0.15858208955223882 0.6909672830725462 0.011194029850746268 0.01209103840682788
0 0.18683368869936035 0.6433143669985776 0.01279317697228145 0.012802275960170697
0 0.23480810234541577 0.60099573257468 0.015991471215351813 0.017069701280227598
0 0.5002665245202559 0.2240398293029872 0.020788912579957356 0.022048364153627313
0 0.47308102345415776 0.207325746799431 0.02185501066098081 0.02275960170697013
0 0.4488272921108742 0.1845661450924609 0.017590618336886993 0.01849217638691323
0 0.5050639658848614 0.15682788051209104 0.017057569296375266 0.01849217638691323
0 0.49386993603411516 0.30476529160739685 0.017590618336886993 0.01849217638691323
0 0.7198827292110874 0.2805832147937411 0.019189765458422176 0.01991465149359886
0 0.6825692963752665 0.34743954480796585 0.023454157782515993 0.024893314366998577
0 0.6932302771855011 0.4011379800853485 0.02185501066098081 0.02275960170697013
0 0.7657249466950959 0.3584637268847795 0.02185501066098081 0.02275960170697013
0 0.7390724946695096 0.3367709815078236 0.020788912579957356 0.022048364153627313
0 0.4501599147121535 0.21408250355618777 0.02931769722814499 0.031294452347083924
0 0.39712153518123666 0.3147226173541963 0.029850746268656716 0.031294452347083924
0 0.3646055437100213 0.32147937411095306 0.026119402985074626 0.027738264580369845
0 0.3742004264392324 0.30654338549075394 0.0314498933901919 0.034139402560455195
0 0.4189765458422175 0.39864864864864863 0.028251599147121536 0.029871977240398292
0 0.40538379530916846 0.38015647226173543 0.03411513859275053 0.03627311522048364
0 0.47894456289978676 0.49644381223328593 0.02771855010660981 0.029160739687055477
0 0.46375266524520253 0.5056899004267426 0.033582089552238806 0.03627311522048364
0 0.23987206823027718 0.7610241820768137 0.03837953091684435 0.041251778093883355
0 0.22707889125799574 0.802275960170697 0.03304904051172708 0.03556187766714083
0 0.5735607675906184 0.585348506401138 0.026652452025586353 0.02844950213371266
0 0.44909381663113007 0.5064011379800853 0.028784648187633263 0.03058321479374111
0 0.31556503198294245 0.9238975817923186 0.02185501066098081 0.023470839260312945