0 0.37451171875 0.13151041666666666 0.01953125 0.021484375
0 0.35986328125 0.177734375 0.01904296875 0.020833333333333332
0 0.36083984375 0.1640625 0.021484375 0.022786458333333332
0 0.46337890625 0.185546875 0.0224609375 0.024088541666666668
0 0.443359375 0.17708333333333334 0.01953125 0.021484375
0 0.4423828125 0.20377604166666666 0.02490234375 0.02734375
0 0.41845703125 0.16927083333333334 0.0244140625 0.02734375
0 0.49169921875 0.18619791666666666 0.0244140625 0.02734375
0 0.50927734375 0.21614583333333334 0.02587890625 0.028645833333333332
0 0.517578125 0.24479166666666666 0.0234375 0.024739583333333332
0 0.5546875 0.2766927083333333 0.0205078125 0.022786458333333332
0 0.6298828125 0.2845052083333333 0.02099609375 0.022786458333333332
0 0.57568359375 0.3229166666666667 0.0224609375 0.025390625
0 0.56201171875 0.3372395833333333 0.02392578125 0.026041666666666668
0 0.638671875 0.3287760416666667 0.0234375 0.024739583333333332
0 0.65673828125 0.3548177083333333 0.02294921875 0.022786458333333332
0 0.67138671875 0.3528645833333333 0.0224609375 0.024739583333333332
0 0.6640625 0.333984375 0.02490234375 0.026041666666666668
0 0.6640625 0.30859375 0.0205078125 0.022135416666666668
0 0.70947265625 0.3268229166666667 0.021484375 0.022135416666666668
0 0.6845703125 0.2526041666666667 0.0185546875 0.020182291666666668
0 0.67919921875 0.2649739583333333 0.0224609375 0.0234375
0 0.7470703125 0.3046875 0.02294921875 0.024739583333333332
0 0.75732421875 0.2981770833333333 0.02099609375 0.020182291666666668
0 0.79248046875 0.330078125 0.02099609375 0.020833333333333332
0 0.7294921875 0.328125 0.02392578125 0.025390625
0 0.767578125 0.353515625 0.02099609375 0.022135416666666668
0 0.77685546875 0.36328125 0.017578125 0.018229166666666668
0 0.81103515625 0.33203125 0.01806640625 0.017578125
0 0.88427734375 0.3860677083333333 0.0224609375 0.0234375
0 0.888671875 0.400390625 0.0185546875 0.020182291666666668
0 0.86669921875 0.416015625 0.02197265625 0.024088541666666668
0 0.86328125 0.4205729166666667 0.01904296875 0.018880208333333332
0 0.8701171875 0.412109375 0.01904296875 0.01953125
0 0.81005859375 0.4759114583333333 0.02294921875 0.0234375
0 0.8125 0.4602864583333333 0.02392578125 0.024739583333333332
0 0.796875 0.5182291666666666 0.0224609375 0.024088541666666668
0 0.7763671875 0.5130208333333334 0.017578125 0.018880208333333332
0 0.6630859375 0.4973958333333333 0.025390625 0.025390625
0 0.65380859375 0.466796875 0.0224609375 0.024088541666666668
0 0.63818359375 0.4713541666666667 0.0224609375 0.024088541666666668
0 0.60595703125 0.408203125 0.02783203125 0.029947916666666668
0 0.60986328125 0.3802083333333333 0.025390625 0.026692708333333332
0 0.55224609375 0.3841145833333333 0.0224609375 0.0234375
0 0.54736328125 0.3606770833333333 0.025390625 0.02734375
0 0.52978515625 0.36328125 0.0302734375 0.03125
0 0.5068359375 0.345703125 0.0224609375 0.0234375
0 0.52490234375 0.3020833333333333 0.0224609375 0.024088541666666668
0 0.5107421875 0.3014322916666667 0.0224609375 0.0234375
0 0.26220703125 0.16666666666666666 0.02099609375 0.022135416666666668
0 0.2265625 0.18294270833333334 0.02392578125 0.024088541666666668
0 0.275390625 0.3522135416666667 0.02587890625 0.027994791666666668
0 0.31005859375 0.4192708333333333 0.0302734375 0.029947916666666668
0 0.30859375 0.4010416666666667 0.02587890625 0.026692708333333332
0 0.37890625 0.4466145833333333 0.02197265625 0.0234375
0 0.39013671875 0.4576822916666667 0.02685546875 0.02734375
0 0.39599609375 0.4375 0.02587890625 0.02734375
0 0.3525390625 0.4596354166666667 0.02490234375 0.026692708333333332
0 0.34326171875 0.4348958333333333 0.02587890625 0.026692708333333332
0 0.43115234375 0.3444010416666667 0.02783203125 0.029296875
0 0.4716796875 0.3834635416666667 0.0244140625 0.025390625
0 0.43896484375 0.431640625 0.0224609375 0.0234375
0 0.462890625 0.4505208333333333 0.02099609375 0.021484375
0 0.47119140625 0.4270833333333333 0.0224609375 0.024088541666666668
0 0.5087890625 0.4388020833333333 0.021484375 0.022135416666666668
0 0.515625 0.421875 0.02783203125 0.027994791666666668
0 0.52734375 0.4427083333333333 0.0224609375 0.024088541666666668
0 0.50439453125 0.4850260416666667 0.02294921875 0.024739583333333332
0 0.544921875 0.4544270833333333 0.02294921875 0.024088541666666668
0 0.5615234375 0.4505208333333333 0.02294921875 0.024739583333333332
0 0.546875 0.49609375 0.0205078125 0.021484375
0 0.609375 0.61328125 0.0234375 0.024739583333333332
0 0.60986328125 0.6451822916666666 0.02587890625 0.026692708333333332
0 0.4697265625 0.5677083333333334 0.0224609375 0.0234375
0 0.4326171875 0.55859375 0.0302734375 0.03125
0 0.4443359375 0.4947916666666667 0.0224609375 0.0234375
0 0.16162109375 0.5 0.0244140625 0.026041666666666668
0 0.13818359375 0.5338541666666666 0.025390625 0.026041666666666668
0 0.12451171875 0.5572916666666666 0.0224609375 0.022786458333333332
0 0.1201171875 0.5670572916666666 0.0263671875 0.026041666666666668
0 0.125 0.5436197916666666 0.01953125 0.01953125
0 0.103515625 0.54296875 0.0263671875 0.027994791666666668
0 0.09326171875 0.5299479166666666 0.02783203125 0.029296875
0 0.0498046875 0.5462239583333334 0.02197265625 0.022786458333333332
0 0.07568359375 0.5579427083333334 0.02197265625 0.022135416666666668
0 0.064453125 0.5729166666666666 0.021484375 0.022135416666666668
0 0.1640625 0.6328125 0.01904296875 0.01953125
0 0.1884765625 0.623046875 0.0244140625 0.024088541666666668
0 0.234375 0.6145833333333334 0.0283203125 0.02734375
0 0.2470703125 0.69140625 0.0244140625 0.025390625
0 0.28759765625 0.6953125 0.02099609375 0.0234375
0 0.283203125 0.7180989583333334 0.0185546875 0.018880208333333332
0 0.26513671875 0.7102864583333334 0.01953125 0.020833333333333332
0 0.341796875 0.7057291666666666 0.02099609375 0.022135416666666668
0 0.3583984375 0.6529947916666666 0.01953125 0.020182291666666668
0 0.37744140625 0.748046875 0.02490234375 0.025390625
0 0.4150390625 0.708984375 0.0244140625 0.026041666666666668
0 0.5732421875 0.7174479166666666 0.02197265625 0.022786458333333332
0 0.36474609375 0.5221354166666666 0.0283203125 0.029947916666666668
0 0.2958984375 0.5579427083333334 0.0224609375 0.022786458333333332
0 0.31591796875 0.5475260416666666 0.02587890625 0.026041666666666668