0 0.05235602094240838 0.7377793296089385 0.015706806282722512 0.018156424581005588
0 0.06780104712041884 0.74231843575419 0.011518324607329843 0.014664804469273743
0 0.10078534031413612 0.6997206703910615 0.010471204188481676 0.014664804469273743
0 0.05837696335078534 0.7873603351955307 0.014136125654450262 0.01606145251396648
0 0.09005235602094241 0.765013966480447 0.017277486910994764 0.0223463687150838
0 0.10340314136125654 0.7678072625698324 0.015183246073298429 0.017458100558659217
0 0.093717277486911 0.7810754189944135 0.007329842931937173 0.009776536312849162
0 0.08952879581151832 0.80481843575419 0.018848167539267015 0.02164804469273743
0 0.1049738219895288 0.8187849162011173 0.011518324607329843 0.013966480446927373
0 0.09162303664921466 0.8404329608938548 0.011518324607329843 0.013268156424581005
0 0.13926701570680627 0.8034217877094972 0.009947643979057591 0.013268156424581005
0 0.1238219895287958 0.8400837988826816 0.01099476439790576 0.011871508379888268
0 0.11020942408376963 0.8421787709497207 0.014136125654450262 0.014664804469273743
0 0.1418848167539267 0.8432262569832403 0.012565445026178011 0.01606145251396648
0 0.14895287958115183 0.869413407821229 0.012041884816753926 0.01606145251396648
0 0.1662303664921466 0.4930167597765363 0.012565445026178011 0.015363128491620111
0 0.14109947643979057 0.5073324022346368 0.0193717277486911 0.02164804469273743
0 0.13664921465968585 0.49196927374301674 0.015706806282722512 0.019553072625698324
0 0.11020942408376963 0.4755586592178771 0.02198952879581152 0.02723463687150838
0 0.10602094240837696 0.4465782122905028 0.022513089005235604 0.029329608938547486
0 0.5295811518324607 0.5694832402234636 0.012041884816753926 0.01047486033519553
0 0.5455497382198953 0.433659217877095 0.016753926701570682 0.020251396648044692
0 0.5617801047120419 0.3568435754189944 0.013089005235602094 0.017458100558659217
0 0.5905759162303665 0.371159217877095 0.007853403141361256 0.0111731843575419
0 0.5722513089005236 0.3851256983240223 0.0062827225130890054 0.008379888268156424
0 0.5060209424083769 0.3840782122905028 0.01832460732984293 0.020251396648044692
0 0.5541884816753927 0.39839385474860334 0.012041884816753926 0.014664804469273743
0 0.5937172774869109 0.4057262569832402 0.01099476439790576 0.015363128491620111
0 0.33298429319371725 0.4057262569832402 0.0193717277486911 0.020251396648044692
0 0.26413612565445027 0.3474162011173184 0.020942408376963352 0.027932960893854747
0 0.2157068062827225 0.34916201117318435 0.016230366492146597 0.020251396648044692
0 0.2175392670157068 0.33554469273743015 0.016230366492146597 0.019553072625698324
0 0.21596858638743455 0.38093575418994413 0.016230366492146597 0.02094972067039106
0 0.2837696335078534 0.23044692737430167 0.012041884816753926 0.012569832402234637
0 0.2513089005235602 0.25174581005586594 0.016753926701570682 0.024441340782122904
0 0.2607329842931937 0.28701117318435754 0.016753926701570682 0.023743016759776536
0 0.21282722513089006 0.1920391061452514 0.0062827225130890054 0.009078212290502794
0 0.21099476439790577 0.20006983240223464 0.008900523560209424 0.0111731843575419
0 0.24659685863874345 0.17074022346368714 0.015706806282722512 0.02094972067039106
0 0.2696335078534031 0.16096368715083798 0.017277486910994764 0.020251396648044692
0 0.3146596858638743 0.1651536312849162 0.016753926701570682 0.02164804469273743
0 0.26230366492146595 0.19378491620111732 0.008900523560209424 0.009078212290502794
0 0.19397905759162304 0.12150837988826815 0.008376963350785341 0.011871508379888268
0 0.18769633507853403 0.11592178770949721 0.008900523560209424 0.0111731843575419
0 0.168848167539267 0.11592178770949721 0.011518324607329843 0.014664804469273743
0 0.17722513089005235 0.08763966480446927 0.004712041884816754 0.004888268156424581
0 0.14136125654450263 0.09916201117318436 0.016230366492146597 0.018854748603351956
0 0.14345549738219895 0.1497905027932961 0.018848167539267015 0.025139664804469275
0 0.15890052356020942 0.10230446927374302 0.013612565445026177 0.017458100558659217
0 0.1586387434554974 0.11557262569832402 0.014659685863874346 0.018854748603351956
0 0.14293193717277486 0.17981843575418993 0.007853403141361256 0.01047486033519553
0 0.2662303664921466 0.12185754189944134 0.016230366492146597 0.024441340782122904
0 0.11858638743455498 0.11731843575418995 0.013612565445026177 0.020251396648044692
0 0.13115183246073298 0.11871508379888268 0.01780104712041885 0.020251396648044692
0 0.08036649214659686 0.1428072625698324 0.010471204188481676 0.014664804469273743
0 0.07827225130890052 0.18191340782122906 0.021465968586387434 0.027932960893854747
0 0.11544502617801047 0.18505586592178772 0.0193717277486911 0.024441340782122904
0 0.06832460732984293 0.23917597765363127 0.024607329842931937 0.03212290502793296
0 0.14947643979057593 0.2744413407821229 0.01099476439790576 0.014664804469273743
0 0.16073298429319371 0.27129888268156427 0.013612565445026177 0.01675977653631285
0 0.19528795811518324 0.42912011173184356 0.017277486910994764 0.023044692737430168
0 0.0693717277486911 0.4231843575418994 0.010471204188481676 0.013966480446927373
0 0.060732984293193716 0.36696927374301674 0.01832460732984293 0.025139664804469275
0 0.061780104712041886 0.39455307262569833 0.0193717277486911 0.025139664804469275
0 0.07382198952879582 0.3969972067039106 0.02198952879581152 0.02653631284916201
0 0.07696335078534032 0.36941340782122906 0.02356020942408377 0.02723463687150838
0 0.07408376963350785 0.4514664804469274 0.020942408376963352 0.02653631284916201
0 0.1342931937172775 0.450768156424581 0.01780104712041885 0.024441340782122904
0 0.05759162303664921 0.4514664804469274 0.014659685863874346 0.01675977653631285
0 0.06387434554973823 0.4692737430167598 0.008376963350785341 0.009776536312849162
0 0.06675392670157068 0.48463687150837986 0.008376963350785341 0.013268156424581005
0 0.12774869109947645 0.6536312849162011 0.016230366492146597 0.024441340782122904
0 0.11020942408376963 0.5858938547486033 0.018848167539267015 0.02164804469273743
0 0.050261780104712044 0.5789106145251397 0.01832460732984293 0.02164804469273743
0 0.05523560209424084 0.6208100558659218 0.016230366492146597 0.020251396648044692
0 0.09633507853403141 0.6281424581005587 0.02198952879581152 0.02653631284916201
0 0.06753926701570681 0.8020251396648045 0.009424083769633508 0.013268156424581005
0 0.05549738219895288 0.840782122905028 0.010471204188481676 0.013268156424581005
0 0.049214659685863874 0.8652234636871509 0.010471204188481676 0.011871508379888268
0 0.2693717277486911 0.799231843575419 0.01099476439790576 0.014664804469273743
0 0.18481675392670158 0.17527932960893855 0.008900523560209424 0.0111731843575419
0 0.19790575916230366 0.6012569832402235 0.011518324607329843 0.014664804469273743
0 0.17774869109947644 0.5230446927374302 0.010471204188481676 0.01606145251396648
0 0.19581151832460733 0.5565642458100558 0.009424083769633508 0.015363128491620111
0 0.1931937172774869 0.681913407821229 0.01099476439790576 0.01675977653631285
0 0.11884816753926701 0.5443435754189944 0.012565445026178011 0.018854748603351956
0 0.13272251308900523 0.5356145251396648 0.0193717277486911 0.0223463687150838
0 0.08769633507853403 0.5083798882681564 0.02198952879581152 0.025837988826815643
0 0.0693717277486911 0.5645949720670391 0.014136125654450262 0.01675977653631285
0 0.06989528795811518 0.5251396648044693 0.015706806282722512 0.019553072625698324
0 0.14083769633507853 0.4762569832402235 0.020418848167539267 0.024441340782122904
0 0.1180628272251309 0.42108938547486036 0.019895287958115182 0.024441340782122904
0 0.14947643979057593 0.4172486033519553 0.02617801047120419 0.02653631284916201
0 0.17591623036649215 0.36033519553072624 0.010471204188481676 0.011871508379888268
0 0.16361256544502617 0.3083100558659218 0.01780104712041885 0.025139664804469275
0 0.19083769633507852 0.2995810055865922 0.008900523560209424 0.014664804469273743
0 0.4955497382198953 0.8292597765363129 0.012565445026178011 0.01675977653631285
0 0.3960732984293194 0.8966480446927374 0.016230366492146597 0.025837988826815643
0 0.4827225130890052 0.9340083798882681 0.013612565445026177 0.02094972067039106
0 0.4908376963350785 0.6913407821229051 0.012565445026178011 0.01606145251396648
0 0.5767015706806282 0.846717877094972 0.014136125654450262 0.017458100558659217
0 0.5549738219895288 0.3606843575418994 0.025654450261780103 0.02723463687150838
0 0.6120418848167539 0.3268156424581006 0.015706806282722512 0.023044692737430168
0 0.6094240837696335 0.2901536312849162 0.016230366492146597 0.02164804469273743
0 0.39895287958115183 0.5328212290502793 0.016230366492146597 0.023044692737430168
0 0.4557591623036649 0.5272346368715084 0.01780104712041885 0.023743016759776536
0 0.41282722513089004 0.5230446927374302 0.01780104712041885 0.02164804469273743
0 0.4586387434554974 0.5481843575418994 0.01832460732984293 0.02653631284916201
0 0.4418848167539267 0.5293296089385475 0.0193717277486911 0.025139664804469275
0 0.3793193717277487 0.4888268156424581 0.019895287958115182 0.02723463687150838
0 0.30261780104712044 0.4654329608938548 0.01780104712041885 0.023743016759776536
0 0.30602094240837696 0.5146648044692738 0.020942408376963352 0.029329608938547486
0 0.1162303664921466 0.496159217877095 0.02198952879581152 0.029329608938547486
0 0.06910994764397906 0.5446927374301676 0.02198952879581152 0.02723463687150838
0 0.09293193717277487 0.4409916201117318 0.02198952879581152 0.02723463687150838
0 0.05235602094240838 0.4175977653631285 0.02198952879581152 0.025139664804469275
0 0.44712041884816756 0.4619413407821229 0.025654450261780103 0.027932960893854747
0 0.44162303664921465 0.40537709497206703 0.020942408376963352 0.02653631284916201
0 0.437696335078534 0.4329608938547486 0.024607329842931937 0.0335195530726257
0 0.6578534031413612 0.8261173184357542 0.015183246073298429 0.019553072625698324
0 0.6018324607329842 0.7692039106145251 0.013612565445026177 0.01606145251396648
0 0.6112565445026178 0.7807262569832403 0.014136125654450262 0.019553072625698324
0 0.5871727748691099 0.8379888268156425 0.013089005235602094 0.018854748603351956
0 0.6340314136125654 0.9130586592178771 0.014659685863874346 0.017458100558659217
0 0.5829842931937173 0.8935055865921788 0.013089005235602094 0.018854748603351956
0 0.5829842931937173 0.922486033519553 0.013089005235602094 0.01606145251396648
0 0.7675392670157068 0.8942039106145251 0.012041884816753926 0.018854748603351956
0 0.7612565445026178 0.8481145251396648 0.014136125654450262 0.018854748603351956
0 0.7743455497382199 0.8550977653631285 0.012565445026178011 0.017458100558659217
0 0.7285340314136126 0.8414804469273743 0.011518324607329843 0.01675977653631285
0 0.6866492146596859 0.8620810055865922 0.0193717277486911 0.02164804469273743
0 0.7091623036649215 0.6861033519553073 0.014659685863874346 0.018156424581005588
0 0.7099476439790576 0.35579608938547486 0.014659685863874346 0.02164804469273743
0 0.9130890052356021 0.4762569832402235 0.013612565445026177 0.01675977653631285
0 0.8730366492146597 0.5048882681564246 0.015183246073298429 0.020251396648044692
0 0.8429319371727748 0.7744413407821229 0.016753926701570682 0.02164804469273743
0 0.8159685863874345 0.7416201117318436 0.014659685863874346 0.019553072625698324
0 0.8047120418848167 0.7884078212290503 0.01780104712041885 0.023743016759776536
0 0.8439790575916231 0.88268156424581 0.014136125654450262 0.019553072625698324