0 0.512457254518808 0.7415364583333334 0.071323888617489 0.08528645833333333
0 0.5378602833414753 0.7057291666666666 0.08011724474841231 0.09049479166666667
0 0.5403028822667318 0.6569010416666666 0.0635075720566683 0.07096354166666667
0 0.6028334147532975 0.7578125 0.07474352711284807 0.08658854166666667
0 0.6174890083048363 0.6608072916666666 0.05764533463605276 0.064453125
0 0.6868588177821202 0.7154947916666666 0.07865168539325842 0.0859375
0 0.6585246702491451 0.673828125 0.06839276990718124 0.07486979166666667
0 0.4289203712750366 0.552734375 0.06985832926233512 0.078125
0 0.5867122618466047 0.4759114583333333 0.06204201270151441 0.07356770833333333
0 0.3038593063019052 0.7669270833333334 0.057156814851001464 0.06380208333333333
0 0.2628236443575965 0.6341145833333334 0.07034684904738642 0.07486979166666667
0 0.3434294088910601 0.455078125 0.048851978505129456 0.052734375
0 0.6204201270151442 0.19791666666666666 0.05129457743038593 0.055989583333333336
0 0.5876893014167074 0.22200520833333334 0.04592085979482169 0.050130208333333336
0 0.5095261358085003 0.20768229166666666 0.05813385442110405 0.060546875
0 0.40742550073277967 0.2552083333333333 0.05276013678553981 0.05078125
0 0.3981436248168051 0.29296875 0.05227161700048852 0.057942708333333336
0 0.43478260869565216 0.2766927083333333 0.06595017098192477 0.072265625
0 0.4601856375183195 0.3079427083333333 0.06008793356130923 0.059895833333333336
0 0.48216902784562776 0.2740885416666667 0.04298974108451392 0.047526041666666664
0 0.4748412310698583 0.3463541666666667 0.07327796775769418 0.072265625
0 0.512457254518808 0.2942708333333333 0.05031753786028334 0.052734375
0 0.5520273571079629 0.2962239583333333 0.05959941377625794 0.07291666666666667
0 0.5691255495847581 0.3509114583333333 0.06546165119687347 0.072265625
0 0.6340986809965804 0.39453125 0.05862237420615535 0.0625
0 0.6736687835857352 0.3736979166666667 0.05129457743038593 0.059244791666666664
0 0.5808500244259892 0.4069010416666667 0.05862237420615535 0.061848958333333336
0 0.6170004885197851 0.4303385416666667 0.046409379579872984 0.059895833333333336
0 0.6956521739130435 0.4680989583333333 0.04152418172936004 0.048177083333333336
0 0.6487542745481192 0.5234375 0.0625305324865657 0.0703125
0 0.721543722520762 0.5162760416666666 0.057156814851001464 0.061848958333333336
0 0.7449926722032242 0.470703125 0.048851978505129456 0.055338541666666664
0 0.7596482657547631 0.51171875 0.05227161700048852 0.061848958333333336
0 0.7376648754274548 0.546875 0.03957010258915486 0.045572916666666664
0 0.8016609672691744 0.6106770833333334 0.07474352711284807 0.08268229166666667
0 0.7899364924279433 0.4889322916666667 0.051783097215437224 0.057291666666666664
0 0.8021494870542257 0.3678385416666667 0.07376648754274548 0.07486979166666667
0 0.7318026380068393 0.2942708333333333 0.05911089399120664 0.0625
0 0.7381533952125061 0.22135416666666666 0.06399609184171959 0.07161458333333333
0 0.7269174401563263 0.341796875 0.049829018075232046 0.054036458333333336
0 0.8168050806057645 0.466796875 0.0542256961406937 0.0625
0 0.8617489008304836 0.4544270833333333 0.06741573033707865 0.06966145833333333
0 0.8163165608207132 0.5091145833333334 0.04250122129946263 0.047526041666666664
0 0.882266731802638 0.5631510416666666 0.05276013678553981 0.057942708333333336
0 0.9066927210552027 0.5950520833333334 0.060576453346360526 0.06640625
0 0.8651685393258427 0.5071614583333334 0.08695652173913043 0.09049479166666667
0 0.7357107962872497 0.607421875 0.06106497313141182 0.06380208333333333