0 0.10546875 0.3391927083333333 0.01123046875 0.016927083333333332
0 0.0693359375 0.3815104166666667 0.0166015625 0.01953125
0 0.189453125 0.4016927083333333 0.01318359375 0.014973958333333334
0 0.13916015625 0.24674479166666666 0.01123046875 0.013671875
0 0.82568359375 0.15104166666666666 0.0244140625 0.025390625
0 0.7724609375 0.4368489583333333 0.025390625 0.027994791666666668
0 0.80810546875 0.8079427083333334 0.02099609375 0.020182291666666668
0 0.83154296875 0.837890625 0.01123046875 0.014322916666666666
0 0.8173828125 0.853515625 0.01025390625 0.013671875
0 0.734375 0.8528645833333334 0.013671875 0.016276041666666668
0 0.1923828125 0.8255208333333334 0.02587890625 0.03515625
0 0.19091796875 0.7623697916666666 0.0146484375 0.018880208333333332
0 0.25048828125 0.7962239583333334 0.021484375 0.027994791666666668
0 0.244140625 0.8626302083333334 0.0224609375 0.028645833333333332
0 0.22802734375 0.8671875 0.02099609375 0.033203125
0 0.15380859375 0.8736979166666666 0.01953125 0.026692708333333332
0 0.21728515625 0.9010416666666666 0.02294921875 0.03515625
0 0.2841796875 0.8645833333333334 0.02685546875 0.032552083333333336
0 0.17236328125 0.9147135416666666 0.02294921875 0.03125
0 0.140625 0.8938802083333334 0.02001953125 0.026692708333333332
0 0.19091796875 0.91015625 0.0224609375 0.029296875
0 0.3154296875 0.873046875 0.02685546875 0.031901041666666664
0 0.20556640625 0.9290364583333334 0.02734375 0.030598958333333332
0 0.1943359375 0.7161458333333334 0.0146484375 0.020182291666666668
0 0.22412109375 0.6419270833333334 0.0205078125 0.022786458333333332
0 0.2255859375 0.6627604166666666 0.015625 0.018880208333333332
0 0.1943359375 0.4602864583333333 0.0146484375 0.018229166666666668
0 0.31689453125 0.4596354166666667 0.02294921875 0.024739583333333332
0 0.30615234375 0.4817708333333333 0.01513671875 0.014322916666666666
0 0.271484375 0.3216145833333333 0.01123046875 0.016276041666666668
0 0.52392578125 0.8235677083333334 0.01123046875 0.016927083333333332
0 0.50927734375 0.8483072916666666 0.01220703125 0.016927083333333332
0 0.5390625 0.8893229166666666 0.013671875 0.018880208333333332
0 0.62744140625 0.802734375 0.01220703125 0.01953125
0 0.68115234375 0.767578125 0.01220703125 0.014973958333333334
0 0.63671875 0.857421875 0.01171875 0.014973958333333334
0 0.6533203125 0.8229166666666666 0.0185546875 0.020833333333333332
0 0.71728515625 0.8626302083333334 0.01220703125 0.018229166666666668
0 0.6435546875 0.84375 0.01318359375 0.017578125
0 0.61669921875 0.916015625 0.013671875 0.020182291666666668
0 0.7060546875 0.8873697916666666 0.01416015625 0.017578125
0 0.287109375 0.7044270833333334 0.0224609375 0.02734375
0 0.29052734375 0.7272135416666666 0.02490234375 0.031901041666666664
0 0.86083984375 0.5234375 0.03076171875 0.038411458333333336
0 0.81591796875 0.4641927083333333 0.01953125 0.029947916666666668
0 0.77294921875 0.3561197916666667 0.02001953125 0.027994791666666668
0 0.80859375 0.24153645833333334 0.02294921875 0.032552083333333336
0 0.86865234375 0.2571614583333333 0.0244140625 0.028645833333333332
0 0.6005859375 0.220703125 0.0283203125 0.036458333333333336
0 0.37255859375 0.4817708333333333 0.0263671875 0.037760416666666664
0 0.37744140625 0.517578125 0.029296875 0.038411458333333336
0 0.3857421875 0.5390625 0.03076171875 0.033854166666666664
0 0.3330078125 0.4036458333333333 0.03271484375 0.0390625
0 0.373046875 0.87890625 0.03173828125 0.037760416666666664
0 0.349609375 0.916015625 0.029296875 0.047526041666666664
0 0.32470703125 0.9322916666666666 0.0322265625 0.042317708333333336
0 0.16064453125 0.5826822916666666 0.03173828125 0.038411458333333336
0 0.1748046875 0.515625 0.02392578125 0.031901041666666664
0 0.1484375 0.525390625 0.0224609375 0.03125