0 0.8564453125 0.87890625 0.0166015625 0.024739583333333332
0 0.84375 0.8040364583333334 0.0166015625 0.024739583333333332
0 0.85107421875 0.8235677083333334 0.01904296875 0.026692708333333332
0 0.7294921875 0.8834635416666666 0.02001953125 0.027994791666666668
0 0.755859375 0.876953125 0.01611328125 0.026041666666666668
0 0.740234375 0.8411458333333334 0.021484375 0.032552083333333336
0 0.78662109375 0.8665364583333334 0.0205078125 0.032552083333333336
0 0.69921875 0.9069010416666666 0.02099609375 0.031901041666666664
0 0.662109375 0.8828125 0.0224609375 0.033203125
0 0.6357421875 0.8522135416666666 0.02197265625 0.026692708333333332
0 0.57763671875 0.8424479166666666 0.017578125 0.02734375
0 0.49267578125 0.896484375 0.0185546875 0.026041666666666668
0 0.52685546875 0.7994791666666666 0.01904296875 0.029947916666666668
0 0.53271484375 0.7688802083333334 0.0205078125 0.03125
0 0.45654296875 0.8463541666666666 0.021484375 0.027994791666666668
0 0.42138671875 0.8268229166666666 0.02294921875 0.022786458333333332
0 0.40673828125 0.8424479166666666 0.02001953125 0.027994791666666668
0 0.42626953125 0.8606770833333334 0.02294921875 0.028645833333333332
0 0.44189453125 0.8951822916666666 0.0185546875 0.025390625
0 0.38232421875 0.9095052083333334 0.02001953125 0.024739583333333332
0 0.45361328125 0.986328125 0.0166015625 0.022786458333333332
0 0.4521484375 0.9654947916666666 0.0205078125 0.026041666666666668
0 0.35595703125 0.9720052083333334 0.02001953125 0.029296875
0 0.34912109375 0.9889322916666666 0.02197265625 0.018880208333333332
0 0.29248046875 0.9778645833333334 0.0205078125 0.021484375
0 0.3603515625 0.9264322916666666 0.02197265625 0.027994791666666668
0 0.3046875 0.9244791666666666 0.02001953125 0.024088541666666668
0 0.2890625 0.9205729166666666 0.01611328125 0.020182291666666668
0 0.271484375 0.9908854166666666 0.0185546875 0.016276041666666668
0 0.1611328125 0.982421875 0.0205078125 0.025390625
0 0.1474609375 0.9680989583333334 0.0166015625 0.022786458333333332
0 0.162109375 0.9283854166666666 0.01904296875 0.028645833333333332
0 0.162109375 0.919921875 0.01953125 0.018229166666666668
0 0.16015625 0.9361979166666666 0.01806640625 0.020833333333333332
0 0.185546875 0.8001302083333334 0.0224609375 0.024739583333333332
0 0.19189453125 0.8229166666666666 0.0224609375 0.026041666666666668
0 0.17333984375 0.732421875 0.01953125 0.02734375
0 0.19921875 0.7220052083333334 0.01611328125 0.021484375
0 0.32861328125 0.64453125 0.025390625 0.024739583333333332
0 0.35693359375 0.6770833333333334 0.0205078125 0.026692708333333332
0 0.37060546875 0.6575520833333334 0.0205078125 0.02734375
0 0.443359375 0.712890625 0.0244140625 0.03515625
0 0.45556640625 0.7532552083333334 0.0234375 0.029296875
0 0.5146484375 0.6985677083333334 0.02099609375 0.025390625
0 0.5341796875 0.7252604166666666 0.02294921875 0.030598958333333332
0 0.55126953125 0.70703125 0.029296875 0.032552083333333336
0 0.5859375 0.7096354166666666 0.02099609375 0.026041666666666668
0 0.59375 0.7825520833333334 0.0205078125 0.026692708333333332
0 0.60888671875 0.7721354166666666 0.0205078125 0.026692708333333332
0 0.95458984375 0.734375 0.0185546875 0.026041666666666668
0 0.98291015625 0.6822916666666666 0.02294921875 0.025390625
0 0.828125 0.5006510416666666 0.02294921875 0.031901041666666664
0 0.75048828125 0.4420572916666667 0.03076171875 0.028645833333333332
0 0.76318359375 0.4654947916666667 0.02490234375 0.027994791666666668
0 0.6611328125 0.4654947916666667 0.01953125 0.026692708333333332
0 0.64208984375 0.4609375 0.02587890625 0.028645833333333332
0 0.64794921875 0.4928385416666667 0.0234375 0.03125
0 0.68115234375 0.42578125 0.02294921875 0.029947916666666668
0 0.7060546875 0.4505208333333333 0.0244140625 0.028645833333333332
0 0.66748046875 0.646484375 0.02587890625 0.032552083333333336
0 0.60107421875 0.6295572916666666 0.0234375 0.02734375
0 0.60595703125 0.5377604166666666 0.0205078125 0.025390625
0 0.5693359375 0.533203125 0.0205078125 0.021484375
0 0.5751953125 0.5716145833333334 0.01953125 0.02734375
0 0.52783203125 0.5885416666666666 0.02001953125 0.024739583333333332
0 0.53125 0.6165364583333334 0.02685546875 0.029947916666666668
0 0.50537109375 0.599609375 0.0205078125 0.02734375
0 0.50439453125 0.5234375 0.021484375 0.02734375
0 0.4794921875 0.5989583333333334 0.02099609375 0.026692708333333332
0 0.46435546875 0.6184895833333334 0.02099609375 0.027994791666666668
0 0.45263671875 0.5455729166666666 0.0185546875 0.0234375
0 0.31494140625 0.4446614583333333 0.02197265625 0.026692708333333332
0 0.29541015625 0.4029947916666667 0.0244140625 0.027994791666666668
0 0.49072265625 0.3841145833333333 0.02099609375 0.024739583333333332
0 0.5361328125 0.3645833333333333 0.02880859375 0.032552083333333336
0 0.5625 0.4583333333333333 0.0205078125 0.026041666666666668
0 0.859375 0.20703125 0.0224609375 0.029296875
0 0.86376953125 0.142578125 0.02490234375 0.026692708333333332
0 0.86376953125 0.09895833333333333 0.02197265625 0.024088541666666668
0 0.86279296875 0.08268229166666667 0.0263671875 0.026041666666666668
0 0.87158203125 0.11848958333333333 0.02001953125 0.018880208333333332
0 0.89501953125 0.10026041666666667 0.0244140625 0.030598958333333332
0 0.91357421875 0.10872395833333333 0.02587890625 0.032552083333333336
0 0.9501953125 0.049479166666666664 0.02099609375 0.024088541666666668
0 0.91552734375 0.056640625 0.02197265625 0.022135416666666668
0 0.91845703125 0.026041666666666668 0.0205078125 0.024088541666666668
0 0.77587890625 0.033854166666666664 0.01904296875 0.020182291666666668
0 0.75634765625 0.068359375 0.02392578125 0.024739583333333332
0 0.712890625 0.119140625 0.0302734375 0.025390625
0 0.65283203125 0.028645833333333332 0.0224609375 0.027994791666666668
0 0.607421875 0.057942708333333336 0.01806640625 0.02734375
0 0.59765625 0.024088541666666668 0.017578125 0.01953125
0 0.6220703125 0.018229166666666668 0.0185546875 0.022786458333333332
0 0.54296875 0.09114583333333333 0.01953125 0.024739583333333332
0 0.5576171875 0.17513020833333334 0.0185546875 0.021484375
0 0.47998046875 0.06640625 0.0244140625 0.026041666666666668
0 0.46337890625 0.150390625 0.021484375 0.029947916666666668
0 0.291015625 0.2766927083333333 0.02001953125 0.025390625
0 0.63037109375 0.3541666666666667 0.02587890625 0.032552083333333336
0 0.681640625 0.24674479166666666 0.02099609375 0.024088541666666668
0 0.66650390625 0.2779947916666667 0.025390625 0.02734375