0 0.6329976303317536 0.39652448657187994 0.02665876777251185 0.026856240126382307
0 0.15165876777251186 0.4364139020537125 0.020734597156398103 0.02132701421800948
0 0.17209715639810427 0.4020537124802528 0.02014218009478673 0.020537124802527645
0 0.1252962085308057 0.4589257503949447 0.014218009478672985 0.014218009478672985
0 0.129739336492891 0.4687993680884676 0.011848341232227487 0.01263823064770932
0 0.13033175355450238 0.4822274881516588 0.018957345971563982 0.019747235387045814
0 0.09834123222748815 0.4419431279620853 0.022511848341232227 0.023696682464454975
0 0.30953791469194314 0.5284360189573459 0.011848341232227487 0.01263823064770932
0 0.30213270142180093 0.5351500789889415 0.018957345971563982 0.019747235387045814
0 0.4218009478672986 0.5308056872037915 0.011848341232227487 0.01263823064770932
0 0.5447274881516587 0.5837282780410743 0.016587677725118485 0.016587677725118485
0 0.5707938388625592 0.6113744075829384 0.017772511848341232 0.018167456556082148
0 0.64010663507109 0.5955766192733017 0.017180094786729858 0.017377567140600316
0 0.7523696682464455 0.6895734597156398 0.022511848341232227 0.023696682464454975
0 0.7316350710900474 0.6706161137440758 0.0231042654028436 0.02448657187993681
0 0.6860189573459715 0.7796208530805687 0.02428909952606635 0.02527646129541864
0 0.639218009478673 0.7812006319115324 0.014218009478672985 0.015007898894154818
0 0.6347748815165877 0.8313586097946287 0.020734597156398103 0.02132701421800948
0 0.590047393364929 0.8416271721958926 0.024881516587677725 0.02527646129541864
0 0.5595379146919431 0.8376777251184834 0.0254739336492891 0.026066350710900472
0 0.5696090047393365 0.8653238546603476 0.018957345971563982 0.019747235387045814
0 0.5787914691943128 0.858214849921011 0.0231042654028436 0.023696682464454975
0 0.5509478672985783 0.8720379146919431 0.026066350710900472 0.026066350710900472
0 0.6294431279620853 0.8799368088467614 0.01481042654028436 0.015007898894154818
0 0.6507701421800948 0.867693522906793 0.0231042654028436 0.02448657187993681
0 0.5912322274881516 0.3755924170616114 0.027843601895734597 0.02843601895734597
0 0.6208530805687204 0.3617693522906793 0.021919431279620854 0.022906793048973143
0 0.615521327014218 0.3906003159557662 0.0254739336492891 0.026066350710900472
0 0.6241113744075829 0.41311216429699843 0.016587677725118485 0.016587677725118485
0 0.54739336492891 0.4040284360189573 0.015995260663507108 0.01579778830963665
0 0.553021327014218 0.292259083728278 0.018364928909952605 0.019747235387045814
0 0.5337677725118484 0.3060821484992101 0.018957345971563982 0.020537124802527645
0 0.4209123222748815 0.4075829383886256 0.0071090047393364926 0.007898894154818325
0 0.2947274881516588 0.6370458135860979 0.008886255924170616 0.009478672985781991
0 0.3184241706161137 0.6686413902053713 0.012440758293838863 0.01263823064770932
0 0.34419431279620855 0.6548183254344392 0.013625592417061612 0.013428120063191154
0 0.351303317535545 0.6378357030015798 0.011255924170616114 0.011058451816745656
0 0.24022511848341233 0.5165876777251185 0.0231042654028436 0.02448657187993681
0 0.24407582938388625 0.47906793048973145 0.018957345971563982 0.019747235387045814
0 0.31368483412322273 0.37480252764612954 0.022511848341232227 0.023696682464454975
0 0.4606042654028436 0.19273301737756715 0.019549763033175356 0.020537124802527645
0 0.47422985781990523 0.14731437598736177 0.020734597156398103 0.022116903633491312
0 0.4606042654028436 0.10110584518167456 0.022511848341232227 0.022906793048973143
0 0.4392772511848341 0.06832543443917852 0.014218009478672985 0.014218009478672985
0 0.5266587677725119 0.10426540284360189 0.017772511848341232 0.018167456556082148
0 0.5059241706161137 0.1240126382306477 0.020734597156398103 0.022906793048973143
0 0.4330568720379147 0.08135860979462875 0.018364928909952605 0.019747235387045814
0 0.5515402843601895 0.09281200631911532 0.015995260663507108 0.01579778830963665
0 0.5313981042654028 0.07780410742496051 0.014218009478672985 0.015007898894154818
0 0.5370260663507109 0.08530805687203792 0.01481042654028436 0.01579778830963665
0 0.5192535545023697 0.06990521327014218 0.029028436018957347 0.029225908372827805
0 0.5145142180094787 0.11453396524486571 0.020734597156398103 0.022116903633491312
0 0.4665284360189573 0.08372827804107424 0.0231042654028436 0.023696682464454975
0 0.4472748815165877 0.011058451816745656 0.017772511848341232 0.016587677725118485
0 0.43364928909952605 0.018167456556082148 0.020734597156398103 0.02132701421800948
0 0.41350710900473936 0.009083728278041074 0.018364928909952605 0.008688783570300158
0 0.3960308056872038 0.031990521327014215 0.027251184834123223 0.02764612954186414
0 0.47511848341232227 0.03593996840442338 0.019549763033175356 0.020537124802527645
0 0.46415876777251186 0.04383886255924171 0.02014218009478673 0.020537124802527645
0 0.3687796208530806 0.04186413902053712 0.0231042654028436 0.023696682464454975
0 0.34449052132701424 0.04660347551342812 0.02014218009478673 0.020537124802527645
0 0.36226303317535546 0.032780410742496054 0.018364928909952605 0.019747235387045814
0 0.42979857819905215 0.693127962085308 0.02665876777251185 0.026856240126382307
0 0.4440165876777251 0.6741706161137441 0.026066350710900472 0.026066350710900472
0 0.40017772511848343 0.6635071090047393 0.009478672985781991 0.009478672985781991
0 0.43868483412322273 0.6449447077409163 0.018957345971563982 0.019747235387045814
0 0.5604265402843602 0.7061611374407583 0.02428909952606635 0.02527646129541864
0 0.5020734597156398 0.7187993680884676 0.02843601895734597 0.029225908372827805
0 0.6522511848341233 0.9012638230647709 0.011848341232227487 0.011848341232227487
0 0.628850710900474 0.8665086887835703 0.0071090047393364926 0.007898894154818325
0 0.6528436018957346 0.8246445497630331 0.022511848341232227 0.023696682464454975
0 0.7434834123222749 0.731437598736177 0.023696682464454975 0.02448657187993681
0 0.7734004739336493 0.7413112164296999 0.0254739336492891 0.026066350710900472
0 0.7600710900473934 0.7752764612954186 0.021919431279620854 0.022906793048973143
0 0.7582938388625592 0.6409952606635071 0.02014218009478673 0.02132701421800948
0 0.8202014218009479 0.6958925750394944 0.02665876777251185 0.026856240126382307
0 0.8113151658767772 0.7045813586097947 0.020734597156398103 0.022116903633491312
0 0.7991706161137441 0.608214849921011 0.0231042654028436 0.02448657187993681
0 0.8403436018957346 0.6145339652448657 0.0254739336492891 0.026066350710900472
0 0.8601895734597157 0.575434439178515 0.0231042654028436 0.02448657187993681
0 0.8504146919431279 0.5410742496050553 0.011255924170616114 0.011058451816745656
0 0.8616706161137441 0.5252764612954186 0.009478672985781991 0.009478672985781991
0 0.9454976303317536 0.5438388625592417 0.009478672985781991 0.009478672985781991
0 0.9401658767772512 0.5308056872037915 0.011848341232227487 0.01263823064770932
0 0.9274289099526066 0.5067140600315956 0.011255924170616114 0.011058451816745656
0 0.9410545023696683 0.504739336492891 0.006516587677725118 0.0071090047393364926
0 0.9253554502369669 0.5169826224328594 0.009478672985781991 0.009478672985781991
0 0.9454976303317536 0.4980252764612954 0.011848341232227487 0.011848341232227487
0 0.9040284360189573 0.44075829383886256 0.011255924170616114 0.011058451816745656
0 0.9164691943127962 0.4707740916271722 0.009478672985781991 0.009478672985781991
0 0.34922985781990523 0.5572669826224329 0.014218009478672985 0.014218009478672985
0 0.3287914691943128 0.54739336492891 0.019549763033175356 0.020537124802527645
0 0.32760663507109006 0.4881516587677725 0.018364928909952605 0.019747235387045814
0 0.31516587677725116 0.5975513428120063 0.018364928909952605 0.019747235387045814
0 0.2129739336492891 0.5019747235387045 0.019549763033175356 0.020537124802527645
0 0.21919431279620852 0.4466824644549763 0.026066350710900472 0.026856240126382307
0 0.17742890995260663 0.5604265402843602 0.02962085308056872 0.030015797788309637
0 0.10456161137440759 0.37243285939968407 0.018957345971563982 0.019747235387045814
0 0.09774881516587677 0.3811216429699842 0.021919431279620854 0.022906793048973143
0 0.13240521327014218 0.3522906793048973 0.023696682464454975 0.02448657187993681
0 0.5613151658767772 0.6587677725118484 0.030805687203791468 0.03238546603475513
0 0.48696682464454977 0.6038704581358609 0.02962085308056872 0.030805687203791468
0 0.6158175355450237 0.8203001579778831 0.031990521327014215 0.03317535545023697
0 0.5924170616113744 0.90086887835703 0.03317535545023697 0.0339652448657188
0 0.716824644549763 0.8234597156398105 0.03613744075829384 0.037914691943127965
0 0.722452606635071 0.8033175355450237 0.03495260663507109 0.036334913112164295
0 0.7313388625592417 0.6469194312796208 0.03317535545023697 0.03475513428120063
0 0.7535545023696683 0.5098736176935229 0.039691943127962086 0.04107424960505529
0 0.7174170616113744 0.49368088467614535 0.027843601895734597 0.02843601895734597
0 0.3178317535545024 0.058846761453396526 0.02665876777251185 0.02764612954186414
0 0.5731635071090048 0.11532385466034756 0.0231042654028436 0.02448657187993681
0 0.5124407582938388 0.09399684044233807 0.024881516587677725 0.02527646129541864
0 0.49170616113744076 0.47195892575039494 0.015402843601895734 0.01579778830963665
0 0.5074052132701422 0.4774881516587678 0.017180094786729858 0.017377567140600316
0 0.46356635071090047 0.47788309636650866 0.01481042654028436 0.01579778830963665
0 0.576718009478673 0.4928909952606635 0.016587677725118485 0.016587677725118485
0 0.57760663507109 0.4684044233807267 0.016587677725118485 0.017377567140600316
0 0.5346563981042654 0.13151658767772512 0.016587677725118485 0.017377567140600316
0 0.518957345971564 0.13941548183254343 0.015402843601895734 0.01579778830963665
0 0.4588270142180095 0.022906793048973143 0.016587677725118485 0.016587677725118485
0 0.44520142180094785 0.023696682464454975 0.018957345971563982 0.019747235387045814
0 0.4428317535545024 0.04462875197472354 0.015995260663507108 0.01579778830963665
0 0.17802132701421802 0.38388625592417064 0.015402843601895734 0.01579778830963665
0 0.13744075829383887 0.44944707740916273 0.017180094786729858 0.017377567140600316
0 0.07375592417061612 0.47511848341232227 0.016587677725118485 0.017377567140600316
0 0.06664691943127962 0.46524486571879936 0.018957345971563982 0.019747235387045814
0 0.37825829383886256 0.34873617693522907 0.012440758293838863 0.01263823064770932
0 0.5352488151658767 0.17180094786729858 0.015402843601895734 0.01579778830963665
0 0.5503554502369669 0.13981042654028436 0.018957345971563982 0.019747235387045814
0 0.5829383886255924 0.13507109004739337 0.01481042654028436 0.01579778830963665
0 0.5752369668246445 0.1528436018957346 0.01481042654028436 0.015007898894154818
0 0.38359004739336494 0.3909952606635071 0.017772511848341232 0.018167456556082148
0 0.37381516587677727 0.39731437598736175 0.017180094786729858 0.018167456556082148
0 0.3628554502369668 0.4786729857819905 0.017772511848341232 0.018167456556082148
0 0.4440165876777251 0.556872037914692 0.018364928909952605 0.019747235387045814