0 0.5045572916666666 0.54638671875 0.024739583333333332 0.0322265625
0 0.4772135416666667 0.53076171875 0.0234375 0.033203125
0 0.4759114583333333 0.60595703125 0.022135416666666668 0.0263671875
0 0.4778645833333333 0.6279296875 0.026041666666666668 0.03125
0 0.4947916666666667 0.4970703125 0.021484375 0.03515625
0 0.5123697916666666 0.4814453125 0.020182291666666668 0.0302734375
0 0.5768229166666666 0.5693359375 0.029296875 0.03564453125
0 0.5885416666666666 0.60498046875 0.031901041666666664 0.03759765625
0 0.60546875 0.6220703125 0.024739583333333332 0.0341796875
0 0.66015625 0.57958984375 0.02734375 0.03662109375
0 0.6809895833333334 0.5908203125 0.020833333333333332 0.02587890625
0 0.677734375 0.61328125 0.026041666666666668 0.037109375
0 0.7630208333333334 0.72314453125 0.020182291666666668 0.03125
0 0.7161458333333334 0.7529296875 0.028645833333333332 0.041015625
0 0.7174479166666666 0.74267578125 0.030598958333333332 0.0390625
0 0.6686197916666666 0.69677734375 0.018880208333333332 0.0263671875
0 0.6686197916666666 0.767578125 0.024739583333333332 0.03173828125
0 0.6432291666666666 0.716796875 0.022135416666666668 0.03076171875
0 0.6197916666666666 0.6923828125 0.022135416666666668 0.03173828125
0 0.609375 0.73974609375 0.024088541666666668 0.03125
0 0.5846354166666666 0.69384765625 0.020182291666666668 0.0302734375
0 0.5579427083333334 0.76025390625 0.020182291666666668 0.0283203125
0 0.5345052083333334 0.791015625 0.022786458333333332 0.02978515625
0 0.4856770833333333 0.798828125 0.020833333333333332 0.025390625
0 0.4713541666666667 0.80126953125 0.021484375 0.02734375
0 0.453125 0.72900390625 0.020182291666666668 0.0283203125
0 0.44921875 0.75390625 0.020182291666666668 0.02490234375
0 0.4290364583333333 0.76708984375 0.022135416666666668 0.0302734375
0 0.435546875 0.80224609375 0.020833333333333332 0.0263671875
0 0.3704427083333333 0.78466796875 0.026692708333333332 0.033203125
0 0.3984375 0.80810546875 0.020833333333333332 0.02685546875
0 0.3828125 0.81640625 0.024088541666666668 0.0302734375
0 0.33203125 0.79833984375 0.022135416666666668 0.0322265625
0 0.2975260416666667 0.787109375 0.022135416666666668 0.0283203125
0 0.291015625 0.806640625 0.017578125 0.0263671875
0 0.279296875 0.8447265625 0.02734375 0.03515625
0 0.29296875 0.7255859375 0.01953125 0.0263671875
0 0.2760416666666667 0.73046875 0.016927083333333332 0.02392578125
0 0.259765625 0.7265625 0.017578125 0.0205078125
0 0.26171875 0.751953125 0.018880208333333332 0.0224609375
0 0.236328125 0.74755859375 0.029947916666666668 0.03466796875
0 0.24739583333333334 0.81640625 0.018880208333333332 0.02392578125
0 0.2545572916666667 0.857421875 0.022135416666666668 0.02392578125
0 0.22330729166666666 0.8154296875 0.020833333333333332 0.025390625
0 0.20963541666666666 0.78173828125 0.022135416666666668 0.03173828125
0 0.189453125 0.74169921875 0.021484375 0.025390625
0 0.20052083333333334 0.80810546875 0.020182291666666668 0.02490234375
0 0.201171875 0.82568359375 0.01953125 0.0244140625
0 0.19791666666666666 0.8681640625 0.0234375 0.03076171875
0 0.18359375 0.82275390625 0.016927083333333332 0.0244140625
0 0.16731770833333334 0.78564453125 0.018229166666666668 0.021484375
0 0.17057291666666666 0.822265625 0.01953125 0.025390625
0 0.16276041666666666 0.74267578125 0.020833333333333332 0.0205078125
0 0.1640625 0.76904296875 0.021484375 0.0283203125
0 0.14973958333333334 0.775390625 0.01953125 0.029296875
0 0.16145833333333334 0.779296875 0.043619791666666664 0.0546875
0 0.15625 0.8125 0.015625 0.0205078125
0 0.15559895833333334 0.83447265625 0.017578125 0.02197265625
0 0.435546875 0.54296875 0.021484375 0.0263671875
0 0.3990885416666667 0.69189453125 0.026041666666666668 0.0322265625
0 0.3841145833333333 0.64892578125 0.025390625 0.0322265625
0 0.3606770833333333 0.64111328125 0.022786458333333332 0.02685546875
0 0.4583333333333333 0.38037109375 0.020833333333333332 0.0263671875
0 0.4114583333333333 0.4677734375 0.022786458333333332 0.03076171875
0 0.3658854166666667 0.38330078125 0.022135416666666668 0.02734375
0 0.3483072916666667 0.36181640625 0.024739583333333332 0.0322265625
0 0.326171875 0.33642578125 0.028645833333333332 0.0361328125
0 0.3131510416666667 0.23779296875 0.022786458333333332 0.02978515625
0 0.294921875 0.5546875 0.01953125 0.02587890625
0 0.29296875 0.65771484375 0.018880208333333332 0.0234375
0 0.27734375 0.6220703125 0.016927083333333332 0.01904296875
0 0.2532552083333333 0.6591796875 0.021484375 0.0224609375
0 0.22005208333333334 0.64990234375 0.018229166666666668 0.0234375
0 0.224609375 0.6943359375 0.020833333333333332 0.0244140625
0 0.16861979166666666 0.43896484375 0.020182291666666668 0.02880859375
0 0.3723958333333333 0.4697265625 0.021484375 0.02685546875