0 0.6500677506775068 0.5913200723327305 0.014227642276422764 0.017179023508137433
0 0.755420054200542 0.6116636528028933 0.012195121951219513 0.011754068716094032
0 0.009823848238482384 0.13788426763110306 0.01084010840108401 0.0325497287522604
0 0.09146341463414634 0.9534358047016275 0.012872628726287264 0.0162748643761302
0 0.08028455284552846 0.939873417721519 0.01084010840108401 0.015370705244122965
0 0.04844173441734417 0.9299276672694394 0.013550135501355014 0.0189873417721519
0 0.10806233062330624 0.8291139240506329 0.015582655826558265 0.017179023508137433
0 0.08401084010840108 0.029837251356238697 0.023712737127371274 0.0325497287522604
0 0.0975609756097561 0.27622061482820975 0.012872628726287264 0.018083182640144666
0 0.05047425474254742 0.30334538878842676 0.015582655826558265 0.023508137432188065
0 0.14159891598915988 0.5940325497287523 0.012872628726287264 0.018083182640144666
0 0.10230352303523035 0.6446654611211573 0.012195121951219513 0.0162748643761302
0 0.09993224932249323 0.7319168173598554 0.014227642276422764 0.018083182640144666
0 0.04437669376693767 0.788878842676311 0.01084010840108401 0.014466546112115732
0 0.00508130081300813 0.8245931283905967 0.01016260162601626 0.014466546112115732
0 0.024390243902439025 0.8978300180831826 0.014227642276422764 0.017179023508137433
0 0.2787940379403794 0.846745027124774 0.018970189701897018 0.022603978300180832
0 0.2984417344173442 0.8264014466546112 0.015582655826558265 0.0189873417721519
0 0.24322493224932248 0.8205244122965641 0.015582655826558265 0.015370705244122965
0 0.21375338753387535 0.8440325497287523 0.012872628726287264 0.014466546112115732
0 0.24796747967479674 0.6948462929475587 0.01084010840108401 0.0162748643761302
0 0.2764227642276423 0.7156419529837251 0.013550135501355014 0.014466546112115732
0 0.30013550135501355 0.5623869801084991 0.014227642276422764 0.0189873417721519
0 0.20121951219512196 0.5999095840867993 0.014227642276422764 0.0189873417721519
0 0.20799457994579945 0.3476491862567812 0.02100271002710027 0.02802893309222423
0 0.1758130081300813 0.014466546112115732 0.034552845528455285 0.028933092224231464
0 0.279810298102981 0.014918625678119348 0.028455284552845527 0.029837251356238697
0 0.41971544715447157 0.6347197106690777 0.012872628726287264 0.018083182640144666
0 0.4546070460704607 0.6546112115732369 0.02032520325203252 0.023508137432188065
0 0.3902439024390244 0.7079566003616636 0.012195121951219513 0.017179023508137433
0 0.47560975609756095 0.9055153707052441 0.015582655826558265 0.017179023508137433
0 0.5199864498644986 0.9850813743218807 0.01084010840108401 0.018083182640144666
0 0.5338753387533876 0.9701627486437613 0.016937669376693765 0.020795660036166366
0 0.5010162601626016 0.9945750452079566 0.02100271002710027 0.0108499095840868
0 0.6778455284552846 0.9018987341772152 0.015582655826558265 0.019891500904159132
0 0.6067073170731707 0.8399638336347197 0.015582655826558265 0.017179023508137433
0 0.5521680216802168 0.8675406871609403 0.012872628726287264 0.015370705244122965
0 0.657859078590786 0.6654611211573237 0.012195121951219513 0.015370705244122965
0 0.6443089430894309 0.701627486437613 0.012195121951219513 0.015370705244122965
0 0.6229674796747967 0.42857142857142855 0.015582655826558265 0.020795660036166366
0 0.6670054200542005 0.06690777576853527 0.023712737127371274 0.0352622061482821
0 0.633130081300813 0.06826401446654612 0.028455284552845527 0.03345388788426763
0 0.7286585365853658 0.05334538878842676 0.027777777777777776 0.03345388788426763
0 0.7859078590785907 0.2897830018083183 0.016260162601626018 0.023508137432188065
0 0.7862466124661247 0.3141952983725136 0.027777777777777776 0.039783001808318265
0 0.7876016260162602 0.8331826401446655 0.017615176151761516 0.022603978300180832
0 0.9515582655826558 0.9046112115732369 0.012872628726287264 0.018083182640144666
0 0.9491869918699187 0.924502712477396 0.014905149051490514 0.0189873417721519
0 0.9383468834688347 0.8657323688969258 0.01084010840108401 0.014466546112115732
0 0.964769647696477 0.7676311030741411 0.029132791327913278 0.03887884267631103
0 0.9583333333333334 0.6781193490054249 0.025745257452574527 0.037070524412296565
0 0.9888211382113821 0.7269439421338155 0.016937669376693765 0.0352622061482821
0 0.9153116531165312 0.7138336347197106 0.029132791327913278 0.03164556962025317
0 0.9369918699186992 0.7120253164556962 0.02710027100271003 0.0352622061482821
0 0.9566395663956639 0.6148282097649186 0.01964769647696477 0.02802893309222423
0 0.9739159891598916 0.5913200723327305 0.03319783197831978 0.039783001808318265
0 0.9698509485094851 0.530741410488246 0.01964769647696477 0.024412296564195298
0 0.9681571815718157 0.5479204339963833 0.018970189701897018 0.020795660036166366
0 0.9275067750677507 0.5605786618444847 0.02981029810298103 0.037070524412296565
0 0.9610433604336044 0.5397830018083183 0.03590785907859079 0.045207956600361664
0 0.8685636856368564 0.3422242314647378 0.026422764227642278 0.0325497287522604
0 0.8888888888888888 0.3037974683544304 0.025745257452574527 0.03164556962025317
0 0.13380758807588075 0.4272151898734177 0.015582655826558265 0.020795660036166366
0 0.14464769647696477 0.3779385171790235 0.015582655826558265 0.017179023508137433
0 0.21138211382113822 0.24547920433996384 0.015582655826558265 0.019891500904159132
0 0.19850948509485095 0.5470162748643761 0.01964769647696477 0.023508137432188065
0 0.1978319783197832 0.7617540687160941 0.018970189701897018 0.0189873417721519
0 0.15210027100271004 0.779385171790235 0.015582655826558265 0.0189873417721519
0 0.1209349593495935 0.015822784810126583 0.029132791327913278 0.03164556962025317
0 0.026422764227642278 0.1306509945750452 0.029132791327913278 0.039783001808318265