0 0.8989872068230277 0.033428165007112376 0.012260127931769723 0.014935988620199146
0 0.8915245202558635 0.09352773826458037 0.015991471215351813 0.021337126600284494
0 0.904317697228145 0.07361308677098151 0.014392324093816631 0.019203413940256046
0 0.8440831556503199 0.129800853485064 0.015991471215351813 0.01422475106685633
0 0.8243603411513859 0.04623044096728307 0.013326226012793176 0.016358463726884778
0 0.8488805970149254 0.004978662873399715 0.014392324093816631 0.00995732574679943
0 0.39738805970149255 0.9541251778093883 0.025053304904051173 0.029160739687055477
0 0.35394456289978676 0.9509246088193457 0.019189765458422176 0.024893314366998577
0 0.3678038379530917 0.9523470839260313 0.019722814498933903 0.031294452347083924
0 0.43230277185501065 0.9299431009957326 0.01812366737739872 0.027738264580369845
0 0.4970682302771855 0.9121621621621622 0.015991471215351813 0.021337126600284494
0 0.5103944562899787 0.9334992887624467 0.017057569296375266 0.025604551920341393
0 0.5245202558635395 0.870199146514936 0.014392324093816631 0.017069701280227598
0 0.5101279317697228 0.8634423897581792 0.01652452025586354 0.017780938833570414
0 0.47308102345415776 0.8698435277382646 0.019189765458422176 0.027738264580369845
0 0.6457889125799574 0.8221906116642959 0.008528784648187633 0.01422475106685633
0 0.6516524520255863 0.8207681365576103 0.005863539445628998 0.009246088193456615
0 0.6548507462686567 0.829302987197724 0.009594882729211088 0.013513513513513514
0 0.7062899786780383 0.8805120910384068 0.012260127931769723 0.014935988620199146
0 0.7510660980810234 0.8108108108108109 0.008528784648187633 0.012802275960170697
0 0.7529317697228145 0.8431721194879089 0.008528784648187633 0.012802275960170697
0 0.7433368869936035 0.8620199146514936 0.009594882729211088 0.012802275960170697
0 0.6807036247334755 0.8204125177809388 0.007995735607675906 0.010668563300142247
0 0.6788379530916845 0.792674253200569 0.007995735607675906 0.010668563300142247
0 0.7038912579957356 0.80049786628734 0.007995735607675906 0.00995732574679943
0 0.6950959488272921 0.5572546230440967 0.010127931769722815 0.015647226173541962
0 0.6988272921108742 0.5707681365576103 0.012260127931769723 0.013513513513513514
0 0.7006929637526652 0.6031294452347084 0.009594882729211088 0.014935988620199146
0 0.6388592750533049 0.5362731152204836 0.012260127931769723 0.012802275960170697
0 0.6753731343283582 0.3655761024182077 0.011194029850746268 0.013513513513513514
0 0.759594882729211 0.041251778093883355 0.012260127931769723 0.020625889046941678
0 0.7689232409381663 0.03911806543385491 0.010127931769722815 0.015647226173541962
0 0.9173773987206824 0.30903271692745377 0.023454157782515993 0.031294452347083924
0 0.8848614072494669 0.4096728307254623 0.01812366737739872 0.022048364153627313
0 0.8896588486140725 0.6966571834992887 0.014925373134328358 0.021337126600284494
0 0.8811300639658849 0.6749644381223329 0.014392324093816631 0.01849217638691323
0 0.9400319829424307 0.6653627311522048 0.012260127931769723 0.015647226173541962
0 0.9848081023454158 0.7901849217638691 0.014392324093816631 0.020625889046941678
0 0.935501066098081 0.7393314366998578 0.011727078891257996 0.01849217638691323
0 0.8851279317697228 0.7514224751066856 0.012260127931769723 0.015647226173541962
0 0.8939232409381663 0.7435988620199147 0.014392324093816631 0.019203413940256046
0 0.9029850746268657 0.7361308677098151 0.010127931769722815 0.015647226173541962
0 0.9104477611940298 0.8246799431009957 0.011727078891257996 0.017780938833570414
0 0.9506929637526652 0.7788051209103841 0.014392324093816631 0.022048364153627313
0 0.9386993603411514 0.8044096728307255 0.02025586353944563 0.025604551920341393
0 0.9386993603411514 0.7983641536273115 0.007995735607675906 0.010668563300142247
0 0.4573560767590618 0.6177098150782361 0.014925373134328358 0.02275960170697013
0 0.44163113006396587 0.6475817923186344 0.01652452025586354 0.022048364153627313
0 0.4576226012793177 0.6870554765291608 0.015991471215351813 0.01991465149359886
0 0.44243070362473347 0.6938122332859175 0.018656716417910446 0.02418207681365576
0 0.4984008528784648 0.7532005689900427 0.01812366737739872 0.02418207681365576
0 0.46881663113006394 0.7702702702702703 0.01812366737739872 0.022048364153627313
0 0.4013859275053305 0.7660028449502134 0.017057569296375266 0.01991465149359886
0 0.8033049040511727 0.43563300142247513 0.022388059701492536 0.02631578947368421
0 0.7977078891257996 0.45910384068278803 0.026652452025586353 0.034139402560455195
0 0.8272921108742004 0.4391891891891892 0.0255863539445629 0.03485064011379801
0 0.8352878464818764 0.49857752489331436 0.03091684434968017 0.03627311522048364
0 0.8960554371002132 0.4829302987197724 0.027185501066098083 0.03556187766714083
0 0.8971215351812367 0.5238264580369844 0.02771855010660981 0.03769559032716927
0 0.8526119402985075 0.5462304409672831 0.03251599147121535 0.041963015647226175
0 0.8755330490405118 0.5469416785206259 0.027185501066098083 0.03769559032716927
0 0.8536780383795309 0.515647226173542 0.022921108742004266 0.032005689900426744
0 0.8726012793176973 0.4996443812233286 0.028251599147121536 0.03840682788051209
0 0.7998400852878464 0.3968705547652916 0.0314498933901919 0.03982930298719772
0 0.8757995735607675 0.31721194879089615 0.024520255863539446 0.03556187766714083
0 0.7332089552238806 0.3669985775248933 0.03251599147121535 0.044096728307254626
0 0.20335820895522388 0.19381223328591748 0.01652452025586354 0.020625889046941678
0 0.26892324093816633 0.21870554765291608 0.01652452025586354 0.022048364153627313
0 0.2907782515991471 0.22688477951635846 0.017057569296375266 0.023470839260312945
0 0.15858208955223882 0.22901849217638692 0.019189765458422176 0.027738264580369845
0 0.10634328358208955 0.15789473684210525 0.014392324093816631 0.020625889046941678
0 0.06449893390191898 0.16891891891891891 0.01652452025586354 0.019203413940256046
0 0.08928571428571429 0.19701280227596016 0.013326226012793176 0.017780938833570414
0 0.34888059701492535 0.5245376955903271 0.017057569296375266 0.023470839260312945
0 0.36513859275053306 0.5401849217638691 0.019722814498933903 0.02844950213371266
0 0.4592217484008529 0.5526315789473685 0.02185501066098081 0.02702702702702703
0 0.4488272921108742 0.4697724039829303 0.01812366737739872 0.02418207681365576