0 0.17181588902900377 0.8560606060606061 0.015132408575031526 0.015993265993265993
0 0.17244640605296344 0.8724747474747475 0.013240857503152586 0.015151515151515152
0 0.2594577553593947 0.9015151515151515 0.027742749054224466 0.02861952861952862
0 0.34457755359394704 0.8446969696969697 0.02459016393442623 0.031144781144781145
0 0.03278688524590164 0.710016835016835 0.01639344262295082 0.02356902356902357
0 0.16424968474148802 0.70496632996633 0.025851197982345524 0.03367003367003367
0 0.03940731399747793 0.8143939393939394 0.013871374527112233 0.018518518518518517
0 0.05674653215636822 0.827020202020202 0.015762925598991173 0.020202020202020204
0 0.07818411097099622 0.8577441077441077 0.01828499369482976 0.02356902356902357
0 0.0028373266078184113 0.8215488215488216 0.005674653215636823 0.02356902356902357
0 0.0025220680958385876 0.7331649831649831 0.005044136191677175 0.025252525252525252
0 0.5646279949558638 0.3005050505050505 0.02269861286254729 0.027777777777777776
0 0.5453972257250945 0.3640572390572391 0.02269861286254729 0.02441077441077441
0 0.5709331651954602 0.38257575757575757 0.01639344262295082 0.020202020202020204
0 0.5406683480453972 0.390993265993266 0.01828499369482976 0.021043771043771045
0 0.942938209331652 0.30892255892255893 0.014501891551071878 0.018518518518518517
0 0.9164564943253468 0.3661616161616162 0.017023959646910468 0.021043771043771045
0 0.9924337957124842 0.19318181818181818 0.015132408575031526 0.026094276094276093
0 0.9129886506935687 0.9903198653198653 0.0201765447667087 0.01936026936026936
0 0.9281210592686002 0.8674242424242424 0.014501891551071878 0.01936026936026936
0 0.48329129886506933 0.7550505050505051 0.015132408575031526 0.016835016835016835
0 0.40920554854981084 0.6902356902356902 0.013240857503152586 0.015993265993265993
0 0.4810844892812106 0.9465488215488216 0.017654476670870115 0.020202020202020204
0 0.4120428751576293 0.9267676767676768 0.02080706179066835 0.02356902356902357
0 0.41330390920554855 0.8787878787878788 0.023329129886506934 0.022727272727272728
0 0.441046658259773 0.9907407407407407 0.015132408575031526 0.011784511784511785
0 0.37168978562421184 0.9301346801346801 0.013871374527112233 0.017676767676767676
0 0.3912358133669609 0.9208754208754208 0.025851197982345524 0.03872053872053872
0 0.3225094577553594 0.914983164983165 0.02269861286254729 0.026094276094276093
0 0.3921815889029004 0.8703703703703703 0.013871374527112233 0.020202020202020204
0 0.3896595208070618 0.8034511784511784 0.013240857503152586 0.016835016835016835
0 0.35277427490542246 0.797979797979798 0.021437578814627996 0.02441077441077441
0 0.38114754098360654 0.5744949494949495 0.01197982345523329 0.015993265993265993
0 0.37105926860025223 0.5812289562289562 0.012610340479192938 0.015993265993265993
0 0.3748423707440101 0.5774410774410774 0.02711223203026482 0.034511784511784514
0 0.4306431273644388 0.32786195286195285 0.013871374527112233 0.017676767676767676
0 0.516078184110971 0.3383838383838384 0.01639344262295082 0.01936026936026936
0 0.3575031525851198 0.2563131313131313 0.017023959646910468 0.021885521885521887
0 0.282156368221942 0.29292929292929293 0.01828499369482976 0.022727272727272728
0 0.29224464060529637 0.4478114478114478 0.015132408575031526 0.018518518518518517
0 0.223203026481715 0.3998316498316498 0.015132408575031526 0.016835016835016835
0 0.2367591424968474 0.5303030303030303 0.014501891551071878 0.01936026936026936
0 0.24936948297604036 0.5151515151515151 0.014501891551071878 0.01936026936026936
0 0.2635561160151324 0.6574074074074074 0.023329129886506934 0.026936026936026935
0 0.2257250945775536 0.6519360269360269 0.015132408575031526 0.017676767676767676
0 0.2834174022698613 0.6776094276094277 0.021437578814627996 0.02441077441077441
0 0.19672131147540983 0.7125420875420876 0.021437578814627996 0.03282828282828283
0 0.14627994955863807 0.8556397306397306 0.013871374527112233 0.015993265993265993
0 0.2471626733921816 0.8207070707070707 0.013240857503152586 0.01430976430976431
0 0.036885245901639344 0.8661616161616161 0.011349306431273645 0.012626262626262626
0 0.0308953341740227 0.859006734006734 0.010718789407313998 0.01430976430976431
0 0.02994955863808323 0.8409090909090909 0.010718789407313998 0.013468013468013467
0 0.02269861286254729 0.8463804713804713 0.00819672131147541 0.010942760942760943
0 0.11191677175283733 0.7117003367003367 0.03215636822194199 0.034511784511784514
0 0.15163934426229508 0.6035353535353535 0.025851197982345524 0.031144781144781145
0 0.07629255989911728 0.6026936026936027 0.013871374527112233 0.015993265993265993
0 0.06651954602774275 0.6111111111111112 0.01008827238335435 0.011784511784511785
0 0.14281210592686003 0.49158249158249157 0.014501891551071878 0.015993265993265993
0 0.1614123581336696 0.5096801346801347 0.014501891551071878 0.017676767676767676
0 0.17402269861286254 0.3602693602693603 0.012610340479192938 0.012626262626262626
0 0.09899117276166457 0.34764309764309764 0.015132408575031526 0.016835016835016835
0 0.2367591424968474 0.2015993265993266 0.01639344262295082 0.017676767676767676
0 0.08764186633039092 0.09048821548821549 0.015762925598991173 0.01936026936026936
0 0.05327868852459016 0.1026936026936027 0.004413619167717529 0.01430976430976431
0 0.05044136191677175 0.36363636363636365 0.015762925598991173 0.018518518518518517
0 0.02459016393442623 0.3640572390572391 0.01197982345523329 0.01430976430976431
0 0.023329129886506934 0.32365319865319864 0.015132408575031526 0.021043771043771045
0 0.005674653215636823 0.5281986531986532 0.011349306431273645 0.015993265993265993
0 0.04476670870113493 0.5092592592592593 0.012610340479192938 0.01936026936026936
0 0.6995586380832283 0.44823232323232326 0.017654476670870115 0.026936026936026935
0 0.6995586380832283 0.4212962962962963 0.017023959646910468 0.022727272727272728
0 0.36317780580075665 0.9595959595959596 0.018915510718789406 0.025252525252525252
0 0.3751576292559899 0.9638047138047138 0.02080706179066835 0.027777777777777776
0 0.3493064312736444 0.8678451178451179 0.02711223203026482 0.03367003367003367
0 0.349936948297604 0.8918350168350169 0.027742749054224466 0.034511784511784514
0 0.3376418663303909 0.7146464646464646 0.02711223203026482 0.0361952861952862
0 0.1169609079445145 0.6346801346801347 0.02648171500630517 0.03198653198653199
0 0.11034047919293821 0.6026936026936027 0.02837326607818411 0.03787878787878788