0 0.733921815889029 0.05303030303030303 0.027742749054224466 0.037037037037037035
0 0.19955863808322824 0.8838383838383839 0.02711223203026482 0.03367003367003367
0 0.14974779319041615 0.8821548821548821 0.02711223203026482 0.034511784511784514
0 0.15163934426229508 0.9145622895622896 0.03215636822194199 0.0361952861952862
0 0.8010718789407314 0.29545454545454547 0.018915510718789406 0.02441077441077441
0 0.6992433795712484 0.007575757575757576 0.027742749054224466 0.015151515151515152
0 0.7033417402269861 0.03324915824915825 0.025220680958385876 0.03282828282828283
0 0.2509457755359395 0.37752525252525254 0.015762925598991173 0.018518518518518517
0 0.15006305170239598 0.3560606060606061 0.013871374527112233 0.016835016835016835
0 0.15920554854981084 0.343013468013468 0.01639344262295082 0.020202020202020204
0 0.8546658259773013 0.02904040404040404 0.025220680958385876 0.034511784511784514
0 0.5078814627994955 0.5589225589225589 0.03720050441361917 0.05218855218855219
0 0.9842370744010088 0.4107744107744108 0.031525851197982346 0.04208754208754209
0 0.8162042875157629 0.3686868686868687 0.03972257250945776 0.04882154882154882
0 0.8672761664564943 0.10900673400673401 0.025851197982345524 0.03535353535353535