0 0.35498046875 0.7962239583333334 0.0205078125 0.020182291666666668
0 0.37646484375 0.73828125 0.0244140625 0.024088541666666668
0 0.4365234375 0.80859375 0.0224609375 0.022135416666666668
0 0.39111328125 0.82421875 0.01904296875 0.018880208333333332
0 0.54736328125 0.7213541666666666 0.0205078125 0.020182291666666668
0 0.61083984375 0.21549479166666666 0.01904296875 0.018880208333333332
0 0.63720703125 0.19856770833333334 0.01953125 0.018880208333333332
0 0.62744140625 0.18684895833333334 0.021484375 0.021484375
0 0.4482421875 0.650390625 0.01318359375 0.013020833333333334
0 0.4150390625 0.8053385416666666 0.0185546875 0.018229166666666668
0 0.3857421875 0.8098958333333334 0.009765625 0.009765625
0 0.40966796875 0.7923177083333334 0.02001953125 0.01953125
0 0.38330078125 0.8014322916666666 0.00927734375 0.008463541666666666
0 0.37548828125 0.8346354166666666 0.009765625 0.009765625
0 0.37109375 0.8203125 0.01123046875 0.011067708333333334
0 0.42138671875 0.8489583333333334 0.02197265625 0.022135416666666668
0 0.39111328125 0.8255208333333334 0.00927734375 0.009114583333333334
0 0.39404296875 0.818359375 0.01171875 0.011067708333333334
0 0.580078125 0.7311197916666666 0.02001953125 0.01953125
0 0.568359375 0.7180989583333334 0.0185546875 0.017578125
0 0.71630859375 0.4296875 0.0107421875 0.010416666666666666
0 0.775390625 0.4029947916666667 0.00927734375 0.009765625
0 0.77392578125 0.4108072916666667 0.01123046875 0.011067708333333334
0 0.32763671875 0.763671875 0.0185546875 0.018229166666666668
0 0.48974609375 0.7721354166666666 0.0185546875 0.018229166666666668
0 0.5546875 0.11783854166666667 0.0244140625 0.024088541666666668
0 0.533203125 0.447265625 0.0283203125 0.02734375
0 0.32080078125 0.6686197916666666 0.0234375 0.022786458333333332
0 0.4208984375 0.626953125 0.02783203125 0.02734375
0 0.46240234375 0.7454427083333334 0.01904296875 0.018880208333333332