0 0.1435546875 0.87890625 0.0166015625 0.024739583333333332
0 0.15625 0.8040364583333334 0.0166015625 0.024739583333333332
0 0.14892578125 0.8235677083333334 0.01904296875 0.026692708333333332
0 0.2705078125 0.8834635416666666 0.02001953125 0.027994791666666668
0 0.244140625 0.876953125 0.01611328125 0.026041666666666668
0 0.259765625 0.8411458333333334 0.021484375 0.032552083333333336
0 0.21337890625 0.8665364583333334 0.0205078125 0.032552083333333336
0 0.30078125 0.9069010416666666 0.02099609375 0.031901041666666664
0 0.337890625 0.8828125 0.0224609375 0.033203125
0 0.3642578125 0.8522135416666666 0.02197265625 0.026692708333333332
0 0.42236328125 0.8424479166666666 0.017578125 0.02734375
0 0.50732421875 0.896484375 0.0185546875 0.026041666666666668
0 0.47314453125 0.7994791666666666 0.01904296875 0.029947916666666668
0 0.46728515625 0.7688802083333334 0.0205078125 0.03125
0 0.54345703125 0.8463541666666666 0.021484375 0.027994791666666668
0 0.57861328125 0.8268229166666666 0.02294921875 0.022786458333333332
0 0.59326171875 0.8424479166666666 0.02001953125 0.027994791666666668
0 0.57373046875 0.8606770833333334 0.02294921875 0.028645833333333332
0 0.55810546875 0.8951822916666666 0.0185546875 0.025390625
0 0.61767578125 0.9095052083333334 0.02001953125 0.024739583333333332
0 0.54638671875 0.986328125 0.0166015625 0.022786458333333332
0 0.5478515625 0.9654947916666666 0.0205078125 0.026041666666666668
0 0.64404296875 0.9720052083333334 0.02001953125 0.029296875
0 0.65087890625 0.9889322916666666 0.02197265625 0.018880208333333332
0 0.70751953125 0.9778645833333334 0.0205078125 0.021484375
0 0.6396484375 0.9264322916666666 0.02197265625 0.027994791666666668
0 0.6953125 0.9244791666666666 0.02001953125 0.024088541666666668
0 0.7109375 0.9205729166666666 0.01611328125 0.020182291666666668
0 0.728515625 0.9908854166666666 0.0185546875 0.016276041666666668
0 0.8388671875 0.982421875 0.0205078125 0.025390625
0 0.8525390625 0.9680989583333334 0.0166015625 0.022786458333333332
0 0.837890625 0.9283854166666666 0.01904296875 0.028645833333333332
0 0.837890625 0.919921875 0.01953125 0.018229166666666668
0 0.83984375 0.9361979166666666 0.01806640625 0.020833333333333332
0 0.814453125 0.8001302083333334 0.0224609375 0.024739583333333332
0 0.80810546875 0.8229166666666666 0.0224609375 0.026041666666666668
0 0.82666015625 0.732421875 0.01953125 0.02734375
0 0.80078125 0.7220052083333334 0.01611328125 0.021484375
0 0.67138671875 0.64453125 0.025390625 0.024739583333333332
0 0.64306640625 0.6770833333333334 0.0205078125 0.026692708333333332
0 0.62939453125 0.6575520833333334 0.0205078125 0.02734375
0 0.556640625 0.712890625 0.0244140625 0.03515625
0 0.54443359375 0.7532552083333334 0.0234375 0.029296875
0 0.4853515625 0.6985677083333334 0.02099609375 0.025390625
0 0.4658203125 0.7252604166666666 0.02294921875 0.030598958333333332
0 0.44873046875 0.70703125 0.029296875 0.032552083333333336
0 0.4140625 0.7096354166666666 0.02099609375 0.026041666666666668
0 0.40625 0.7825520833333334 0.0205078125 0.026692708333333332
0 0.39111328125 0.7721354166666666 0.0205078125 0.026692708333333332
0 0.04541015625 0.734375 0.0185546875 0.026041666666666668
0 0.01708984375 0.6822916666666666 0.02294921875 0.025390625
0 0.171875 0.5006510416666666 0.02294921875 0.031901041666666664
0 0.24951171875 0.4420572916666667 0.03076171875 0.028645833333333332
0 0.23681640625 0.4654947916666667 0.02490234375 0.027994791666666668
0 0.3388671875 0.4654947916666667 0.01953125 0.026692708333333332
0 0.35791015625 0.4609375 0.02587890625 0.028645833333333332
0 0.35205078125 0.4928385416666667 0.0234375 0.03125
0 0.31884765625 0.42578125 0.02294921875 0.029947916666666668
0 0.2939453125 0.4505208333333333 0.0244140625 0.028645833333333332
0 0.33251953125 0.646484375 0.02587890625 0.032552083333333336
0 0.39892578125 0.6295572916666666 0.0234375 0.02734375
0 0.39404296875 0.5377604166666666 0.0205078125 0.025390625
0 0.4306640625 0.533203125 0.0205078125 0.021484375
0 0.4248046875 0.5716145833333334 0.01953125 0.02734375
0 0.47216796875 0.5885416666666666 0.02001953125 0.024739583333333332
0 0.46875 0.6165364583333334 0.02685546875 0.029947916666666668
0 0.49462890625 0.599609375 0.0205078125 0.02734375
0 0.49560546875 0.5234375 0.021484375 0.02734375
0 0.5205078125 0.5989583333333334 0.02099609375 0.026692708333333332
0 0.53564453125 0.6184895833333334 0.02099609375 0.027994791666666668
0 0.54736328125 0.5455729166666666 0.0185546875 0.0234375
0 0.68505859375 0.4446614583333333 0.02197265625 0.026692708333333332
0 0.70458984375 0.4029947916666667 0.0244140625 0.027994791666666668
0 0.50927734375 0.3841145833333333 0.02099609375 0.024739583333333332
0 0.4638671875 0.3645833333333333 0.02880859375 0.032552083333333336
0 0.4375 0.4583333333333333 0.0205078125 0.026041666666666668
0 0.140625 0.20703125 0.0224609375 0.029296875
0 0.13623046875 0.142578125 0.02490234375 0.026692708333333332
0 0.13623046875 0.09895833333333333 0.02197265625 0.024088541666666668
0 0.13720703125 0.08268229166666667 0.0263671875 0.026041666666666668
0 0.12841796875 0.11848958333333333 0.02001953125 0.018880208333333332
0 0.10498046875 0.10026041666666667 0.0244140625 0.030598958333333332
0 0.08642578125 0.10872395833333333 0.02587890625 0.032552083333333336
0 0.0498046875 0.049479166666666664 0.02099609375 0.024088541666666668
0 0.08447265625 0.056640625 0.02197265625 0.022135416666666668
0 0.08154296875 0.026041666666666668 0.0205078125 0.024088541666666668
0 0.22412109375 0.033854166666666664 0.01904296875 0.020182291666666668
0 0.24365234375 0.068359375 0.02392578125 0.024739583333333332
0 0.287109375 0.119140625 0.0302734375 0.025390625
0 0.34716796875 0.028645833333333332 0.0224609375 0.027994791666666668
0 0.392578125 0.057942708333333336 0.01806640625 0.02734375
0 0.40234375 0.024088541666666668 0.017578125 0.01953125
0 0.3779296875 0.018229166666666668 0.0185546875 0.022786458333333332
0 0.45703125 0.09114583333333333 0.01953125 0.024739583333333332
0 0.4423828125 0.17513020833333334 0.0185546875 0.021484375
0 0.52001953125 0.06640625 0.0244140625 0.026041666666666668
0 0.53662109375 0.150390625 0.021484375 0.029947916666666668
0 0.708984375 0.2766927083333333 0.02001953125 0.025390625
0 0.36962890625 0.3541666666666667 0.02587890625 0.032552083333333336
0 0.318359375 0.24674479166666666 0.02099609375 0.024088541666666668
0 0.33349609375 0.2779947916666667 0.025390625 0.02734375