0 0.9949109414758269 0.14516129032258066 0.010178117048346057 0.013582342954159592
0 0.9421119592875318 0.13157894736842105 0.015903307888040712 0.010186757215619695
0 0.8587786259541985 0.17062818336162988 0.015267175572519083 0.013582342954159592
0 0.950381679389313 0.18845500848896435 0.014631043256997456 0.011884550084889643
0 0.871501272264631 0.14261460101867574 0.015903307888040712 0.011884550084889643
0 0.8899491094147582 0.26825127334465193 0.019083969465648856 0.013582342954159592
0 0.9580152671755725 0.24108658743633277 0.014631043256997456 0.012733446519524618
0 0.9971374045801527 0.18463497453310695 0.0057251908396946565 0.016129032258064516
0 0.19083969465648856 0.8488964346349746 0.015903307888040712 0.012733446519524618
0 0.20610687022900764 0.902376910016978 0.01653944020356234 0.012733446519524618
0 0.15394402035623408 0.8370118845500849 0.012086513994910942 0.010186757215619695
0 0.16094147582697202 0.8590831918505942 0.013358778625954198 0.011884550084889643
0 0.12849872773536897 0.8539898132427843 0.011450381679389313 0.00933786078098472
0 0.16094147582697202 0.8251273344651953 0.012086513994910942 0.00933786078098472
0 0.17111959287531806 0.8191850594227504 0.012086513994910942 0.008488964346349746
0 0.1673027989821883 0.7801358234295416 0.01653944020356234 0.012733446519524618
0 0.13231552162849872 0.7920203735144312 0.009541984732824428 0.00933786078098472
0 0.7888040712468194 0.5789473684210527 0.02608142493638677 0.021222410865874362
0 0.7627226463104325 0.6069609507640068 0.024173027989821884 0.02037351443123939
0 0.7302798982188295 0.5602716468590832 0.027353689567430027 0.019524617996604415
0 0.7302798982188295 0.5432937181663837 0.031170483460559797 0.021222410865874362
0 0.2633587786259542 0.4567062818336163 0.012086513994910942 0.013582342954159592
0 0.2900763358778626 0.3896434634974533 0.014631043256997456 0.010186757215619695
0 0.3905852417302799 0.3709677419354839 0.013358778625954198 0.00933786078098472
0 0.7550890585241731 0.4872665534804754 0.02608142493638677 0.019524617996604415
0 0.7627226463104325 0.4940577249575552 0.013358778625954198 0.008488964346349746
0 0.7582697201017812 0.4864176570458404 0.010814249363867684 0.00933786078098472
0 0.7461832061068703 0.4830220713073005 0.01717557251908397 0.014431239388794566
0 0.9141221374045801 0.25212224108658743 0.01272264631043257 0.011884550084889643
0 0.8835877862595419 0.25127334465195245 0.014631043256997456 0.00933786078098472
0 0.8645038167938931 0.2631578947368421 0.008905852417302799 0.010186757215619695
0 0.789440203562341 0.2071307300509338 0.019720101781170483 0.01697792869269949
0 0.7900763358778626 0.24108658743633277 0.019720101781170483 0.013582342954159592
0 0.7423664122137404 0.20203735144312393 0.015267175572519083 0.012733446519524618
0 0.49236641221374045 0.21222410865874364 0.02862595419847328 0.017826825127334467
0 0.9077608142493638 0.18590831918505943 0.023536895674300253 0.014431239388794566
0 0.8880407124681934 0.20882852292020374 0.013358778625954198 0.008488964346349746
0 0.8002544529262087 0.3862478777589134 0.02544529262086514 0.021222410865874362
0 0.7856234096692112 0.4134125636672326 0.023536895674300253 0.019524617996604415
0 0.7309160305343512 0.398981324278438 0.02544529262086514 0.019524617996604415
0 0.7779898218829516 0.4541595925297114 0.01717557251908397 0.016129032258064516
0 0.6774809160305344 0.45161290322580644 0.02480916030534351 0.017826825127334467
0 0.7340966921119593 0.49745331069609505 0.019083969465648856 0.013582342954159592
0 0.5025445292620865 0.4244482173174873 0.019083969465648856 0.016129032258064516
0 0.4535623409669211 0.4057724957555178 0.022900763358778626 0.022071307300509338
0 0.6482188295165394 0.6264855687606112 0.019720101781170483 0.014431239388794566
0 0.5241730279898219 0.6502546689303905 0.01717557251908397 0.012733446519524618
0 0.5527989821882952 0.19439728353140917 0.03625954198473282 0.028862478777589132
0 0.5407124681933843 0.23174872665534804 0.02989821882951654 0.02631578947368421
0 0.5674300254452926 0.16383701188455008 0.02608142493638677 0.01867572156196944
0 0.5006361323155216 0.17147707979626486 0.024173027989821884 0.01867572156196944
0 0.4707379134860051 0.1867572156196944 0.029262086513994912 0.02037351443123939
0 0.4821882951653944 0.1468590831918506 0.03307888040712468 0.022071307300509338