0 0.2395621181262729 0.43410326086956524 0.010692464358452138 0.01154891304347826
0 0.2359979633401222 0.4266304347826087 0.010183299389002037 0.010869565217391304
0 0.27876782077393075 0.39028532608695654 0.020366598778004074 0.021739130434782608
0 0.3406313645621181 0.39164402173913043 0.01985743380855397 0.021059782608695652
0 0.1934826883910387 0.5383831521739131 0.014256619144602852 0.014945652173913044
0 0.269857433808554 0.5040760869565217 0.021384928716904276 0.022418478260869564
0 0.17311608961303462 0.4898097826086957 0.011710794297352342 0.012228260869565218
0 0.18024439918533605 0.4789402173913043 0.012729124236252547 0.012907608695652174
0 0.18533604887983707 0.4592391304347826 0.014765784114052953 0.015625
0 0.14587576374745417 0.49898097826086957 0.016293279022403257 0.016983695652173912
0 0.12270875763747455 0.53125 0.012219959266802444 0.012907608695652174
0 0.14231160896130346 0.5319293478260869 0.014765784114052953 0.015625
0 0.16013238289205703 0.5431385869565217 0.012219959266802444 0.012907608695652174
0 0.16522403258655805 0.5383831521739131 0.017820773930753563 0.019021739130434784
0 0.5929226069246436 0.5743885869565217 0.018329938900203666 0.019021739130434784
0 0.5672097759674134 0.5509510869565217 0.017311608961303463 0.017663043478260868
0 0.5776476578411406 0.5360054347826086 0.013238289205702648 0.01358695652173913
0 0.5577902240325866 0.5400815217391305 0.014256619144602852 0.014945652173913044
0 0.8304480651731161 0.41847826086956524 0.014765784114052953 0.015625
0 0.8077902240325866 0.46603260869565216 0.012219959266802444 0.012228260869565218
0 0.7790224032586558 0.4476902173913043 0.01374745417515275 0.014945652173913044
0 0.8653258655804481 0.5027173913043478 0.018329938900203666 0.019021739130434784
0 0.5715376782077393 0.18885869565217392 0.01120162932790224 0.01154891304347826
0 0.4791242362525458 0.21773097826086957 0.012729124236252547 0.012907608695652174
0 0.530295315682281 0.13349184782608695 0.01120162932790224 0.01154891304347826
0 0.6025967413441955 0.12839673913043478 0.012219959266802444 0.012228260869565218
0 0.5911405295315683 0.10835597826086957 0.012219959266802444 0.012228260869565218
0 0.6326374745417516 0.1688179347826087 0.015784114052953158 0.016983695652173912
0 0.669806517311609 0.22112771739130435 0.012219959266802444 0.012228260869565218
0 0.4409368635437882 0.39334239130434784 0.01120162932790224 0.01154891304347826
0 0.4134419551934827 0.4436141304347826 0.010183299389002037 0.010869565217391304
0 0.3956211812627291 0.30910326086956524 0.01374745417515275 0.014945652173913044
0 0.36074338085539714 0.33695652173913043 0.015784114052953158 0.016983695652173912
0 0.3724541751527495 0.3576766304347826 0.01680244399185336 0.017663043478260868
0 0.36176171079429736 0.29891304347826086 0.012729124236252547 0.012907608695652174
0 0.33859470468431774 0.305366847826087 0.012219959266802444 0.012228260869565218
0 0.33706720977596744 0.3468070652173913 0.010692464358452138 0.01154891304347826
0 0.34979633401221993 0.3451086956521739 0.022912423625254582 0.02377717391304348
0 0.31186354378818737 0.366508152173913 0.017311608961303463 0.018342391304347828
0 0.3620162932790224 0.3671875 0.012729124236252547 0.012907608695652174
0 0.3765274949083503 0.39809782608695654 0.010692464358452138 0.01154891304347826
0 0.3564154786150713 0.4110054347826087 0.01680244399185336 0.017663043478260868
0 0.4241344195519348 0.5023777173913043 0.010183299389002037 0.010869565217391304
0 0.4170061099796334 0.5020380434782609 0.010183299389002037 0.010869565217391304
0 0.4203156822810591 0.5030570652173914 0.02240325865580448 0.02309782608695652
0 0.5096741344195519 0.5985054347826086 0.01120162932790224 0.01154891304347826
0 0.5557535641547862 0.5706521739130435 0.01374745417515275 0.014266304347826086
0 0.4839613034623218 0.6508152173913043 0.014256619144602852 0.014945652173913044
0 0.4325356415478615 0.6552309782608695 0.014765784114052953 0.015625
0 0.40274949083503053 0.5832201086956522 0.012729124236252547 0.012907608695652174
0 0.3739816700610998 0.623641304347826 0.011710794297352342 0.012228260869565218
0 0.3518329938900204 0.5618206521739131 0.011710794297352342 0.012228260869565218
0 0.36227087576374745 0.5652173913043478 0.012219959266802444 0.012907608695652174
0 0.33783095723014256 0.4976222826086957 0.017820773930753563 0.019021739130434784
0 0.3174643584521385 0.5105298913043478 0.012219959266802444 0.012228260869565218
0 0.34419551934826886 0.4830163043478261 0.01680244399185336 0.017663043478260868
0 0.28665987780040736 0.49184782608695654 0.019348268839103868 0.021059782608695652
0 0.22454175152749492 0.44157608695652173 0.010183299389002037 0.01154891304347826
0 0.2904786150712831 0.4296875 0.009674134419551934 0.010869565217391304
0 0.24719959266802444 0.33559782608695654 0.019348268839103868 0.020380434782608696
0 0.24338085539714868 0.3451086956521739 0.017311608961303463 0.018342391304347828
0 0.23370672097759673 0.3451086956521739 0.018329938900203666 0.019021739130434784
0 0.18304480651731161 0.40964673913043476 0.012219959266802444 0.012228260869565218
0 0.1934826883910387 0.4127038043478261 0.013238289205702648 0.01358695652173913
0 0.12907331975560082 0.4453125 0.012219959266802444 0.012228260869565218
0 0.12881873727087575 0.4555027173913043 0.008655804480651732 0.009510869565217392
0 0.15962321792260692 0.4673913043478261 0.008655804480651732 0.009510869565217392
0 0.15809572301425662 0.4718070652173913 0.008655804480651732 0.008831521739130434
0 0.16165987780040733 0.47995923913043476 0.008655804480651732 0.009510869565217392
0 0.1560590631364562 0.4796195652173913 0.007128309572301426 0.007472826086956522
0 0.13416496945010184 0.43240489130434784 0.010183299389002037 0.010869565217391304
0 0.14078411405295316 0.42764945652173914 0.009164969450101833 0.009510869565217392
0 0.14383910386965376 0.421195652173913 0.010692464358452138 0.01154891304347826
0 0.23828920570264767 0.5152853260869565 0.023930753564154784 0.025135869565217392
0 0.2858961303462322 0.5526494565217391 0.020875763747454174 0.021739130434782608
0 0.24287169042769857 0.5740489130434783 0.010183299389002037 0.010869565217391304
0 0.23574338085539714 0.5730298913043478 0.008146639511201629 0.008831521739130434
0 0.3070264765784114 0.6046195652173914 0.010692464358452138 0.01154891304347826
0 0.31313645621181263 0.5920516304347826 0.01120162932790224 0.01154891304347826
0 0.355142566191446 0.6552309782608695 0.009164969450101833 0.010190217391304348
0 0.31466395112016293 0.6817255434782609 0.011710794297352342 0.012228260869565218
0 0.42769857433808556 0.7085597826086957 0.012729124236252547 0.012907608695652174
0 0.3890020366598778 0.8828125 0.008146639511201629 0.008831521739130434
0 0.3844195519348269 0.8766983695652174 0.010183299389002037 0.01154891304347826
0 0.37830957230142565 0.8743206521739131 0.010183299389002037 0.01154891304347826
0 0.37321792260692466 0.8824728260869565 0.010183299389002037 0.010869565217391304
0 0.3719450101832994 0.8726222826086957 0.008146639511201629 0.008831521739130434
0 0.3635437881873727 0.860733695652174 0.009674134419551934 0.010190217391304348
0 0.3566700610997963 0.8631114130434783 0.010692464358452138 0.01154891304347826
0 0.36787169042769857 0.7992527173913043 0.012729124236252547 0.012907608695652174
0 0.3434317718940937 0.8053668478260869 0.010692464358452138 0.01154891304347826
0 0.2836048879837067 0.6875 0.012729124236252547 0.012907608695652174
0 0.2685845213849287 0.6942934782608695 0.009164969450101833 0.010190217391304348
0 0.23930753564154786 0.6902173913043478 0.010183299389002037 0.01154891304347826
0 0.27622199592668023 0.7139945652173914 0.014765784114052953 0.015625
0 0.21792260692464357 0.6701766304347826 0.012729124236252547 0.012907608695652174
0 0.21919551934826884 0.6266983695652174 0.010183299389002037 0.010869565217391304
0 0.24643584521384929 0.6243206521739131 0.01120162932790224 0.01154891304347826
0 0.1446028513238289 0.5798233695652174 0.014765784114052953 0.015625
0 0.14078411405295316 0.5679347826086957 0.009674134419551934 0.010190217391304348
0 0.12780040733197556 0.5570652173913043 0.008146639511201629 0.008831521739130434
0 0.13747454175152748 0.5516304347826086 0.009164969450101833 0.010190217391304348
0 0.13289205702647658 0.5523097826086957 0.009674134419551934 0.010190217391304348
0 0.09775967413441955 0.5159646739130435 0.03207739307535642 0.034646739130434784
0 0.08477596741344195 0.499320652173913 0.03004073319755601 0.03260869565217391
0 0.08630346232179226 0.48845108695652173 0.0274949083503055 0.028532608695652172
0 0.12296334012219959 0.48879076086956524 0.012219959266802444 0.012228260869565218
0 0.11176171079429735 0.483695652173913 0.012729124236252547 0.01358695652173913
0 0.11023421588594705 0.46365489130434784 0.007637474541751527 0.008152173913043478
0 0.1318737270875764 0.5146059782608695 0.010692464358452138 0.01154891304347826
0 0.12169042769857434 0.506453804347826 0.012219959266802444 0.012907608695652174
0 0.12118126272912423 0.5125679347826086 0.010692464358452138 0.01154891304347826
0 0.11303462321792261 0.5118885869565217 0.010692464358452138 0.01154891304347826
0 0.6359470468431772 0.4704483695652174 0.015784114052953158 0.016983695652173912
0 0.6420570264765784 0.4830163043478261 0.014256619144602852 0.014945652173913044
0 0.280040733197556 0.32302989130434784 0.021384928716904276 0.022418478260869564
0 0.32510183299389 0.33559782608695654 0.015274949083503055 0.016304347826086956
0 0.33070264765784113 0.33016304347826086 0.017820773930753563 0.019021739130434784
0 0.32408350305498984 0.28804347826086957 0.016293279022403257 0.016983695652173912
0 0.33834012219959264 0.3804347826086957 0.02189409368635438 0.02309782608695652
0 0.33324847250509165 0.36922554347826086 0.022912423625254582 0.02377717391304348
0 0.36710794297352345 0.45210597826086957 0.02240325865580448 0.02377717391304348
0 0.2591649694501018 0.548233695652174 0.020875763747454174 0.022418478260869564
0 0.2629837067209776 0.5645380434782609 0.023421588594704685 0.025135869565217392