0 0.07441737288135593 0.9219632768361582 0.018538135593220338 0.02754237288135593
0 0.0903072033898305 0.841454802259887 0.018538135593220338 0.02754237288135593
0 0.08183262711864407 0.8622881355932204 0.0211864406779661 0.029661016949152543
0 0.2121292372881356 0.9332627118644068 0.022245762711864406 0.031073446327683617
0 0.18352754237288135 0.9247881355932204 0.018008474576271187 0.028954802259887006
0 0.20153601694915255 0.8866525423728814 0.024364406779661018 0.03672316384180791
0 0.1504237288135593 0.9120762711864406 0.023305084745762712 0.036016949152542374
0 0.2441737288135593 0.9600988700564972 0.023834745762711863 0.03531073446327684
0 0.2849576271186441 0.9357344632768362 0.025423728813559324 0.03742937853107345
0 0.3146186440677966 0.903954802259887 0.024364406779661018 0.03036723163841808
0 0.3779131355932203 0.8965395480225988 0.019597457627118644 0.03036723163841808
0 0.4684851694915254 0.9593926553672316 0.02065677966101695 0.028954802259887006
0 0.4340572033898305 0.8524011299435028 0.021716101694915255 0.033192090395480225
0 0.4284957627118644 0.8188559322033898 0.023305084745762712 0.0346045197740113
0 0.5090042372881356 0.9067796610169492 0.023834745762711863 0.03177966101694915
0 0.5476694915254238 0.8873587570621468 0.025423728813559324 0.026129943502824857
0 0.5630296610169492 0.9050141242937854 0.022245762711864406 0.031073446327683617
0 0.5413135593220338 0.923728813559322 0.025953389830508475 0.03248587570621469
0 0.5235699152542372 0.96045197740113 0.02065677966101695 0.02824858757062147
0 0.5876588983050848 0.9788135593220338 0.022245762711864406 0.02754237288135593
0 0.6106991525423728 0.990819209039548 0.024364406779661018 0.018361581920903956
0 0.6710805084745762 0.9925847457627118 0.022245762711864406 0.014830508474576272
0 0.6880296610169492 0.992231638418079 0.018008474576271187 0.015536723163841809
0 0.8257415254237288 0.9971751412429378 0.0211864406779661 0.005649717514124294
0 0.8260063559322034 0.995409604519774 0.021716101694915255 0.009180790960451978
0 0.8040254237288136 0.870409604519774 0.02489406779661017 0.02824858757062147
0 0.7966101694915254 0.894774011299435 0.02489406779661017 0.029661016949152543
0 0.8191207627118644 0.7976694915254238 0.021716101694915255 0.03036723163841808
0 0.7915783898305084 0.784957627118644 0.018008474576271187 0.02401129943502825
0 0.6533368644067796 0.6945621468926554 0.028072033898305086 0.02824858757062147
0 0.621822033898305 0.7281073446327684 0.022775423728813558 0.029661016949152543
0 0.607521186440678 0.7065677966101694 0.022775423728813558 0.03036723163841808
0 0.5270127118644068 0.7627118644067796 0.02754237288135593 0.03954802259887006
0 0.5127118644067796 0.8057909604519774 0.026483050847457626 0.033192090395480225
0 0.4502118644067797 0.7436440677966102 0.023305084745762712 0.02824858757062147
0 0.4282309322033898 0.7715395480225988 0.025953389830508475 0.0346045197740113
0 0.4102224576271186 0.7510593220338984 0.03283898305084746 0.03672316384180791
0 0.3726165254237288 0.7521186440677966 0.023305084745762712 0.028954802259887006
0 0.3620233050847458 0.8305084745762712 0.022775423728813558 0.029661016949152543
0 0.3458686440677966 0.818502824858757 0.022775423728813558 0.029661016949152543
0 0.1159957627118644 0.5130649717514124 0.025953389830508475 0.036016949152542374
0 0.2018008474576271 0.4537429378531073 0.03389830508474576 0.03248587570621469
0 0.1872351694915254 0.4784604519774011 0.02754237288135593 0.03177966101694915
0 0.2979343220338983 0.4834039548022599 0.021716101694915255 0.029661016949152543
0 0.3188559322033898 0.4795197740112994 0.02913135593220339 0.03248587570621469
0 0.3114406779661017 0.513771186440678 0.026483050847457626 0.03531073446327684
0 0.2772775423728814 0.4396186440677966 0.025953389830508475 0.03389830508474576
0 0.2497351694915254 0.4650423728813559 0.02754237288135593 0.03248587570621469
0 0.2860169491525424 0.6793785310734464 0.02913135593220339 0.03672316384180791
0 0.3583156779661017 0.66454802259887 0.025953389830508475 0.031073446327683617
0 0.3556673728813559 0.5646186440677966 0.022775423728813558 0.02824858757062147
0 0.3956567796610169 0.5614406779661016 0.022775423728813558 0.02401129943502825
0 0.3882415254237288 0.6027542372881356 0.021716101694915255 0.03036723163841808
0 0.4390889830508475 0.623587570621469 0.022245762711864406 0.02754237288135593
0 0.4345868644067797 0.653954802259887 0.030190677966101694 0.03389830508474576
0 0.4629237288135593 0.6366525423728814 0.022775423728813558 0.03036723163841808
0 0.4663665254237288 0.5543785310734464 0.023834745762711863 0.031073446327683617
0 0.4909957627118644 0.6373587570621468 0.023305084745762712 0.029661016949152543
0 0.506885593220339 0.6592514124293786 0.023305084745762712 0.031073446327683617
0 0.5217161016949152 0.580861581920904 0.02065677966101695 0.026129943502824857
0 0.6739936440677966 0.4784604519774011 0.024364406779661018 0.03036723163841808
0 0.696239406779661 0.4343220338983051 0.02701271186440678 0.03177966101694915
0 0.4849046610169492 0.403954802259887 0.023305084745762712 0.02754237288135593
0 0.4364406779661017 0.3802966101694915 0.0323093220338983 0.03672316384180791
0 0.4051906779661017 0.4805790960451977 0.022775423728813558 0.028954802259887006
0 0.0903072033898305 0.1931497175141243 0.025423728813559324 0.033192090395480225
0 0.08739406779661017 0.12323446327683615 0.02754237288135593 0.03036723163841808
0 0.08871822033898305 0.0759180790960452 0.024364406779661018 0.02754237288135593
0 0.0903072033898305 0.05826271186440678 0.02913135593220339 0.029661016949152543
0 0.07971398305084745 0.09675141242937853 0.022245762711864406 0.0211864406779661
0 0.05481991525423729 0.0759180790960452 0.02754237288135593 0.0346045197740113
0 0.034427966101694914 0.08403954802259887 0.02913135593220339 0.03672316384180791
0 0.03389830508474576 0.02754237288135593 0.024364406779661018 0.025423728813559324
0 0.031514830508474576 0.0035310734463276836 0.022775423728813558 0.007062146892655367
0 0.18591101694915255 0.01059322033898305 0.0211864406779661 0.0211864406779661
0 0.20603813559322035 0.0480225988700565 0.026483050847457626 0.02824858757062147
0 0.2515889830508475 0.10557909604519775 0.03336864406779661 0.028954802259887006
0 0.3191207627118644 0.013064971751412429 0.02489406779661017 0.026129943502824857
0 0.3678495762711864 0.04449152542372881 0.020127118644067795 0.03036723163841808
0 0.3789724576271186 0.009533898305084746 0.019597457627118644 0.019067796610169493
0 0.3530190677966102 0.006355932203389831 0.02065677966101695 0.012711864406779662
0 0.4367055084745763 0.0836864406779661 0.021716101694915255 0.02754237288135593
0 0.4184322033898305 0.1740819209039548 0.02065677966101695 0.02401129943502825
0 0.5055614406779662 0.06002824858757062 0.02701271186440678 0.029661016949152543
0 0.5211864406779662 0.1518361581920904 0.024364406779661018 0.03389830508474576
0 0.7044491525423728 0.2976694915254237 0.022245762711864406 0.02824858757062147
0 0.3344809322033898 0.3644067796610169 0.02913135593220339 0.03672316384180791
0 0.2820444915254237 0.245409604519774 0.023305084745762712 0.026836158192090395
0 0.2974046610169492 0.2800141242937853 0.028072033898305086 0.031073446327683617