0 0.16537610619469026 0.7448377581120944 0.01327433628318584 0.02064896755162242
0 0.14601769911504425 0.7020648967551623 0.008849557522123894 0.014011799410029498
0 0.2079646017699115 0.7470501474926253 0.012721238938053098 0.016224188790560472
0 0.2345132743362832 0.7676991150442478 0.012721238938053098 0.01327433628318584
0 0.2555309734513274 0.8215339233038348 0.012721238938053098 0.011799410029498525
0 0.2361725663716814 0.6784660766961652 0.012168141592920354 0.015486725663716814
0 0.13274336283185842 0.9078171091445427 0.010508849557522125 0.015486725663716814
0 0.31526548672566373 0.7492625368731564 0.01327433628318584 0.018436578171091445
0 0.16648230088495575 0.23820058997050148 0.014933628318584071 0.017699115044247787
0 0.1720132743362832 0.20501474926253688 0.025442477876106196 0.028761061946902654
0 0.2372787610619469 0.2809734513274336 0.030973451327433628 0.03982300884955752
0 0.19690265486725664 0.27359882005899705 0.016592920353982302 0.024336283185840708
0 0.19800884955752213 0.23377581120943952 0.020464601769911505 0.02728613569321534
0 0.11670353982300885 0.15486725663716813 0.012721238938053098 0.014011799410029498
0 0.13716814159292035 0.16371681415929204 0.00995575221238938 0.012536873156342183
0 0.14657079646017698 0.15191740412979352 0.008296460176991151 0.008849557522123894
0 0.11780973451327434 0.1290560471976401 0.010508849557522125 0.012536873156342183
0 0.13661504424778761 0.13126843657817108 0.00995575221238938 0.01327433628318584
0 0.14767699115044247 0.12831858407079647 0.009402654867256638 0.01032448377581121
0 0.17643805309734514 0.1762536873156342 0.013827433628318585 0.018436578171091445
0 0.22013274336283187 0.15265486725663716 0.012721238938053098 0.015486725663716814
0 0.23561946902654868 0.14749262536873156 0.015486725663716814 0.02064896755162242
0 0.14103982300884957 0.015486725663716814 0.012721238938053098 0.014011799410029498
0 0.15763274336283187 0.017699115044247787 0.011061946902654867 0.014749262536873156
0 0.16758849557522124 0.014011799410029498 0.011061946902654867 0.014749262536873156
0 0.1913716814159292 0.004056047197640118 0.011061946902654867 0.008112094395280236
0 0.12168141592920353 0.0025811209439528023 0.00995575221238938 0.005162241887905605
0 0.230641592920354 0.021386430678466076 0.010508849557522125 0.011799410029498525
0 0.22676991150442477 0.05088495575221239 0.00995575221238938 0.011799410029498525
0 0.21626106194690264 0.06415929203539823 0.010508849557522125 0.015486725663716814
0 0.10398230088495575 0.07817109144542773 0.011615044247787611 0.012536873156342183
0 0.1084070796460177 0.06489675516224189 0.010508849557522125 0.011061946902654867
0 0.10453539823008849 0.05309734513274336 0.007190265486725664 0.009587020648967551
0 0.11670353982300885 0.025073746312684365 0.007190265486725664 0.008112094395280236
0 0.1084070796460177 0.1887905604719764 0.008296460176991151 0.01032448377581121
0 0.11504424778761062 0.2411504424778761 0.008296460176991151 0.008849557522123894
0 0.1277654867256637 0.23008849557522124 0.011061946902654867 0.014011799410029498
0 0.16758849557522124 0.2603244837758112 0.018805309734513276 0.022861356932153392
0 0.14657079646017698 0.4557522123893805 0.00995575221238938 0.011799410029498525
0 0.09292035398230089 0.46828908554572274 0.00995575221238938 0.014011799410029498
0 0.09900442477876106 0.45722713864306785 0.008296460176991151 0.011061946902654867
0 0.15873893805309736 0.46828908554572274 0.007190265486725664 0.011061946902654867
0 0.20077433628318583 0.45722713864306785 0.008296460176991151 0.011061946902654867
0 0.19247787610619468 0.43805309734513276 0.010508849557522125 0.012536873156342183
0 0.1570796460176991 0.43805309734513276 0.009402654867256638 0.011799410029498525
0 0.10564159292035398 0.5685840707964602 0.012721238938053098 0.012536873156342183
0 0.12831858407079647 0.5693215339233039 0.009402654867256638 0.014011799410029498
0 0.12278761061946902 0.5833333333333334 0.007743362831858407 0.011061946902654867
0 0.17146017699115043 0.5715339233038348 0.007190265486725664 0.008849557522123894
0 0.1570796460176991 0.581858407079646 0.014933628318584071 0.01696165191740413
0 0.14878318584070796 0.6047197640117994 0.008849557522123894 0.01327433628318584
0 0.1084070796460177 0.551622418879056 0.008296460176991151 0.012536873156342183
0 0.10674778761061947 0.7691740412979351 0.007190265486725664 0.011061946902654867
0 0.11504424778761062 0.778023598820059 0.007190265486725664 0.011061946902654867
0 0.18971238938053098 0.7853982300884956 0.014933628318584071 0.017699115044247787
0 0.1609513274336283 0.7647492625368731 0.011615044247787611 0.014011799410029498
0 0.1709070796460177 0.6991150442477876 0.00995575221238938 0.011061946902654867
0 0.12555309734513273 0.6792035398230089 0.010508849557522125 0.011799410029498525
0 0.13108407079646017 0.6880530973451328 0.011061946902654867 0.011799410029498525
0 0.1338495575221239 0.9247787610619469 0.012168141592920354 0.01696165191740413
0 0.1886061946902655 0.8451327433628318 0.008849557522123894 0.014749262536873156
0 0.22511061946902655 0.8089970501474927 0.007190265486725664 0.011799410029498525
0 0.1709070796460177 0.831858407079646 0.007190265486725664 0.014011799410029498
0 0.1504424778761062 0.8222713864306784 0.010508849557522125 0.01327433628318584
0 0.14767699115044247 0.7927728613569321 0.011615044247787611 0.016224188790560472
0 0.26603982300884954 0.859882005899705 0.012168141592920354 0.011799410029498525
0 0.2920353982300885 0.8532448377581121 0.009402654867256638 0.014011799410029498
0 0.30254424778761063 0.8790560471976401 0.008296460176991151 0.011799410029498525
0 0.30033185840707965 0.9019174041297935 0.011061946902654867 0.014011799410029498
0 0.19358407079646017 0.8761061946902655 0.007190265486725664 0.01032448377581121
0 0.26327433628318586 0.803834808259587 0.00995575221238938 0.014011799410029498
0 0.2472345132743363 0.7293510324483776 0.012721238938053098 0.01696165191740413
0 0.2881637168141593 0.6799410029498525 0.008849557522123894 0.011799410029498525
0 0.26327433628318586 0.693952802359882 0.009402654867256638 0.011061946902654867
0 0.22123893805309736 0.6474926253687315 0.01327433628318584 0.01991150442477876
0 0.2665929203539823 0.6430678466076696 0.00995575221238938 0.014011799410029498
0 0.2688053097345133 0.6224188790560472 0.010508849557522125 0.012536873156342183
0 0.25110619469026546 0.6194690265486725 0.011061946902654867 0.014749262536873156
0 0.24834070796460178 0.44542772861356933 0.00995575221238938 0.014011799410029498
0 0.24834070796460178 0.4609144542772861 0.011061946902654867 0.014011799410029498
0 0.2372787610619469 0.4247787610619469 0.012721238938053098 0.016224188790560472
0 0.26603982300884954 0.3812684365781711 0.019358407079646017 0.021386430678466076
0 0.2881637168141593 0.37684365781710916 0.024336283185840708 0.03171091445427729
0 0.2682522123893805 0.33112094395280234 0.023230088495575223 0.022861356932153392
0 0.16261061946902655 0.37315634218289084 0.011615044247787611 0.014011799410029498
0 0.1620575221238938 0.39896755162241887 0.01991150442477876 0.025073746312684365
0 0.24778761061946902 0.26843657817109146 0.018805309734513276 0.021386430678466076
0 0.20630530973451328 0.21460176991150443 0.019358407079646017 0.01991150442477876
0 0.2815265486725664 0.308259587020649 0.018805309734513276 0.024336283185840708
0 0.2881637168141593 0.005162241887905605 0.008849557522123894 0.01032448377581121
0 0.271570796460177 0.014749262536873156 0.012721238938053098 0.014749262536873156
0 0.37831858407079644 0.11578171091445427 0.01991150442477876 0.02728613569321534
0 0.3915929203539823 0.21238938053097345 0.017146017699115043 0.022861356932153392
0 0.3932522123893805 0.23008849557522124 0.012168141592920354 0.012536873156342183
0 0.3805309734513274 0.2529498525073746 0.029867256637168143 0.03466076696165192
0 0.334070796460177 0.21238938053097345 0.015486725663716814 0.01696165191740413
0 0.33185840707964603 0.19542772861356933 0.007190265486725664 0.011061946902654867
0 0.32632743362831856 0.1851032448377581 0.011615044247787611 0.014011799410029498
0 0.3401548672566372 0.39306784660766964 0.008296460176991151 0.014011799410029498
0 0.30807522123893805 0.38421828908554573 0.02157079646017699 0.025073746312684365
0 0.28373893805309736 0.35176991150442477 0.00995575221238938 0.01327433628318584
0 0.35176991150442477 0.4351032448377581 0.01991150442477876 0.025073746312684365
0 0.3125 0.4269911504424779 0.00995575221238938 0.014011799410029498
0 0.34126106194690264 0.549410029498525 0.018805309734513276 0.01991150442477876
0 0.35951327433628316 0.556047197640118 0.02101769911504425 0.022861356932153392
0 0.38716814159292035 0.5855457227138643 0.01991150442477876 0.025811209439528023
0 0.37168141592920356 0.8067846607669616 0.008296460176991151 0.012536873156342183
0 0.3545353982300885 0.8399705014749262 0.011061946902654867 0.016224188790560472
0 0.4557522123893805 0.9210914454277286 0.012721238938053098 0.014011799410029498
0 0.4651548672566372 0.9336283185840708 0.00995575221238938 0.014011799410029498
0 0.4579646017699115 0.8650442477876106 0.012168141592920354 0.014749262536873156
0 0.4811946902654867 0.8886430678466076 0.008296460176991151 0.012536873156342183
0 0.48285398230088494 0.8429203539823009 0.013827433628318585 0.019174041297935103
0 0.4795353982300885 0.8679941002949852 0.008296460176991151 0.01327433628318584
0 0.459070796460177 0.8023598820058997 0.010508849557522125 0.012536873156342183
0 0.48783185840707965 0.7920353982300885 0.014380530973451327 0.016224188790560472
0 0.40763274336283184 0.7448377581120944 0.007743362831858407 0.008849557522123894
0 0.4258849557522124 0.7817109144542773 0.011061946902654867 0.015486725663716814
0 0.4745575221238938 0.7330383480825958 0.011061946902654867 0.012536873156342183
0 0.5276548672566371 0.6799410029498525 0.010508849557522125 0.01327433628318584
0 0.5425884955752213 0.6688790560471977 0.00995575221238938 0.014011799410029498
0 0.47898230088495575 0.6290560471976401 0.011061946902654867 0.011061946902654867
0 0.5381637168141593 0.6143067846607669 0.008296460176991151 0.01327433628318584
0 0.5348451327433629 0.806047197640118 0.012721238938053098 0.014749262536873156
0 0.5276548672566371 0.775811209439528 0.010508849557522125 0.012536873156342183
0 0.42533185840707965 0.6873156342182891 0.012721238938053098 0.014749262536873156
0 0.3860619469026549 0.616519174041298 0.02267699115044248 0.025073746312684365
0 0.5221238938053098 0.5671091445427728 0.008849557522123894 0.008849557522123894
0 0.4225663716814159 0.5221238938053098 0.019358407079646017 0.02359882005899705
0 0.43307522123893805 0.49336283185840707 0.022123893805309734 0.02359882005899705
0 0.461283185840708 0.441740412979351 0.017699115044247787 0.022123893805309734
0 0.46957964601769914 0.41519174041297935 0.02267699115044248 0.022861356932153392
0 0.4950221238938053 0.40117994100294985 0.023230088495575223 0.025073746312684365
0 0.45464601769911506 0.3746312684365782 0.023230088495575223 0.025073746312684365
0 0.44966814159292035 0.28761061946902655 0.020464601769911505 0.028023598820058997
0 0.4524336283185841 0.24188790560471976 0.02157079646017699 0.028023598820058997
0 0.46957964601769914 0.2750737463126844 0.019358407079646017 0.028023598820058997
0 0.37776548672566373 0.1504424778761062 0.02101769911504425 0.025073746312684365
0 0.38882743362831856 0.08849557522123894 0.01825221238938053 0.022861356932153392
0 0.3672566371681416 0.035398230088495575 0.011615044247787611 0.017699115044247787
0 0.547566371681416 0.17404129793510326 0.014380530973451327 0.016224188790560472
0 0.5359513274336283 0.19542772861356933 0.012721238938053098 0.014011799410029498
0 0.588495575221239 0.3687315634218289 0.011061946902654867 0.014011799410029498
0 0.5625 0.42404129793510326 0.016592920353982302 0.01696165191740413
0 0.5630530973451328 0.39233038348082594 0.011061946902654867 0.012536873156342183
0 0.5857300884955752 0.443952802359882 0.010508849557522125 0.012536873156342183
0 0.6200221238938053 0.4859882005899705 0.012721238938053098 0.015486725663716814
0 0.6178097345132744 0.6128318584070797 0.010508849557522125 0.016224188790560472
0 0.6272123893805309 0.6061946902654868 0.008296460176991151 0.011799410029498525
0 0.5901548672566371 0.5803834808259587 0.012721238938053098 0.014749262536873156
0 0.5768805309734514 0.6194690265486725 0.013827433628318585 0.014011799410029498
0 0.514933628318584 0.5803834808259587 0.011061946902654867 0.012536873156342183
0 0.5835176991150443 0.6733038348082596 0.011061946902654867 0.012536873156342183
0 0.610066371681416 0.6622418879056047 0.012168141592920354 0.012536873156342183
0 0.6178097345132744 0.6873156342182891 0.008296460176991151 0.011061946902654867
0 0.5298672566371682 0.8746312684365781 0.015486725663716814 0.01696165191740413
0 0.5099557522123894 0.9019174041297935 0.007190265486725664 0.009587020648967551
0 0.6061946902654868 0.9019174041297935 0.008296460176991151 0.014749262536873156
0 0.5846238938053098 0.948377581120944 0.010508849557522125 0.01327433628318584
0 0.6144911504424779 0.9454277286135693 0.014933628318584071 0.014011799410029498
0 0.6404867256637168 0.9535398230088495 0.012721238938053098 0.01696165191740413
0 0.6471238938053098 0.9070796460176991 0.014933628318584071 0.019174041297935103
0 0.6216814159292036 0.9292035398230089 0.00995575221238938 0.011799410029498525
0 0.6664823008849557 0.8473451327433629 0.008849557522123894 0.011061946902654867
0 0.6432522123893806 0.862094395280236 0.008296460176991151 0.012536873156342183
0 0.6731194690265486 0.9778761061946902 0.014933628318584071 0.01991150442477876
0 0.6775442477876106 0.9174041297935103 0.011061946902654867 0.015486725663716814
0 0.7356194690265486 0.9299410029498525 0.011061946902654867 0.014011799410029498
0 0.7278761061946902 0.9623893805309734 0.02101769911504425 0.029498525073746312
0 0.7533185840707964 0.9653392330383481 0.012168141592920354 0.014749262536873156
0 0.5973451327433629 0.806047197640118 0.011061946902654867 0.015486725663716814
0 0.7317477876106194 0.7662241887905604 0.013827433628318585 0.01696165191740413
0 0.7361725663716814 0.7374631268436578 0.012721238938053098 0.014011799410029498
0 0.7184734513274337 0.754424778761062 0.012168141592920354 0.015486725663716814
0 0.6498893805309734 0.7072271386430679 0.011061946902654867 0.012536873156342183
0 0.6902654867256637 0.7323008849557522 0.011061946902654867 0.015486725663716814
0 0.6487831858407079 0.7374631268436578 0.012168141592920354 0.015486725663716814
0 0.6581858407079646 0.6474926253687315 0.016039823008849558 0.016224188790560472
0 0.6731194690265486 0.36430678466076694 0.011061946902654867 0.01327433628318584
0 0.7505530973451328 0.362094395280236 0.014933628318584071 0.016224188790560472
0 0.6332964601769911 0.015486725663716814 0.010508849557522125 0.016224188790560472
0 0.6543141592920354 0.01696165191740413 0.011615044247787611 0.014011799410029498
0 0.853429203539823 0.01696165191740413 0.017699115044247787 0.025073746312684365
0 0.8290929203539823 0.018436578171091445 0.012168141592920354 0.01696165191740413
0 0.831858407079646 0.04056047197640118 0.018805309734513276 0.021386430678466076
0 0.8473451327433629 0.05825958702064897 0.00995575221238938 0.011061946902654867
0 0.8119469026548672 0.07374631268436578 0.012721238938053098 0.012536873156342183
0 0.834070796460177 0.1430678466076696 0.011615044247787611 0.01696165191740413
0 0.8158185840707964 0.168141592920354 0.012168141592920354 0.017699115044247787
0 0.8036504424778761 0.18067846607669616 0.009402654867256638 0.015486725663716814
0 0.7997787610619469 0.15339233038348082 0.015486725663716814 0.01991150442477876
0 0.7986725663716814 0.2728613569321534 0.00995575221238938 0.015486725663716814
0 0.7887168141592921 0.26548672566371684 0.011615044247787611 0.014749262536873156
0 0.838495575221239 0.3480825958702065 0.013827433628318585 0.016224188790560472
0 0.7831858407079646 0.5759587020648967 0.008849557522123894 0.011799410029498525
0 0.8053097345132744 0.6666666666666666 0.012168141592920354 0.015486725663716814
0 0.7809734513274337 0.7713864306784661 0.012168141592920354 0.014011799410029498
0 0.8484513274336283 0.7831858407079646 0.007190265486725664 0.011799410029498525
0 0.8396017699115044 0.782448377581121 0.00995575221238938 0.015486725663716814
0 0.8938053097345132 0.6932153392330384 0.009402654867256638 0.011799410029498525
0 0.8799778761061947 0.7765486725663717 0.008849557522123894 0.014011799410029498
0 0.8772123893805309 0.8082595870206489 0.015486725663716814 0.018436578171091445
0 0.8639380530973452 0.799410029498525 0.010508849557522125 0.014749262536873156
0 0.8949115044247787 0.7853982300884956 0.008849557522123894 0.015486725663716814
0 0.9137168141592921 0.7920353982300885 0.015486725663716814 0.022861356932153392
0 0.8733407079646017 0.7463126843657817 0.011615044247787611 0.01696165191740413
0 0.8733407079646017 0.7603244837758112 0.008849557522123894 0.012536873156342183
0 0.9032079646017699 0.7300884955752213 0.008296460176991151 0.011061946902654867
0 0.8434734513274337 0.8421828908554573 0.012721238938053098 0.014011799410029498
0 0.8230088495575221 0.8237463126843658 0.012168141592920354 0.014749262536873156
0 0.8069690265486725 0.8613569321533924 0.008849557522123894 0.015486725663716814
0 0.7981194690265486 0.8606194690265486 0.008296460176991151 0.01327433628318584
0 0.7776548672566371 0.8458702064896755 0.011061946902654867 0.015486725663716814
0 0.8501106194690266 0.9026548672566371 0.012721238938053098 0.017699115044247787
0 0.8213495575221239 0.8915929203539823 0.00995575221238938 0.011799410029498525
0 0.7765486725663717 0.9019174041297935 0.00995575221238938 0.011799410029498525
0 0.8069690265486725 0.9284660766961652 0.011615044247787611 0.014011799410029498
0 0.8783185840707964 0.9336283185840708 0.012721238938053098 0.012536873156342183
0 0.853429203539823 0.9520648967551623 0.013827433628318585 0.016224188790560472
0 0.8396017699115044 0.967551622418879 0.012168141592920354 0.014749262536873156
0 0.8761061946902655 0.9609144542772862 0.00995575221238938 0.011799410029498525
0 0.8069690265486725 0.9638643067846607 0.008849557522123894 0.011061946902654867
0 0.8257743362831859 0.9682890855457227 0.014933628318584071 0.018436578171091445
0 0.7970132743362832 0.9690265486725663 0.011061946902654867 0.014011799410029498
0 0.7826327433628318 0.9210914454277286 0.017699115044247787 0.019174041297935103
0 0.8008849557522124 0.9129793510324484 0.008849557522123894 0.011061946902654867
0 0.896570796460177 0.9373156342182891 0.008296460176991151 0.008849557522123894
0 0.8921460176991151 0.9476401179941003 0.009402654867256638 0.014011799410029498
0 0.9175884955752213 0.9336283185840708 0.008849557522123894 0.01327433628318584
0 0.9142699115044248 0.9100294985250738 0.013827433628318585 0.016224188790560472
0 0.9247787610619469 0.9469026548672567 0.011615044247787611 0.014749262536873156
0 0.9546460176991151 0.9269911504424779 0.023230088495575223 0.028761061946902654
0 0.952433628318584 0.915929203539823 0.008296460176991151 0.011799410029498525
0 0.9563053097345132 0.9336283185840708 0.006084070796460177 0.009587020648967551
0 0.9762168141592921 0.9240412979351033 0.008849557522123894 0.014011799410029498
0 0.9834070796460177 0.8938053097345132 0.009402654867256638 0.014011799410029498
0 0.9861725663716814 0.8709439528023599 0.013827433628318585 0.018436578171091445
0 0.9723451327433629 0.8635693215339233 0.012721238938053098 0.018436578171091445
0 0.9469026548672567 0.8443952802359882 0.017146017699115043 0.018436578171091445
0 0.9728982300884956 0.8030973451327433 0.00995575221238938 0.014011799410029498
0 0.9480088495575221 0.7971976401179941 0.022123893805309734 0.01696165191740413
0 0.9579646017699115 0.778023598820059 0.00995575221238938 0.014011799410029498
0 0.9950221238938053 0.8053097345132744 0.00995575221238938 0.019174041297935103
0 0.9878318584070797 0.8392330383480826 0.019358407079646017 0.025073746312684365
0 0.9928097345132744 0.8591445427728613 0.012721238938053098 0.018436578171091445
0 0.9745575221238938 0.7123893805309734 0.015486725663716814 0.021386430678466076
0 0.985066371681416 0.5545722713864307 0.008849557522123894 0.012536873156342183
0 0.9980641592920354 0.5586283185840708 0.0038716814159292035 0.022861356932153392
0 0.9800884955752213 0.049410029498525077 0.011615044247787611 0.012536873156342183
0 0.9969579646017699 0.028023598820058997 0.006084070796460177 0.02064896755162242
0 0.9878318584070797 0.06415929203539823 0.018805309734513276 0.019174041297935103
0 0.995575221238938 0.07595870206489676 0.008849557522123894 0.011799410029498525
0 0.985066371681416 0.0855457227138643 0.014380530973451327 0.018436578171091445
0 0.9950221238938053 0.13421828908554573 0.00995575221238938 0.016224188790560472
0 0.9540929203539823 0.2558997050147493 0.008849557522123894 0.014011799410029498
0 0.9712389380530974 0.252212389380531 0.012721238938053098 0.014749262536873156
0 0.9574115044247787 0.21238938053097345 0.009402654867256638 0.01032448377581121
0 0.9834070796460177 0.18067846607669616 0.014933628318584071 0.014011799410029498
0 0.9878318584070797 0.25 0.017146017699115043 0.022123893805309734
0 0.9773230088495575 0.3230088495575221 0.00995575221238938 0.012536873156342183
0 0.9690265486725663 0.336283185840708 0.011061946902654867 0.014749262536873156
0 0.9941924778761062 0.2702802359882006 0.011615044247787611 0.014011799410029498
0 0.9872787610619469 0.28982300884955753 0.009402654867256638 0.014749262536873156
0 0.9905973451327433 0.3797935103244838 0.008849557522123894 0.011799410029498525
0 0.9811946902654868 0.4557522123893805 0.008296460176991151 0.011061946902654867
0 0.4524336283185841 0.6710914454277286 0.00995575221238938 0.011061946902654867
0 0.5547566371681416 0.7743362831858407 0.011061946902654867 0.015486725663716814