0 0.62158203125 0.2877604166666667 0.01904296875 0.027994791666666668
0 0.60107421875 0.298828125 0.01806640625 0.01953125
0 0.5673828125 0.21158854166666666 0.02099609375 0.024739583333333332
0 0.5830078125 0.21158854166666666 0.01708984375 0.022135416666666668
0 0.12353515625 0.84765625 0.0126953125 0.017578125
0 0.14501953125 0.779296875 0.0107421875 0.014973958333333334
0 0.16845703125 0.826171875 0.009765625 0.012369791666666666
0 0.11279296875 0.78515625 0.01025390625 0.013020833333333334
0 0.21484375 0.806640625 0.009765625 0.014322916666666666
0 0.10546875 0.357421875 0.00927734375 0.013020833333333334
0 0.119140625 0.373046875 0.0087890625 0.010416666666666666
0 0.10888671875 0.388671875 0.01025390625 0.011067708333333334
0 0.12255859375 0.3873697916666667 0.009765625 0.012369791666666666
0 0.20166015625 0.3763020833333333 0.0107421875 0.014973958333333334
0 0.20263671875 0.2819010416666667 0.0087890625 0.012369791666666666
0 0.099609375 0.296875 0.01123046875 0.016276041666666668
0 0.0947265625 0.22526041666666666 0.01611328125 0.016927083333333332
0 0.13671875 0.19596354166666666 0.01123046875 0.012369791666666666
0 0.19873046875 0.18880208333333334 0.01318359375 0.012369791666666666
0 0.20751953125 0.12239583333333333 0.01708984375 0.016276041666666668
0 0.146484375 0.16341145833333334 0.013671875 0.013671875
0 0.1259765625 0.14192708333333334 0.0078125 0.009765625
0 0.095703125 0.1640625 0.017578125 0.026041666666666668
0 0.4541015625 0.1953125 0.0087890625 0.013020833333333334
0 0.41845703125 0.16145833333333334 0.013671875 0.013020833333333334
0 0.431640625 0.14192708333333334 0.01123046875 0.01171875
0 0.43505859375 0.15755208333333334 0.0107421875 0.013020833333333334
0 0.4287109375 0.20963541666666666 0.01123046875 0.014973958333333334
0 0.35888671875 0.23502604166666666 0.01318359375 0.013671875
0 0.51318359375 0.134765625 0.009765625 0.013020833333333334
0 0.51806640625 0.12825520833333334 0.0205078125 0.024739583333333332
0 0.533203125 0.1171875 0.0087890625 0.013671875
0 0.537109375 0.13541666666666666 0.01123046875 0.014973958333333334
0 0.55859375 0.11979166666666667 0.02685546875 0.031901041666666664
0 0.62255859375 0.115234375 0.01318359375 0.01953125
0 0.587890625 0.11458333333333333 0.02392578125 0.0234375
0 0.59619140625 0.11393229166666667 0.00634765625 0.011067708333333334
0 0.580078125 0.13932291666666666 0.0244140625 0.026692708333333332
0 0.85302734375 0.11393229166666667 0.0146484375 0.014973958333333334
0 0.87353515625 0.10611979166666667 0.01806640625 0.020833333333333332
0 0.865234375 0.11979166666666667 0.0078125 0.011067708333333334
0 0.88720703125 0.13411458333333334 0.017578125 0.018229166666666668
0 0.87353515625 0.14778645833333334 0.01123046875 0.014973958333333334
0 0.8955078125 0.19205729166666666 0.0185546875 0.022786458333333332
0 0.849609375 0.19205729166666666 0.01953125 0.024088541666666668
0 0.81689453125 0.13802083333333334 0.0146484375 0.014322916666666666
0 0.8017578125 0.13151041666666666 0.0146484375 0.016927083333333332
0 0.79296875 0.2662760416666667 0.01025390625 0.012369791666666666
0 0.8125 0.3001302083333333 0.009765625 0.011067708333333334
0 0.89990234375 0.341796875 0.0087890625 0.01171875
0 0.90869140625 0.22200520833333334 0.0087890625 0.010416666666666666
0 0.90234375 0.4869791666666667 0.0146484375 0.020833333333333332
0 0.82421875 0.4967447916666667 0.009765625 0.010416666666666666
0 0.80029296875 0.4244791666666667 0.01220703125 0.014973958333333334
0 0.7294921875 0.4459635416666667 0.02197265625 0.022786458333333332
0 0.89404296875 0.4537760416666667 0.0126953125 0.014973958333333334
0 0.9013671875 0.40625 0.0146484375 0.013020833333333334
0 0.85791015625 0.4140625 0.013671875 0.013671875
0 0.896484375 0.423828125 0.01025390625 0.013020833333333334
0 0.7763671875 0.8001302083333334 0.01416015625 0.014973958333333334
0 0.80859375 0.796875 0.01318359375 0.011067708333333334
0 0.78955078125 0.7747395833333334 0.0107421875 0.013020833333333334
0 0.77490234375 0.775390625 0.01220703125 0.014973958333333334
0 0.86376953125 0.8118489583333334 0.01025390625 0.012369791666666666
0 0.84326171875 0.8313802083333334 0.01123046875 0.013671875
0 0.82421875 0.8372395833333334 0.01123046875 0.013671875
0 0.7548828125 0.8997395833333334 0.00927734375 0.013671875
0 0.34814453125 0.9036458333333334 0.01123046875 0.013020833333333334
0 0.32568359375 0.9407552083333334 0.01171875 0.014973958333333334
0 0.328125 0.908203125 0.01318359375 0.016276041666666668
0 0.72314453125 0.3795572916666667 0.02197265625 0.025390625
0 0.755859375 0.46484375 0.0185546875 0.0234375
0 0.7763671875 0.4440104166666667 0.0185546875 0.024088541666666668
0 0.537109375 0.4674479166666667 0.01171875 0.014973958333333334
0 0.6552734375 0.7180989583333334 0.0107421875 0.014973958333333334
0 0.67236328125 0.75 0.01123046875 0.016276041666666668
0 0.693359375 0.7604166666666666 0.0146484375 0.018229166666666668
0 0.7021484375 0.8235677083333334 0.01171875 0.016927083333333332
0 0.67724609375 0.8958333333333334 0.01123046875 0.014322916666666666
0 0.66015625 0.91015625 0.01416015625 0.018229166666666668
0 0.71923828125 0.8717447916666666 0.01123046875 0.015625
0 0.73828125 0.7975260416666666 0.0107421875 0.018880208333333332
0 0.76123046875 0.7845052083333334 0.01318359375 0.020182291666666668
0 0.79443359375 0.7350260416666666 0.0107421875 0.016276041666666668
0 0.828125 0.70703125 0.0107421875 0.014973958333333334
0 0.8212890625 0.720703125 0.013671875 0.018229166666666668
0 0.8388671875 0.6809895833333334 0.013671875 0.014973958333333334
0 0.7998046875 0.6158854166666666 0.0166015625 0.022786458333333332
0 0.81494140625 0.62890625 0.01318359375 0.016927083333333332