0 0.8854166666666666 0.3326388888888889 0.016666666666666666 0.016666666666666666
0 0.8791666666666667 0.34375 0.013020833333333334 0.013194444444444444
0 0.8385416666666666 0.34375 0.0125 0.0125
0 0.90703125 0.35833333333333334 0.015104166666666667 0.01597222222222222
0 0.8776041666666666 0.3659722222222222 0.019791666666666666 0.02013888888888889
0 0.871875 0.3753472222222222 0.016145833333333335 0.016666666666666666
0 0.884375 0.37604166666666666 0.008854166666666666 0.009027777777777777
0 0.8981770833333333 0.3836805555555556 0.0203125 0.021527777777777778
0 0.896875 0.39895833333333336 0.013020833333333334 0.013194444444444444
0 0.9151041666666667 0.40069444444444446 0.0125 0.0125
0 0.86953125 0.4114583333333333 0.011458333333333333 0.011805555555555555
0 0.8971354166666666 0.41875 0.0109375 0.011805555555555555
0 0.9059895833333333 0.41215277777777776 0.0140625 0.015277777777777777
0 0.8885416666666667 0.43020833333333336 0.0140625 0.014583333333333334
0 0.89765625 0.4461805555555556 0.0140625 0.014583333333333334
0 0.69609375 0.2875 0.013020833333333334 0.013888888888888888
0 0.7174479166666666 0.28020833333333334 0.0203125 0.021527777777777778
0 0.7122395833333334 0.2704861111111111 0.017708333333333333 0.01875
0 0.7192708333333333 0.2482638888888889 0.024479166666666666 0.025694444444444443
0 0.7067708333333333 0.23298611111111112 0.026041666666666668 0.027083333333333334
0 0.5294270833333333 0.5267361111111111 0.0109375 0.0125
0 0.4513020833333333 0.475 0.01875 0.019444444444444445
0 0.403125 0.44930555555555557 0.014583333333333334 0.015277777777777777
0 0.39479166666666665 0.4722222222222222 0.009895833333333333 0.009722222222222222
0 0.4114583333333333 0.46805555555555556 0.007291666666666667 0.007638888888888889
0 0.44869791666666664 0.43020833333333336 0.01875 0.02013888888888889
0 0.42890625 0.4638888888888889 0.013020833333333334 0.013194444444444444
0 0.41015625 0.4888888888888889 0.013020833333333334 0.013194444444444444
0 0.5572916666666666 0.34270833333333334 0.019270833333333334 0.020833333333333332
0 0.5669270833333333 0.2777777777777778 0.025 0.025694444444444443
0 0.5947916666666667 0.2513888888888889 0.018229166666666668 0.019444444444444445
0 0.5869791666666667 0.24618055555555557 0.017708333333333333 0.01875
0 0.6111979166666667 0.2652777777777778 0.01875 0.019444444444444445
0 0.49609375 0.2361111111111111 0.011979166666666667 0.013194444444444444
0 0.5255208333333333 0.22777777777777777 0.020833333333333332 0.02013888888888889
0 0.5377604166666666 0.24861111111111112 0.020833333333333332 0.02013888888888889
0 0.51640625 0.1795138888888889 0.0078125 0.007638888888888889
0 0.5213541666666667 0.18194444444444444 0.009895833333333333 0.010416666666666666
0 0.4864583333333333 0.18854166666666666 0.018229166666666668 0.01875
0 0.46901041666666665 0.19756944444444444 0.01875 0.019444444444444445
0 0.44505208333333335 0.22465277777777778 0.019270833333333334 0.019444444444444445
0 0.48932291666666666 0.20798611111111112 0.008854166666666666 0.009722222222222222
0 0.4908854166666667 0.1375 0.010416666666666666 0.010416666666666666
0 0.4921875 0.13125 0.009895833333333333 0.010416666666666666
0 0.50234375 0.12083333333333333 0.013020833333333334 0.013194444444444444
0 0.48385416666666664 0.11284722222222222 0.0046875 0.004861111111111111
0 0.509375 0.096875 0.017708333333333333 0.01875
0 0.5338541666666666 0.12118055555555556 0.021875 0.022222222222222223
0 0.5010416666666667 0.10868055555555556 0.015625 0.01597222222222222
0 0.5078125 0.11423611111111111 0.016666666666666666 0.016666666666666666
0 0.5497395833333333 0.134375 0.009375 0.009027777777777777
0 0.45078125 0.178125 0.020833333333333332 0.02013888888888889
0 0.5315104166666667 0.09236111111111112 0.0171875 0.01597222222222222
0 0.5252604166666667 0.10034722222222223 0.018229166666666668 0.019444444444444445
0 0.56640625 0.08298611111111111 0.0125 0.0125
0 0.5872395833333334 0.09861111111111111 0.024479166666666666 0.025
0 0.5682291666666667 0.12152777777777778 0.021875 0.022916666666666665
0 0.6223958333333334 0.11875 0.028645833333333332 0.02847222222222222
0 0.5942708333333333 0.18020833333333333 0.013020833333333334 0.0125
0 0.5864583333333333 0.1857638888888889 0.015625 0.01597222222222222
0 0.646875 0.275 0.0203125 0.02013888888888889
0 0.7153645833333333 0.20173611111111112 0.0125 0.0125
0 0.69140625 0.171875 0.021875 0.022222222222222223
0 0.7046875 0.18472222222222223 0.022395833333333334 0.022916666666666665
0 0.6994791666666667 0.19270833333333334 0.023958333333333335 0.025
0 0.6838541666666667 0.18229166666666666 0.025 0.02638888888888889
0 0.7265625 0.21666666666666667 0.023958333333333335 0.024305555555555556
0 0.6924479166666667 0.25104166666666666 0.021354166666666667 0.021527777777777778
0 0.7361979166666667 0.20798611111111112 0.015625 0.016666666666666666
0 0.7416666666666667 0.21909722222222222 0.008854166666666666 0.009027777777777777
0 0.7484375 0.22777777777777777 0.0109375 0.010416666666666666
0 0.8002604166666667 0.33784722222222224 0.0203125 0.019444444444444445
0 0.775 0.29791666666666666 0.019791666666666666 0.020833333333333332
0 0.8052083333333333 0.2607638888888889 0.019791666666666666 0.020833333333333332
0 0.82421875 0.28229166666666666 0.018229166666666668 0.019444444444444445
0 0.8049479166666667 0.30833333333333335 0.023958333333333335 0.025
0 0.909375 0.3704861111111111 0.011458333333333333 0.011805555555555555
0 0.9359375 0.38125 0.011979166666666667 0.011805555555555555
0 0.9520833333333333 0.38819444444444445 0.0109375 0.011805555555555555
0 0.7942708333333334 0.4826388888888889 0.013020833333333334 0.0125
0 0.5234375 0.15625 0.009895833333333333 0.009722222222222222
0 0.73359375 0.35381944444444446 0.013020833333333334 0.013194444444444444
0 0.70546875 0.3072916666666667 0.013541666666666667 0.013194444444444444
0 0.7119791666666667 0.33229166666666665 0.013020833333333334 0.011805555555555555
0 0.7776041666666667 0.3871527777777778 0.0140625 0.013888888888888888
0 0.74921875 0.28402777777777777 0.015625 0.015277777777777777
0 0.73671875 0.2878472222222222 0.020833333333333332 0.021527777777777778
0 0.7484375 0.25 0.023958333333333335 0.025
0 0.7872395833333333 0.2652777777777778 0.015625 0.01597222222222222
0 0.7666666666666667 0.24756944444444445 0.017708333333333333 0.018055555555555554
0 0.7018229166666666 0.26631944444444444 0.022395833333333334 0.022916666666666665
0 0.68671875 0.228125 0.021875 0.022916666666666665
0 0.6669270833333333 0.24409722222222222 0.026041666666666668 0.02847222222222222
0 0.6234375 0.23368055555555556 0.0109375 0.011805555555555555
0 0.60390625 0.20347222222222222 0.021354166666666667 0.021527777777777778
0 0.5833333333333334 0.2152777777777778 0.011979166666666667 0.011111111111111112
0 0.6815104166666667 0.6232638888888888 0.014583333333333334 0.014583333333333334
0 0.7721354166666666 0.5975694444444445 0.021354166666666667 0.020833333333333332
0 0.7421875 0.6628472222222223 0.017708333333333333 0.016666666666666666
0 0.6138020833333333 0.5590277777777778 0.0140625 0.014583333333333334
0 0.64453125 0.6767361111111111 0.016145833333333335 0.01597222222222222
0 0.4088541666666667 0.446875 0.026041666666666668 0.02847222222222222
0 0.35963541666666665 0.46458333333333335 0.019791666666666666 0.019444444444444445
0 0.3421875 0.446875 0.019270833333333334 0.019444444444444445
0 0.58515625 0.43645833333333334 0.019791666666666666 0.019444444444444445
0 0.55 0.46631944444444445 0.020833333333333332 0.02013888888888889
0 0.571875 0.43993055555555555 0.019270833333333334 0.02013888888888889
0 0.5591145833333333 0.47673611111111114 0.022395833333333334 0.022222222222222223
0 0.55859375 0.45902777777777776 0.022395833333333334 0.022916666666666665
0 0.5734375 0.4059027777777778 0.023958333333333335 0.02361111111111111
0 0.6052083333333333 0.35208333333333336 0.020833333333333332 0.020833333333333332
0 0.628125 0.37604166666666666 0.025520833333333333 0.025694444444444443
0 0.7260416666666667 0.2607638888888889 0.026041666666666668 0.02638888888888889
0 0.77734375 0.25625 0.024479166666666666 0.025
0 0.7111979166666667 0.2232638888888889 0.024479166666666666 0.025694444444444443
0 0.721875 0.18958333333333333 0.0234375 0.025
0 0.5213541666666667 0.43194444444444446 0.0265625 0.02847222222222222
0 0.49557291666666664 0.40347222222222223 0.023958333333333335 0.024305555555555556
0 0.5119791666666667 0.4131944444444444 0.029166666666666667 0.029166666666666667
0 0.5885416666666666 0.7135416666666666 0.017708333333333333 0.018055555555555554
0 0.5911458333333334 0.6569444444444444 0.015104166666666667 0.01597222222222222
0 0.59140625 0.6670138888888889 0.0171875 0.016666666666666666
0 0.634375 0.6788194444444444 0.016145833333333335 0.01597222222222222
0 0.64609375 0.7388888888888889 0.016145833333333335 0.016666666666666666
0 0.66484375 0.7013888888888888 0.016145833333333335 0.01597222222222222
0 0.6796875 0.7145833333333333 0.014583333333333334 0.015277777777777777
0 0.5611979166666666 0.8055555555555556 0.015625 0.015277777777777777
0 0.5408854166666667 0.7815972222222223 0.016666666666666666 0.016666666666666666
0 0.5369791666666667 0.7920138888888889 0.015104166666666667 0.015277777777777777
0 0.5559895833333334 0.7600694444444445 0.0140625 0.013888888888888888
0 0.590625 0.7454861111111111 0.020833333333333332 0.021527777777777778
0 0.48828125 0.6795138888888889 0.016666666666666666 0.016666666666666666
0 0.3190104166666667 0.5319444444444444 0.018229166666666668 0.018055555555555554
0 0.265625 0.7006944444444444 0.015625 0.01597222222222222
0 0.3028645833333333 0.6909722222222222 0.017708333333333333 0.018055555555555554
0 0.45703125 0.7947916666666667 0.019270833333333334 0.019444444444444445
0 0.45598958333333334 0.7649305555555556 0.0171875 0.016666666666666666
0 0.4856770833333333 0.7795138888888888 0.020833333333333332 0.020833333333333332
0 0.5119791666666667 0.8434027777777777 0.0171875 0.016666666666666666