0 0.77685546875 0.20768229166666666 0.01318359375 0.016276041666666668
0 0.78564453125 0.22135416666666666 0.01416015625 0.016276041666666668
0 0.75 0.26953125 0.01318359375 0.014973958333333334
0 0.6982421875 0.2858072916666667 0.01416015625 0.014973958333333334
0 0.71240234375 0.2265625 0.01025390625 0.010416666666666666
0 0.69873046875 0.22265625 0.01025390625 0.013020833333333334
0 0.7431640625 0.19856770833333334 0.0087890625 0.009765625
0 0.78955078125 0.25390625 0.01025390625 0.01171875
0 0.79736328125 0.2747395833333333 0.01123046875 0.014322916666666666
0 0.7216796875 0.3157552083333333 0.01318359375 0.014973958333333334
0 0.71826171875 0.2942708333333333 0.01318359375 0.012369791666666666
0 0.73583984375 0.2766927083333333 0.01123046875 0.012369791666666666
0 0.34619140625 0.8626302083333334 0.01220703125 0.014973958333333334
0 0.35791015625 0.87109375 0.00927734375 0.01171875
0 0.35986328125 0.8841145833333334 0.01318359375 0.014973958333333334
0 0.3310546875 0.8118489583333334 0.01025390625 0.01171875
0 0.30419921875 0.88671875 0.01220703125 0.012369791666666666
0 0.3037109375 0.9036458333333334 0.009765625 0.01171875
0 0.37109375 0.8294270833333334 0.01318359375 0.015625
0 0.2275390625 0.7955729166666666 0.01171875 0.013671875
0 0.2099609375 0.77734375 0.0126953125 0.014973958333333334
0 0.232421875 0.7669270833333334 0.00927734375 0.01171875
0 0.2490234375 0.7591145833333334 0.0126953125 0.014322916666666666
0 0.29150390625 0.736328125 0.01513671875 0.016927083333333332
0 0.2158203125 0.86328125 0.00830078125 0.009114583333333334
0 0.20166015625 0.8424479166666666 0.01318359375 0.014973958333333334
0 0.2255859375 0.8548177083333334 0.00927734375 0.010416666666666666
0 0.236328125 0.90625 0.01318359375 0.014973958333333334
0 0.25 0.9192708333333334 0.01513671875 0.016927083333333332
0 0.2734375 0.8951822916666666 0.013671875 0.016276041666666668
0 0.24072265625 0.8658854166666666 0.0107421875 0.012369791666666666
0 0.21923828125 0.6471354166666666 0.0107421875 0.013020833333333334
0 0.212890625 0.6510416666666666 0.0107421875 0.012369791666666666
0 0.1953125 0.6341145833333334 0.00927734375 0.011067708333333334
0 0.20654296875 0.6145833333333334 0.0107421875 0.013671875
0 0.1904296875 0.6048177083333334 0.01220703125 0.013020833333333334
0 0.2490234375 0.5638020833333334 0.0166015625 0.022786458333333332
0 0.1748046875 0.6673177083333334 0.00927734375 0.009114583333333334
0 0.166015625 0.6549479166666666 0.009765625 0.009765625
0 0.220703125 0.6614583333333334 0.0107421875 0.011067708333333334
0 0.2841796875 0.6490885416666666 0.01318359375 0.014322916666666666
0 0.7431640625 0.6725260416666666 0.0166015625 0.01953125
0 0.73876953125 0.7076822916666666 0.017578125 0.01953125
0 0.74072265625 0.7447916666666666 0.0146484375 0.015625
0 0.79833984375 0.7141927083333334 0.013671875 0.015625
0 0.67724609375 0.623046875 0.01513671875 0.015625
0 0.83984375 0.4401041666666667 0.015625 0.017578125
0 0.7646484375 0.4270833333333333 0.0185546875 0.021484375
0 0.72998046875 0.3802083333333333 0.017578125 0.01953125
0 0.8095703125 0.345703125 0.01806640625 0.018880208333333332
0 0.80908203125 0.3841145833333333 0.017578125 0.017578125
0 0.71875 0.7233072916666666 0.02294921875 0.02734375
0 0.60791015625 0.7018229166666666 0.02392578125 0.02734375
0 0.58154296875 0.7252604166666666 0.02099609375 0.024088541666666668
0 0.599609375 0.7272135416666666 0.025390625 0.028645833333333332
0 0.5576171875 0.6243489583333334 0.0224609375 0.025390625
0 0.5625 0.6490885416666666 0.0283203125 0.029947916666666668
0 0.52001953125 0.5052083333333334 0.02197265625 0.024739583333333332
0 0.50341796875 0.51171875 0.02783203125 0.030598958333333332
0 0.1640625 0.53515625 0.03076171875 0.035807291666666664
0 0.1240234375 0.5182291666666666 0.0263671875 0.029947916666666668
0 0.51220703125 0.3600260416666667 0.02099609375 0.025390625
0 0.4931640625 0.5240885416666666 0.0224609375 0.02734375
0 0.0869140625 0.3567708333333333 0.0166015625 0.021484375