0 0.5556640625 0.4720052083333333 0.013671875 0.013020833333333334
0 0.5419921875 0.48828125 0.01123046875 0.010416666666666666
0 0.5322265625 0.5162760416666666 0.01171875 0.011067708333333334
0 0.56884765625 0.4127604166666667 0.01220703125 0.01171875
0 0.556640625 0.7578125 0.00927734375 0.009114583333333334
0 0.53759765625 0.7643229166666666 0.009765625 0.009114583333333334
0 0.521484375 0.7337239583333334 0.01123046875 0.010416666666666666
0 0.4970703125 0.7337239583333334 0.01513671875 0.014322916666666666
0 0.478515625 0.7513020833333334 0.00927734375 0.009114583333333334
0 0.47509765625 0.8684895833333334 0.013671875 0.013020833333333334
0 0.45068359375 0.873046875 0.00927734375 0.009114583333333334
0 0.455078125 0.8678385416666666 0.01025390625 0.009765625
0 0.47412109375 0.8873697916666666 0.01123046875 0.009765625
0 0.47900390625 0.8802083333333334 0.01123046875 0.010416666666666666
0 0.55126953125 0.8125 0.01171875 0.011067708333333334
0 0.556640625 0.8307291666666666 0.0078125 0.007161458333333333
0 0.30810546875 0.681640625 0.01318359375 0.013020833333333334
0 0.28125 0.693359375 0.017578125 0.016927083333333332
0 0.27001953125 0.703125 0.009765625 0.009114583333333334
0 0.29541015625 0.6373697916666666 0.01806640625 0.016927083333333332
0 0.30029296875 0.625 0.02001953125 0.018229166666666668
0 0.3046875 0.6139322916666666 0.02001953125 0.018880208333333332
0 0.22900390625 0.7096354166666666 0.01611328125 0.014322916666666666
0 0.2119140625 0.6985677083333334 0.01220703125 0.011067708333333334
0 0.2265625 0.6959635416666666 0.0224609375 0.020833333333333332
0 0.26318359375 0.7662760416666666 0.017578125 0.016927083333333332
0 0.2294921875 0.7591145833333334 0.01806640625 0.017578125
0 0.23193359375 0.7395833333333334 0.0166015625 0.015625
0 0.216796875 0.7194010416666666 0.01708984375 0.017578125
0 0.2109375 0.7096354166666666 0.01416015625 0.013020833333333334
0 0.22509765625 0.6360677083333334 0.0185546875 0.017578125
0 0.263671875 0.7122395833333334 0.01220703125 0.01171875
0 0.29541015625 0.7044270833333334 0.0146484375 0.013671875
0 0.33984375 0.70703125 0.009765625 0.009765625
0 0.29052734375 0.74609375 0.0166015625 0.014973958333333334
0 0.36572265625 0.7447916666666666 0.01513671875 0.014322916666666666
0 0.380859375 0.763671875 0.0107421875 0.009765625
0 0.4052734375 0.763671875 0.013671875 0.012369791666666666
0 0.4150390625 0.7434895833333334 0.01171875 0.011067708333333334
0 0.4228515625 0.7467447916666666 0.0107421875 0.009765625
0 0.3486328125 0.7936197916666666 0.01123046875 0.009765625
0 0.4599609375 0.7643229166666666 0.013671875 0.012369791666666666
0 0.42578125 0.7610677083333334 0.013671875 0.012369791666666666
0 0.3701171875 0.763671875 0.0166015625 0.015625
0 0.37353515625 0.6907552083333334 0.0205078125 0.018880208333333332
0 0.3232421875 0.7369791666666666 0.02099609375 0.01953125
0 0.3115234375 0.7298177083333334 0.01318359375 0.013020833333333334
0 0.2861328125 0.7428385416666666 0.01318359375 0.012369791666666666
0 0.29248046875 0.7493489583333334 0.013671875 0.013671875
0 0.29150390625 0.7220052083333334 0.01220703125 0.01171875
0 0.23681640625 0.724609375 0.009765625 0.009114583333333334
0 0.1787109375 0.6419270833333334 0.0146484375 0.013671875
0 0.18115234375 0.58203125 0.01318359375 0.012369791666666666
0 0.15380859375 0.6634114583333334 0.01416015625 0.014322916666666666
0 0.16259765625 0.6888020833333334 0.0166015625 0.015625
0 0.16064453125 0.6998697916666666 0.013671875 0.013020833333333334
0 0.158203125 0.595703125 0.01416015625 0.014322916666666666
0 0.2568359375 0.4759114583333333 0.01416015625 0.013671875
0 0.2392578125 0.48828125 0.01318359375 0.012369791666666666
0 0.2236328125 0.486328125 0.01318359375 0.012369791666666666
0 0.30078125 0.5436197916666666 0.02392578125 0.022135416666666668
0 0.33984375 0.5618489583333334 0.01806640625 0.016927083333333332
0 0.34619140625 0.5514322916666666 0.021484375 0.020833333333333332
0 0.33642578125 0.5358072916666666 0.01220703125 0.01171875
0 0.310546875 0.560546875 0.01806640625 0.017578125
0 0.4169921875 0.5755208333333334 0.013671875 0.013020833333333334
0 0.38427734375 0.6829427083333334 0.01611328125 0.015625
0 0.38330078125 0.6692708333333334 0.021484375 0.021484375
0 0.41650390625 0.6653645833333334 0.0166015625 0.016276041666666668
0 0.3974609375 0.6927083333333334 0.02099609375 0.020182291666666668
0 0.4892578125 0.5091145833333334 0.01123046875 0.010416666666666666
0 0.48828125 0.5240885416666666 0.01123046875 0.010416666666666666
0 0.40673828125 0.5279947916666666 0.0263671875 0.024739583333333332
0 0.3984375 0.5481770833333334 0.01953125 0.018880208333333332
0 0.37841796875 0.556640625 0.0185546875 0.017578125
0 0.81298828125 0.3515625 0.01611328125 0.016276041666666668
0 0.7998046875 0.369140625 0.01220703125 0.01171875
0 0.81494140625 0.3678385416666667 0.0205078125 0.018880208333333332
0 0.7900390625 0.3483072916666667 0.01708984375 0.016927083333333332
0 0.7958984375 0.41015625 0.01611328125 0.014973958333333334
0 0.85302734375 0.3854166666666667 0.01806640625 0.016276041666666668
0 0.828125 0.37890625 0.02294921875 0.022135416666666668
0 0.80224609375 0.4505208333333333 0.01513671875 0.014322916666666666
0 0.7724609375 0.4147135416666667 0.01611328125 0.014973958333333334
0 0.68115234375 0.3841145833333333 0.01318359375 0.012369791666666666
0 0.6787109375 0.4016927083333333 0.015625 0.014322916666666666
0 0.69580078125 0.375 0.0185546875 0.017578125
0 0.70751953125 0.3828125 0.01513671875 0.014973958333333334
0 0.70166015625 0.365234375 0.015625 0.014973958333333334
0 0.35498046875 0.6041666666666666 0.0205078125 0.01953125
0 0.34912109375 0.5338541666666666 0.0205078125 0.01953125
0 0.4365234375 0.4108072916666667 0.02734375 0.026041666666666668
0 0.50537109375 0.3795572916666667 0.0234375 0.022135416666666668
0 0.51171875 0.365234375 0.02685546875 0.024739583333333332