0 0.7277472527472527 0.4959677419354839 0.012637362637362638 0.015395894428152493
0 0.814010989010989 0.4967008797653959 0.010439560439560439 0.010997067448680353
0 0.1673076923076923 0.22947214076246333 0.026923076923076925 0.030058651026392963
0 0.1076923076923077 0.22580645161290322 0.023626373626373626 0.030791788856304986
0 0.12087912087912088 0.20747800586510265 0.02032967032967033 0.025659824046920823
0 0.20824175824175825 0.9919354838709677 0.014285714285714285 0.016129032258064516
0 0.2392857142857143 0.9453812316715543 0.013736263736263736 0.01466275659824047
0 0.15879120879120878 0.9791055718475073 0.02142857142857143 0.026392961876832845
0 0.19917582417582416 0.9857038123167156 0.013736263736263736 0.01466275659824047
0 0.12527472527472527 0.9886363636363636 0.01868131868131868 0.022727272727272728
0 0.15054945054945054 0.9963343108504399 0.01868131868131868 0.007331378299120235
0 0.13543956043956043 0.9424486803519062 0.019230769230769232 0.025659824046920823
0 0.1543956043956044 0.9563782991202346 0.02032967032967033 0.02346041055718475
0 0.11456043956043956 0.9006598240469208 0.03131868131868132 0.03592375366568915
0 0.9741758241758242 0.906158357771261 0.013186813186813187 0.018328445747800588
0 0.968956043956044 0.9241202346041055 0.01098901098901099 0.007331378299120235
0 0.9983516483516484 0.9186217008797654 0.0032967032967032967 0.007331378299120235
0 0.9469780219780219 0.8808651026392962 0.012087912087912088 0.01466275659824047
0 0.9989010989010989 0.8533724340175953 0.002197802197802198 0.017595307917888565
0 0.8604395604395605 0.8200146627565983 0.019230769230769232 0.022727272727272728
0 0.9906593406593407 0.9160557184750733 0.015384615384615385 0.01686217008797654
0 0.5879120879120879 0.9325513196480938 0.016483516483516484 0.021994134897360705
0 0.575 0.9835043988269795 0.011538461538461539 0.017595307917888565
0 0.5934065934065934 0.9860703812316716 0.011538461538461539 0.005865102639296188
0 0.5173076923076924 0.9292521994134897 0.01098901098901099 0.012463343108504398
0 0.5225274725274726 0.9853372434017595 0.012637362637362638 0.01686217008797654
0 0.5104395604395604 0.9134897360703812 0.014835164835164835 0.018328445747800588
0 0.5008241758241758 0.9002932551319648 0.01098901098901099 0.013929618768328446
0 0.514010989010989 0.8995601173020528 0.00934065934065934 0.015395894428152493
0 0.460989010989011 0.9835043988269795 0.015934065934065933 0.018328445747800588
0 0.48956043956043954 0.9765395894428153 0.013186813186813187 0.01686217008797654
0 0.5277472527472528 0.9593108504398827 0.01098901098901099 0.016129032258064516
0 0.3978021978021978 0.9534457478005866 0.01098901098901099 0.013929618768328446
0 0.3870879120879121 0.9219208211143695 0.013186813186813187 0.01686217008797654
0 0.3879120879120879 0.9365835777126099 0.013736263736263736 0.01906158357771261
0 0.3760989010989011 0.9508797653958945 0.013186813186813187 0.01466275659824047
0 0.3868131868131868 0.9596774193548387 0.014285714285714285 0.01906158357771261
0 0.38571428571428573 0.9413489736070382 0.04945054945054945 0.06744868035190615
0 0.3239010989010989 0.9490469208211144 0.012087912087912088 0.015395894428152493
0 0.3456043956043956 0.9699413489736071 0.008791208791208791 0.013929618768328446
0 0.3313186813186813 0.9835043988269795 0.00989010989010989 0.012463343108504398
0 0.3159340659340659 0.9897360703812317 0.014835164835164835 0.017595307917888565
0 0.3524725274725275 0.9615102639296188 0.01098901098901099 0.015395894428152493
0 0.3098901098901099 0.8709677419354839 0.011538461538461539 0.01466275659824047
0 0.2997252747252747 0.8614369501466276 0.00989010989010989 0.013929618768328446
0 0.29917582417582417 0.9340175953079178 0.01098901098901099 0.016129032258064516
0 0.2802197802197802 0.9325513196480938 0.013736263736263736 0.017595307917888565
0 0.2733516483516483 0.8585043988269795 0.012087912087912088 0.01686217008797654
0 0.33516483516483514 0.9101906158357771 0.008241758241758242 0.01466275659824047
0 0.31263736263736264 0.7686950146627566 0.013736263736263736 0.016129032258064516
0 0.2282967032967033 0.8969941348973607 0.01098901098901099 0.015395894428152493
0 0.20494505494505494 0.8984604105571847 0.016483516483516484 0.016129032258064516
0 0.11071428571428571 0.9794721407624634 0.022527472527472527 0.03152492668621701
0 0.22032967032967032 0.9959677419354839 0.01868131868131868 0.008064516129032258
0 0.15576923076923077 0.9347507331378299 0.018131868131868133 0.024926686217008796
0 0.11675824175824176 0.9263196480938416 0.022527472527472527 0.025659824046920823
0 0.1510989010989011 0.8475073313782991 0.023626373626373626 0.030791788856304986
0 0.1381868131868132 0.8629032258064516 0.014835164835164835 0.019794721407624633
0 0.20192307692307693 0.8295454545454546 0.011538461538461539 0.015395894428152493
0 0.07527472527472527 0.75 0.028021978021978023 0.030791788856304986
0 0.07115384615384615 0.7137096774193549 0.02197802197802198 0.028592375366568914
0 0.17802197802197803 0.6829178885630498 0.025274725274725275 0.03225806451612903
0 0.15357142857142858 0.5780791788856305 0.023626373626373626 0.030058651026392963
0 0.185989010989011 0.5949413489736071 0.025824175824175823 0.03152492668621701
0 0.06483516483516484 0.5520527859237536 0.026923076923076925 0.03152492668621701
0 0.04230769230769231 0.5300586510263929 0.023076923076923078 0.02785923753665689
0 0.1076923076923077 0.40542521994134895 0.020879120879120878 0.025659824046920823
0 0.036813186813186814 0.4534457478005865 0.020879120879120878 0.027126099706744868
0 0.0673076923076923 0.3456744868035191 0.02032967032967033 0.02932551319648094
0 0.029945054945054946 0.3354105571847507 0.01978021978021978 0.026392961876832845
0 0.04972527472527472 0.3291788856304985 0.01703296703296703 0.024193548387096774
0 0.22582417582417583 0.13049853372434017 0.020879120879120878 0.028592375366568914
0 0.25769230769230766 0.3262463343108504 0.011538461538461539 0.016129032258064516
0 0.22197802197802197 0.3548387096774194 0.014285714285714285 0.02126099706744868
0 0.31978021978021975 0.5744134897360704 0.011538461538461539 0.016129032258064516
0 0.2925824175824176 0.6213343108504399 0.01098901098901099 0.01466275659824047
0 0.2978021978021978 0.6920821114369502 0.012637362637362638 0.016129032258064516
0 0.257967032967033 0.7456011730205279 0.00989010989010989 0.013196480938416423
0 0.22967032967032966 0.780791788856305 0.00989010989010989 0.013196480938416423
0 0.25137362637362637 0.8361436950146628 0.012637362637362638 0.015395894428152493
0 0.3953296703296703 0.907258064516129 0.012087912087912088 0.016129032258064516
0 0.4510989010989011 0.7569648093841642 0.01703296703296703 0.020527859237536656
0 0.4653846153846154 0.7375366568914956 0.013736263736263736 0.017595307917888565
0 0.42032967032967034 0.7412023460410557 0.013736263736263736 0.01466275659824047
0 0.39862637362637365 0.7646627565982405 0.011538461538461539 0.013196480938416423
0 0.4137362637362637 0.6396627565982405 0.00989010989010989 0.01466275659824047
0 0.4381868131868132 0.6521260997067448 0.012087912087912088 0.013196480938416423
0 0.4442307692307692 0.5252932551319648 0.012637362637362638 0.01686217008797654
0 0.36813186813186816 0.5703812316715543 0.012637362637362638 0.01686217008797654
0 0.3521978021978022 0.36693548387096775 0.018131868131868133 0.024193548387096774
0 0.2980769230769231 0.10337243401759531 0.02967032967032967 0.030058651026392963
0 0.38186813186813184 0.0872434017595308 0.024725274725274724 0.030058651026392963
0 0.5464285714285714 0.5656158357771262 0.011538461538461539 0.016129032258064516
0 0.576098901098901 0.5762463343108505 0.018131868131868133 0.020527859237536656
0 0.5291208791208791 0.6290322580645161 0.01098901098901099 0.015395894428152493
0 0.6142857142857143 0.7745601173020528 0.013736263736263736 0.016129032258064516
0 0.6568681318681319 0.8317448680351907 0.00989010989010989 0.016129032258064516
0 0.6664835164835164 0.8178152492668622 0.015384615384615385 0.01906158357771261
0 0.6434065934065935 0.8482404692082112 0.01868131868131868 0.02126099706744868
0 0.6782967032967033 0.9035923753665689 0.012637362637362638 0.017595307917888565
0 0.6186813186813187 0.9765395894428153 0.020879120879120878 0.018328445747800588
0 0.6538461538461539 0.9736070381231672 0.02142857142857143 0.013196480938416423
0 0.551923076923077 0.9798387096774194 0.012637362637362638 0.015395894428152493
0 0.6222527472527473 0.9794721407624634 0.010439560439560439 0.010263929618768328
0 0.6519230769230769 0.9747067448680352 0.008791208791208791 0.009530791788856305
0 0.7763736263736264 0.7412023460410557 0.014285714285714285 0.018328445747800588
0 0.714010989010989 0.7019794721407625 0.013736263736263736 0.016129032258064516
0 0.6725274725274726 0.7324046920821115 0.011538461538461539 0.013929618768328446
0 0.7403846153846154 0.5546187683284457 0.01098901098901099 0.013929618768328446
0 0.7326923076923076 0.5854105571847508 0.01098901098901099 0.013929618768328446
0 0.6923076923076923 0.36950146627565983 0.014285714285714285 0.01906158357771261
0 0.6969780219780219 0.07258064516129033 0.020879120879120878 0.030791788856304986
0 0.6697802197802197 0.07844574780058651 0.024725274725274724 0.030058651026392963
0 0.7456043956043956 0.05205278592375367 0.024175824175824177 0.030058651026392963
0 0.8115384615384615 0.23313782991202345 0.014835164835164835 0.02126099706744868
0 0.8137362637362637 0.2529325513196481 0.024725274725274724 0.03519061583577713
0 0.8587912087912087 0.6693548387096774 0.015934065934065933 0.020527859237536656
0 0.8928571428571429 0.9365835777126099 0.011538461538461539 0.007331378299120235
0 0.9071428571428571 0.9343841642228738 0.015384615384615385 0.007331378299120235
0 0.9760989010989011 0.8185483870967742 0.01098901098901099 0.016129032258064516
0 0.9953296703296703 0.7023460410557185 0.00934065934065934 0.016129032258064516
0 0.9947802197802198 0.718475073313783 0.010439560439560439 0.017595307917888565
0 0.9826923076923076 0.6726539589442815 0.00989010989010989 0.013196480938416423
0 0.9912087912087912 0.5898093841642229 0.017582417582417582 0.0344574780058651
0 0.9826923076923076 0.5190615835777126 0.023076923076923078 0.03225806451612903
0 0.951098901098901 0.5546187683284457 0.025274725274725275 0.028592375366568914
0 0.9684065934065934 0.5494868035190615 0.023626373626373626 0.030791788856304986
0 0.9758241758241758 0.46847507331378296 0.017582417582417582 0.024926686217008796
0 0.9865384615384616 0.4472140762463343 0.026923076923076925 0.03519061583577713
0 0.9796703296703296 0.39919354838709675 0.017582417582417582 0.02126099706744868
0 0.9796703296703296 0.41312316715542524 0.01703296703296703 0.01906158357771261
0 0.948076923076923 0.42961876832844575 0.026373626373626374 0.032991202346041054
0 0.9730769230769231 0.40762463343108507 0.031868131868131866 0.04032258064516129
0 0.8824175824175824 0.2631964809384164 0.023076923076923078 0.028592375366568914
0 0.8953296703296704 0.22910557184750732 0.022527472527472527 0.02785923753665689
0 0.29917582417582417 0.44208211143695014 0.014285714285714285 0.01906158357771261
0 0.3038461538461538 0.4006598240469208 0.013736263736263736 0.016129032258064516
0 0.34615384615384615 0.2844574780058651 0.014285714285714285 0.018328445747800588
0 0.36153846153846153 0.5285923753665689 0.017582417582417582 0.020527859237536656
0 0.37884615384615383 0.7008797653958945 0.016483516483516484 0.017595307917888565
0 0.34395604395604396 0.7221407624633431 0.013736263736263736 0.017595307917888565
0 0.2541208791208791 0.11326979472140762 0.025274725274725275 0.02932551319648094
0 0.18818681318681318 0.22030791788856305 0.025824175824175823 0.03519061583577713
0 0.05412087912087912 0.4186217008797654 0.02967032967032967 0.03812316715542522
0 0.08736263736263736 0.3881964809384164 0.028021978021978023 0.0344574780058651
0 0.14175824175824175 0.4736070381231672 0.03021978021978022 0.039589442815249266
0 0.07307692307692308 0.6777859237536656 0.025824175824175823 0.030791788856304986
0 0.12225274725274725 0.9017595307917888 0.019230769230769232 0.02932551319648094