0 0.25417201540436457 0.13184931506849315 0.030166880616174584 0.038527397260273974
0 0.29974326059050066 0.11215753424657535 0.03530166880616174 0.036815068493150686
0 0.13286264441591783 0.10188356164383562 0.03465982028241335 0.03424657534246575
0 0.14794608472400514 0.14511986301369864 0.03530166880616174 0.046232876712328765
0 0.19223363286264442 0.12200342465753425 0.043645699614890884 0.05393835616438356
0 0.8594351732991015 0.3086472602739726 0.028241335044929396 0.031678082191780824
0 0.9001925545571245 0.3142123287671233 0.022464698331193838 0.02910958904109589
0 0.8222079589216945 0.2684075342465753 0.023106546854942234 0.02482876712328767
0 0.8472400513478819 0.24486301369863014 0.02503209242618742 0.032534246575342464
0 0.7981386392811296 0.2842465753424658 0.028241335044929396 0.031678082191780824
0 0.787227214377407 0.3732876712328767 0.02503209242618742 0.029965753424657533
0 0.7403722721437741 0.2478595890410959 0.02503209242618742 0.032534246575342464
0 0.7647625160462131 0.2457191780821918 0.024390243902439025 0.029965753424657533
0 0.8061617458279846 0.16909246575342465 0.026957637997432605 0.0351027397260274
0 0.006739409499358151 0.9413527397260274 0.013478818998716302 0.028253424657534245
0 0.6203465982028241 0.6365582191780822 0.023106546854942234 0.02910958904109589
0 0.3427471116816431 0.355736301369863 0.03530166880616174 0.04708904109589041
0 0.3979460847240051 0.4088184931506849 0.036585365853658534 0.04708904109589041
0 0.305198973042362 0.3360445205479452 0.04300385109114249 0.04965753424657534
0 0.022464698331193838 0.18878424657534246 0.017329910141206675 0.04965753424657534
0 0.0689987163029525 0.10702054794520548 0.04300385109114249 0.059075342465753425
0 0.07830551989730423 0.15924657534246575 0.03530166880616174 0.04195205479452055
0 0.060654685494223363 0.2898116438356164 0.03080872913992298 0.045376712328767124
0 0.025994865211810013 0.3827054794520548 0.036585365853658534 0.046232876712328765
0 0.016367137355584083 0.5586472602739726 0.03209242618741977 0.045376712328767124
0 0.03818998716302952 0.5693493150684932 0.03594351732991014 0.04794520547945205
0 0.7102053915275995 0.9203767123287672 0.03209242618741977 0.05051369863013699
0 0.7069961489088575 0.988013698630137 0.036585365853658534 0.023972602739726026
0 0.6562901155327343 0.954195205479452 0.029525032092426188 0.038527397260273974
0 0.6238767650834403 0.9011130136986302 0.03401797175866496 0.0410958904109589
0 0.6046213093709885 0.9353595890410958 0.03080872913992298 0.04280821917808219
0 0.5741335044929397 0.8561643835616438 0.029525032092426188 0.04452054794520548
0 0.5298459563543004 0.8874143835616438 0.037227214377406934 0.04452054794520548
0 0.7804878048780488 0.9892979452054794 0.03465982028241335 0.021404109589041095
0 0.8613607188703466 0.932791095890411 0.03401797175866496 0.045376712328767124
0 0.8177150192554558 0.992722602739726 0.03080872913992298 0.014554794520547944
0 0.8950577663671374 0.9032534246575342 0.03209242618741977 0.038527397260273974
0 0.8963414634146342 0.9430650684931506 0.03915275994865212 0.045376712328767124
0 0.7705391527599487 0.3981164383561644 0.031450577663671375 0.036815068493150686