0 0.649445564516129 0.10315860215053764 0.012096774193548387 0.013440860215053764
0 0.6504536290322581 0.08770161290322581 0.009072580645161291 0.009408602150537635
0 0.6585181451612904 0.08669354838709678 0.010080645161290322 0.010752688172043012
0 0.6713709677419355 0.12163978494623656 0.010584677419354838 0.012768817204301076
0 0.6721270161290323 0.17506720430107528 0.012600806451612902 0.013440860215053764
0 0.6381048387096774 0.14280913978494625 0.010584677419354838 0.012768817204301076
0 0.6839717741935484 0.15759408602150538 0.011088709677419355 0.013440860215053764
0 0.6106350806451613 0.20362903225806453 0.01310483870967742 0.015456989247311828
0 0.6073588709677419 0.1616263440860215 0.011592741935483871 0.012768817204301076
0 0.6189516129032258 0.10147849462365591 0.010584677419354838 0.012096774193548387
0 0.626008064516129 0.11827956989247312 0.014616935483870967 0.015456989247311828
0 0.48185483870967744 0.7631048387096774 0.011592741935483871 0.013440860215053764
0 0.4483366935483871 0.7788978494623656 0.012600806451612902 0.014112903225806451
0 0.4982358870967742 0.7738575268817204 0.009576612903225807 0.010752688172043012
0 0.484375 0.780241935483871 0.010584677419354838 0.012096774193548387
0 0.4959677419354839 0.792002688172043 0.008568548387096774 0.009408602150537635
0 0.5030241935483871 0.7654569892473119 0.009072580645161291 0.010080645161290322
0 0.5032762096774194 0.758736559139785 0.008568548387096774 0.010080645161290322
0 0.5259576612903226 0.7436155913978495 0.012600806451612902 0.014112903225806451
0 0.5282258064516129 0.7641129032258065 0.008568548387096774 0.008736559139784945
0 0.46875 0.38205645161290325 0.020161290322580645 0.0228494623655914
0 0.46068548387096775 0.4055779569892473 0.019153225806451613 0.021505376344086023
0 0.49470766129032256 0.39986559139784944 0.019153225806451613 0.0228494623655914
0 0.5040322580645161 0.3924731182795699 0.021673387096774195 0.025537634408602152
0 0.6756552419354839 0.561491935483871 0.011592741935483871 0.012096774193548387
0 0.7051411290322581 0.520497311827957 0.010080645161290322 0.012096774193548387
0 0.688508064516129 0.46841397849462363 0.009576612903225807 0.010752688172043012
0 0.5274697580645161 0.3575268817204301 0.018649193548387098 0.02217741935483871
0 0.522429435483871 0.35719086021505375 0.008568548387096774 0.010080645161290322
0 0.5272177419354839 0.35618279569892475 0.008568548387096774 0.009408602150537635
0 0.532258064516129 0.3598790322580645 0.013608870967741936 0.015456989247311828
0 0.6131552419354839 0.18615591397849462 0.010584677419354838 0.012096774193548387
0 0.6219758064516129 0.19926075268817203 0.009576612903225807 0.0114247311827957
0 0.6204637096774194 0.2127016129032258 0.009072580645161291 0.008736559139784945
0 0.6711189516129032 0.2217741935483871 0.015625 0.01747311827956989
0 0.6522177419354839 0.23588709677419356 0.013608870967741936 0.016129032258064516
0 0.686491935483871 0.24025537634408603 0.011592741935483871 0.013440860215053764
0 0.7477318548387096 0.3551747311827957 0.018145161290322582 0.0228494623655914
0 0.6504536290322581 0.15994623655913978 0.015120967741935484 0.018145161290322582
0 0.6433971774193549 0.17842741935483872 0.008568548387096774 0.010080645161290322
0 0.5708165322580645 0.29368279569892475 0.01965725806451613 0.02217741935483871
0 0.5594758064516129 0.3125 0.018649193548387098 0.020833333333333332
0 0.5824092741935484 0.33030913978494625 0.019153225806451613 0.021505376344086023
0 0.5393145161290323 0.332997311827957 0.014616935483870967 0.015456989247311828
0 0.5680443548387096 0.37668010752688175 0.017641129032258066 0.020833333333333332
0 0.5279737903225806 0.3709677419354839 0.01310483870967742 0.015456989247311828
0 0.6292842741935484 0.4422043010752688 0.014616935483870967 0.016801075268817203
0 0.6529737903225806 0.45530913978494625 0.01965725806451613 0.021505376344086023
0 0.4805947580645161 0.4647177419354839 0.014112903225806451 0.016801075268817203
0 0.5005040322580645 0.5299059139784946 0.012600806451612902 0.014112903225806451
0 0.741179435483871 0.32123655913978494 0.02721774193548387 0.030913978494623656
0 0.7242943548387096 0.3424059139784946 0.024193548387096774 0.026881720430107527
0 0.7535282258064516 0.3014112903225806 0.018145161290322582 0.021505376344086023
0 0.7676411290322581 0.334005376344086 0.018145161290322582 0.020833333333333332
0 0.7673891129032258 0.3538306451612903 0.020161290322580645 0.024193548387096774
0 0.7857862903225806 0.3316532258064516 0.02217741935483871 0.026881720430107527