0 0.8388671875 0.4635416666666667 0.01953125 0.020833333333333332
0 0.77490234375 0.462890625 0.02294921875 0.026041666666666668
0 0.822265625 0.556640625 0.02197265625 0.022135416666666668
0 0.85302734375 0.513671875 0.01806640625 0.020182291666666668
0 0.6982421875 0.6412760416666666 0.01904296875 0.021484375
0 0.1845703125 0.5045572916666666 0.0185546875 0.020182291666666668
0 0.1591796875 0.5260416666666666 0.0185546875 0.020182291666666668
0 0.15087890625 0.5110677083333334 0.021484375 0.021484375
0 0.6640625 0.5052083333333334 0.0126953125 0.013671875
0 0.8271484375 0.5319010416666666 0.01708984375 0.020182291666666668
0 0.84130859375 0.501953125 0.009765625 0.009765625
0 0.81591796875 0.5208333333333334 0.01904296875 0.020833333333333332
0 0.833984375 0.49609375 0.0078125 0.009765625
0 0.86865234375 0.5013020833333334 0.009765625 0.009765625
0 0.8564453125 0.490234375 0.0107421875 0.011067708333333334
0 0.86669921875 0.556640625 0.0224609375 0.022135416666666668
0 0.85498046875 0.5143229166666666 0.0087890625 0.009765625
0 0.8466796875 0.5149739583333334 0.01025390625 0.013020833333333334
0 0.6962890625 0.6803385416666666 0.01904296875 0.020182291666666668
0 0.68798828125 0.6627604166666666 0.01708984375 0.01953125
0 0.35546875 0.7057291666666666 0.0107421875 0.011067708333333334
0 0.30908203125 0.7584635416666666 0.00927734375 0.009765625
0 0.3173828125 0.7604166666666666 0.01123046875 0.01171875
0 0.81640625 0.4205729166666667 0.01806640625 0.01953125
0 0.76806640625 0.599609375 0.01708984375 0.01953125
0 0.109375 0.404296875 0.02294921875 0.025390625
0 0.43701171875 0.5143229166666666 0.025390625 0.029947916666666668
0 0.72705078125 0.375 0.02197265625 0.024739583333333332
0 0.6513671875 0.4661458333333333 0.0263671875 0.027994791666666668
0 0.751953125 0.55859375 0.017578125 0.020182291666666668