0 0.5314875135722041 0.7163531114327062 0.07926167209554831 0.09479015918958032
0 0.5597176981541803 0.6765557163531114 0.08903365906623235 0.10057887120115774
0 0.5624321389793703 0.622286541244573 0.07057546145494029 0.0788712011577424
0 0.6319218241042345 0.7344428364688856 0.08306188925081433 0.09623733719247468
0 0.6482084690553745 0.6266280752532561 0.06406080347448426 0.07163531114327062
0 0.7252985884907709 0.6874095513748191 0.08740499457111835 0.0955137481910275
0 0.6938110749185668 0.6410998552821997 0.07600434310532031 0.08321273516642547
0 0.4386536373507057 0.5065123010130246 0.07763300760043432 0.08683068017366136
0 0.6140065146579805 0.4211287988422576 0.06894679695982628 0.08176555716353111
0 0.2996742671009772 0.7445730824891461 0.06351791530944625 0.07091172214182344
0 0.254071661237785 0.5969609261939218 0.0781758957654723 0.08321273516642547
0 0.34364820846905536 0.3979739507959479 0.05428881650380022 0.05861070911722142
0 0.6514657980456026 0.11215629522431259 0.057003257328990226 0.06222865412445731
0 0.6150922909880565 0.1389290882778582 0.051031487513572206 0.055716353111432707
0 0.5282301845819761 0.12301013024602026 0.06460369163952226 0.06729377713458755
0 0.4147665580890337 0.17583212735166426 0.05863192182410423 0.056439942112879886
0 0.40445168295331163 0.2178002894356006 0.05808903365906623 0.06439942112879884
0 0.44516829533116176 0.19971056439942114 0.0732899022801303 0.08031837916063676
0 0.4733984799131379 0.23444283646888567 0.06677524429967427 0.06657018813314038
0 0.497828447339848 0.19681620839363242 0.04777415852334419 0.052821997105643996
0 0.48968512486427795 0.2771345875542692 0.08143322475570032 0.08031837916063676
0 0.5314875135722041 0.21924746743849494 0.05591748099891422 0.05861070911722142
0 0.5754614549402823 0.22141823444283648 0.06623235613463627 0.08104196816208394
0 0.5944625407166124 0.2821997105643994 0.0727470141150923 0.08031837916063676
0 0.6666666666666666 0.3306801736613603 0.06514657980456026 0.0694645441389291
0 0.7106406080347448 0.30752532561505064 0.057003257328990226 0.0658465991316932
0 0.6074918566775245 0.34442836468885674 0.06514657980456026 0.06874095513748191
0 0.6476655808903365 0.3704775687409551 0.05157437567861021 0.06657018813314038
0 0.7350705754614549 0.41244573082489144 0.046145494028230184 0.053545586107091175
0 0.6829533116178067 0.47395079594790157 0.06948968512486428 0.07814761215629522
0 0.7638436482084691 0.46599131693198265 0.06351791530944625 0.06874095513748191
0 0.7899022801302932 0.4153400868306802 0.05428881650380022 0.06150506512301013
0 0.8061889250814332 0.4609261939218524 0.05808903365906623 0.06874095513748191
0 0.7817589576547231 0.5 0.043973941368078175 0.05065123010130246
0 0.8528773072747015 0.5709117221418234 0.08306188925081433 0.0918958031837916
0 0.8398479913137894 0.4356005788712012 0.05754614549402823 0.06367583212735166
0 0.8534201954397395 0.30101302460202606 0.08197611292073832 0.08321273516642547
0 0.7752442996742671 0.21924746743849494 0.06568946796959826 0.0694645441389291
0 0.7823018458197611 0.138205499276411 0.07111834961997829 0.07959479015918958
0 0.7698154180238871 0.27206946454413894 0.05537459283387622 0.060057887120115776
0 0.8697068403908795 0.4109985528219971 0.06026058631921824 0.0694645441389291
0 0.9196525515743756 0.39725036179450074 0.0749185667752443 0.07742402315484805
0 0.8691639522258415 0.45803183791606367 0.04723127035830619 0.052821997105643996
0 0.9424538545059717 0.5180897250361794 0.05863192182410423 0.06439942112879884
0 0.9679695982627579 0.5535455861070911 0.06406080347448426 0.07380607814761216
0 0.9234527687296417 0.4558610709117221 0.09663409337676439 0.10057887120115774
0 0.7795874049945711 0.5672937771345875 0.06786102062975027 0.07091172214182344