0 0.44849785407725323 0.30972818311874106 0.02467811158798283 0.030042918454935622
0 0.7698497854077253 0.8948497854077253 0.019313304721030045 0.022889842632331903
0 0.7846030042918455 0.8383404864091559 0.018776824034334765 0.022889842632331903
0 0.7706545064377682 0.9452789699570815 0.012339055793991416 0.016452074391988557
0 0.7585836909871244 0.9495708154506438 0.011266094420600859 0.013590844062947067
0 0.7465128755364807 0.9610157367668097 0.019313304721030045 0.020028612303290415
0 0.8047210300429185 0.9592274678111588 0.021995708154506438 0.02503576537911302
0 0.5748390557939914 0.8007868383404864 0.01072961373390558 0.01430615164520744
0 0.5743025751072961 0.8150929899856938 0.01984978540772532 0.0178826895565093
0 0.4895386266094421 0.6759656652360515 0.011266094420600859 0.013590844062947067
0 0.3532725321888412 0.5851216022889842 0.014484978540772532 0.019313304721030045
0 0.31008583690987124 0.5811874105865522 0.01555793991416309 0.02145922746781116
0 0.27226394849785407 0.4874821173104435 0.015021459227467811 0.022174535050071532
0 0.10810085836909872 0.4488555078683834 0.02145922746781116 0.02575107296137339
0 0.13975321888412018 0.45493562231759654 0.02145922746781116 0.027181688125894134
0 0.0802038626609442 0.6083690987124464 0.022532188841201718 0.027896995708154508
0 0.11319742489270386 0.663447782546495 0.013948497854077254 0.015736766809728183
0 0.07349785407725322 0.7160228898426323 0.019313304721030045 0.022889842632331903
0 0.0984442060085837 0.7764663805436338 0.023605150214592276 0.027181688125894134
0 0.12392703862660945 0.8068669527896996 0.021995708154506438 0.031473533619456366
0 0.0930793991416309 0.8215307582260372 0.018776824034334765 0.020028612303290415
0 0.09227467811158799 0.804005722460658 0.023068669527896997 0.023605150214592276
0 0.10112660944206009 0.8483547925608012 0.023605150214592276 0.030042918454935622
0 0.03540772532188841 0.7664520743919886 0.013412017167381975 0.017167381974248927
0 0.03084763948497854 0.7303290414878397 0.022532188841201718 0.026466380543633764
0 0.4967811158798283 0.33798283261802575 0.024141630901287552 0.033619456366237484
0 0.4873927038626609 0.29113018597997137 0.02092274678111588 0.02575107296137339
0 0.46727467811158796 0.3240343347639485 0.023605150214592276 0.027896995708154508
0 0.4409871244635193 0.33476394849785407 0.014484978540772532 0.019313304721030045
0 0.5048283261802575 0.4145207439198855 0.01555793991416309 0.017167381974248927
0 0.5976394849785408 0.3029327610872675 0.016630901287553648 0.022174535050071532
0 0.5989806866952789 0.3376251788268956 0.017703862660944206 0.022889842632331903
0 0.596030042918455 0.5604434907010014 0.006437768240343348 0.009298998569384835
0 0.4919527896995708 0.919170243204578 0.006974248927038627 0.01072961373390558
0 0.4479613733905579 0.9216738197424893 0.011802575107296138 0.013590844062947067
0 0.4407188841201717 0.8801859799713877 0.013412017167381975 0.01430615164520744
0 0.4498390557939914 0.855865522174535 0.009656652360515022 0.013590844062947067
0 0.6357296137339056 0.869098712446352 0.023068669527896997 0.02575107296137339
0 0.6652360515021459 0.8283261802575107 0.017703862660944206 0.022174535050071532
0 0.7041309012875536 0.652002861230329 0.02092274678111588 0.026466380543633764
0 0.7505364806866953 0.31509298998569385 0.018776824034334765 0.022174535050071532
0 0.779774678111588 0.25643776824034337 0.018776824034334765 0.02503576537911302
0 0.8302038626609443 0.22854077253218885 0.0203862660944206 0.026466380543633764
0 0.8733905579399142 0.22210300429184548 0.013948497854077254 0.015021459227467811
0 0.7778969957081545 0.15665236051502146 0.01555793991416309 0.022174535050071532
0 0.776824034334764 0.19778254649499286 0.018776824034334765 0.026466380543633764
0 0.8672210300429185 0.24177396280400573 0.016630901287553648 0.022174535050071532
0 0.7695815450643777 0.11731044349070101 0.014484978540772532 0.019313304721030045
0 0.7972103004291845 0.12589413447782546 0.011802575107296138 0.01859799713876967
0 0.7872854077253219 0.12696709585121602 0.013948497854077254 0.0178826895565093
0 0.8133047210300429 0.1323319027181688 0.02682403433476395 0.032904148783977114
0 0.7784334763948498 0.18025751072961374 0.018776824034334765 0.02503576537911302
0 0.8401287553648069 0.2063662374821173 0.021995708154506438 0.02575107296137339
0 0.9176502145922747 0.15808297567954221 0.016630901287553648 0.020028612303290415
0 0.9208690987124464 0.1813304721030043 0.018776824034334765 0.024320457796852647
0 0.9490343347639485 0.19027181688125894 0.017703862660944206 0.022889842632331903
0 0.9369635193133047 0.23640915593705294 0.024141630901287552 0.032188841201716736
0 0.875 0.1505722460658083 0.017167381974248927 0.02503576537911302
0 0.8758047210300429 0.1709585121602289 0.019313304721030045 0.022889842632331903
0 0.9482296137339056 0.2771816881258941 0.02145922746781116 0.026466380543633764
0 0.9621781115879828 0.3093705293276109 0.018776824034334765 0.022889842632331903
0 0.9611051502145923 0.2761087267525036 0.016094420600858368 0.02145922746781116
0 0.3438841201716738 0.8179542203147353 0.02628755364806867 0.027896995708154508
0 0.3497854077253219 0.7846924177396281 0.024141630901287552 0.029327610872675252
0 0.3918991416309013 0.8247496423462088 0.009120171673819743 0.010014306151645207
0 0.3784871244635193 0.7635908440629471 0.018240343347639486 0.020028612303290415
0 0.23605150214592274 0.6831187410586552 0.021995708154506438 0.027896995708154508
0 0.2685085836909871 0.7607296137339056 0.02628755364806867 0.032904148783977114
0 0.0034871244635193135 0.7600143061516452 0.006974248927038627 0.01072961373390558
0 0.04747854077253219 0.7550071530758226 0.006974248927038627 0.009298998569384835
0 0.06598712446351931 0.6884835479256081 0.021995708154506438 0.02503576537911302
0 0.07939914163090128 0.49821173104434907 0.023068669527896997 0.026466380543633764
0 0.049087982832618025 0.47353361945636624 0.023605150214592276 0.02861230329041488
0 0.029238197424892705 0.5200286123032904 0.02145922746781116 0.024320457796852647
0 0.14619098712446352 0.3959227467811159 0.019313304721030045 0.022889842632331903
0 0.05284334763948498 0.3776824034334764 0.024141630901287552 0.032188841201716736
0 0.05177038626609442 0.3955650929899857 0.019313304721030045 0.024320457796852647
0 0.14377682403433475 0.31938483547925606 0.02145922746781116 0.027896995708154508
0 0.10756437768240343 0.27896995708154504 0.023068669527896997 0.029327610872675252
0 0.1271459227467811 0.21888412017167383 0.02092274678111588 0.027181688125894134
0 0.1636266094420601 0.19778254649499286 0.0101931330472103 0.012875536480686695
0 0.16872317596566525 0.17060085836909872 0.009120171673819743 0.010014306151645207
0 0.09066523605150215 0.09227467811158799 0.009120171673819743 0.010014306151645207
0 0.1059549356223176 0.08690987124463519 0.011266094420600859 0.013590844062947067
0 0.13572961373390557 0.07832618025751073 0.01072961373390558 0.012875536480686695
0 0.1271459227467811 0.06151645207439199 0.006437768240343348 0.00715307582260372
0 0.1290236051502146 0.08977110157367668 0.008047210300429184 0.010014306151645207
0 0.1298283261802575 0.05078683834048641 0.011266094420600859 0.012875536480686695
0 0.2092274678111588 0.04363376251788269 0.01072961373390558 0.011444921316165951
0 0.17489270386266095 0.056509298998569386 0.009120171673819743 0.010014306151645207
0 0.5203862660944206 0.7829041487839771 0.012339055793991416 0.016452074391988557
0 0.5442596566523605 0.7964949928469242 0.017703862660944206 0.022889842632331903
0 0.595225321888412 0.7424892703862661 0.016094420600858368 0.022174535050071532
0 0.5109978540772532 0.8590844062947067 0.016630901287553648 0.022174535050071532
0 0.6689914163090128 0.8862660944206009 0.017703862660944206 0.022889842632331903
0 0.7119098712446352 0.82689556509299 0.023068669527896997 0.031473533619456366
0 0.6451180257510729 0.9814020028612304 0.028433476394849784 0.032904148783977114
0 0.8605150214592274 0.8876967095851216 0.017167381974248927 0.022174535050071532
0 0.8583690987124464 0.9027181688125894 0.019313304721030045 0.027181688125894134
0 0.8564914163090128 0.8372675250357654 0.022532188841201718 0.026466380543633764
0 0.276019313304721 0.6373390557939914 0.028969957081545063 0.034334763948497854
0 0.3784871244635193 0.6695278969957081 0.027896995708154508 0.034334763948497854
0 0.09763948497854077 0.7256795422031473 0.030042918454935622 0.03648068669527897
0 0.04560085836909871 0.8283261802575107 0.03272532188841202 0.0357653791130186
0 0.0203862660944206 0.6148068669527897 0.032188841201716736 0.044349070100143065
0 0.03299356223175966 0.5886981402002861 0.032188841201716736 0.04005722460658083
0 0.1604077253218884 0.4331187410586552 0.03165236051502146 0.03791130185979971
0 0.26180257510729615 0.27861230329041486 0.038090128755364806 0.045779685264663805
0 0.302843347639485 0.30472103004291845 0.02575107296137339 0.031473533619456366
0 0.9715665236051502 0.3512160228898426 0.02467811158798283 0.032188841201716736
0 0.7339055793991416 0.11409155937052932 0.02092274678111588 0.02861230329041488
0 0.7972103004291845 0.16380543633762518 0.022532188841201718 0.02861230329041488
0 0.48819742489270385 0.5407725321888412 0.014484978540772532 0.01859799713876967
0 0.4718347639484979 0.5275393419170243 0.016094420600858368 0.02074391988555079
0 0.5032188841201717 0.5786838340486409 0.013948497854077254 0.0178826895565093
0 0.4069206008583691 0.4642346208869814 0.016630901287553648 0.01859799713876967
0 0.427843347639485 0.43991416309012876 0.016094420600858368 0.020028612303290415
0 0.7494635193133047 0.17274678111587982 0.01555793991416309 0.019313304721030045
0 0.7532188841201717 0.1984978540772532 0.012339055793991416 0.020028612303290415
0 0.898068669527897 0.15736766809728184 0.014484978540772532 0.020028612303290415
0 0.907725321888412 0.1734620886981402 0.016094420600858368 0.022889842632331903
0 0.8916309012875536 0.19492131616595135 0.014484978540772532 0.019313304721030045
0 0.7956008583690987 0.8147353361945636 0.013948497854077254 0.01859799713876967
0 0.7701180257510729 0.9227467811158798 0.015021459227467811 0.02074391988555079
0 0.6783798283261803 0.5543633762517882 0.011802575107296138 0.01430615164520744
0 0.7140557939914163 0.2092274678111588 0.013948497854077254 0.01859799713876967
0 0.7301502145922747 0.16237482117310442 0.017167381974248927 0.022889842632331903
0 0.7100321888412017 0.12088698140200287 0.013948497854077254 0.0178826895565093
0 0.7006437768240343 0.14699570815450644 0.012875536480686695 0.0178826895565093
0 0.637607296137339 0.5872675250357654 0.016094420600858368 0.02145922746781116
0 0.6392167381974249 0.6055078683834049 0.015021459227467811 0.022174535050071532
0 0.5783261802575107 0.6938483547925608 0.016630901287553648 0.02074391988555079
0 0.4503755364806867 0.6752503576537912 0.016094420600858368 0.022174535050071532