0 0.4267578125 0.341796875 0.01953125 0.022786458333333332
0 0.7900390625 0.7903645833333334 0.01513671875 0.017578125
0 0.7958984375 0.736328125 0.0146484375 0.017578125
0 0.79736328125 0.8352864583333334 0.009765625 0.013020833333333334
0 0.787109375 0.841796875 0.0087890625 0.010416666666666666
0 0.77783203125 0.8548177083333334 0.015625 0.014322916666666666
0 0.82958984375 0.83984375 0.017578125 0.018880208333333332
0 0.603515625 0.7513020833333334 0.00830078125 0.011067708333333334
0 0.60498046875 0.7643229166666666 0.0166015625 0.012369791666666666
0 0.51123046875 0.6595052083333334 0.0087890625 0.010416666666666666
0 0.37744140625 0.6100260416666666 0.01123046875 0.014973958333333334
0 0.33837890625 0.6165364583333334 0.01171875 0.016927083333333332
0 0.29248046875 0.5416666666666666 0.01123046875 0.017578125
0 0.140625 0.544921875 0.01708984375 0.01953125
0 0.169921875 0.54296875 0.01708984375 0.020833333333333332
0 0.13671875 0.6940104166666666 0.017578125 0.021484375
0 0.17333984375 0.7356770833333334 0.01123046875 0.01171875
0 0.14453125 0.7916666666666666 0.01513671875 0.017578125
0 0.1748046875 0.83984375 0.01904296875 0.020182291666666668
0 0.20166015625 0.861328125 0.0166015625 0.024739583333333332
0 0.17578125 0.8815104166666666 0.01513671875 0.014973958333333334
0 0.1728515625 0.8658854166666666 0.01904296875 0.016927083333333332
0 0.1865234375 0.9036458333333334 0.0185546875 0.022786458333333332
0 0.1171875 0.845703125 0.0107421875 0.013020833333333334
0 0.1083984375 0.814453125 0.01806640625 0.020182291666666668
0 0.4736328125 0.3561197916666667 0.0185546875 0.026692708333333332
0 0.458984375 0.31640625 0.0166015625 0.01953125
0 0.4453125 0.3502604166666667 0.01904296875 0.020833333333333332
0 0.42333984375 0.3658854166666667 0.01123046875 0.014973958333333334
0 0.49072265625 0.4225260416666667 0.0126953125 0.012369791666666666
0 0.55908203125 0.3014322916666667 0.01318359375 0.016927083333333332
0 0.56494140625 0.33203125 0.013671875 0.017578125
0 0.59130859375 0.5319010416666666 0.0048828125 0.007161458333333333
0 0.544921875 0.8763020833333334 0.00537109375 0.008463541666666666
0 0.505859375 0.888671875 0.009765625 0.009765625
0 0.494140625 0.853515625 0.0107421875 0.010416666666666666
0 0.4990234375 0.8294270833333334 0.00732421875 0.010416666666666666
0 0.6669921875 0.7981770833333334 0.0185546875 0.018880208333333332
0 0.68798828125 0.7552083333333334 0.01416015625 0.016927083333333332
0 0.69970703125 0.5885416666666666 0.0166015625 0.020182291666666668
0 0.697265625 0.2766927083333333 0.01513671875 0.016927083333333332
0 0.7158203125 0.21744791666666666 0.0146484375 0.01953125
0 0.75732421875 0.18098958333333334 0.01611328125 0.020182291666666668
0 0.794921875 0.16536458333333334 0.01123046875 0.011067708333333334
0 0.701171875 0.12890625 0.01171875 0.017578125
0 0.70556640625 0.166015625 0.01416015625 0.020833333333333332
0 0.7919921875 0.18424479166666666 0.01318359375 0.016927083333333332
0 0.6884765625 0.095703125 0.01123046875 0.014973958333333334
0 0.71435546875 0.09700520833333333 0.0087890625 0.014973958333333334
0 0.70556640625 0.10026041666666667 0.0107421875 0.013671875
0 0.7294921875 0.09895833333333333 0.02099609375 0.025390625
0 0.70458984375 0.14973958333333334 0.0146484375 0.01953125
0 0.76318359375 0.15885416666666666 0.017578125 0.01953125
0 0.826171875 0.09765625 0.01318359375 0.014973958333333334
0 0.83203125 0.11783854166666667 0.0146484375 0.018880208333333332
0 0.8583984375 0.119140625 0.013671875 0.017578125
0 0.853515625 0.16341145833333334 0.0185546875 0.024739583333333332
0 0.787109375 0.10091145833333333 0.01318359375 0.01953125
0 0.79052734375 0.119140625 0.01513671875 0.017578125
0 0.869140625 0.197265625 0.01708984375 0.020182291666666668
0 0.8857421875 0.22265625 0.0146484375 0.017578125
0 0.88037109375 0.193359375 0.0126953125 0.016927083333333332
0 0.3994140625 0.8203125 0.021484375 0.020182291666666668
0 0.400390625 0.7890625 0.01904296875 0.022135416666666668
0 0.443359375 0.8151041666666666 0.00732421875 0.007161458333333333
0 0.42333984375 0.763671875 0.0146484375 0.014973958333333334
0 0.28564453125 0.724609375 0.01708984375 0.021484375
0 0.32470703125 0.7864583333333334 0.0205078125 0.025390625
0 0.08544921875 0.8483072916666666 0.0107421875 0.007161458333333333
0 0.12646484375 0.8326822916666666 0.00537109375 0.007161458333333333
0 0.13427734375 0.7688802083333334 0.017578125 0.018880208333333332
0 0.12158203125 0.595703125 0.0185546875 0.01953125
0 0.09130859375 0.5807291666666666 0.0185546875 0.021484375
0 0.07958984375 0.626953125 0.01708984375 0.018229166666666668
0 0.16796875 0.4889322916666667 0.01513671875 0.017578125
0 0.08203125 0.494140625 0.0185546875 0.024739583333333332
0 0.08349609375 0.5104166666666666 0.01513671875 0.018880208333333332
0 0.15576171875 0.4212239583333333 0.0166015625 0.021484375
0 0.1181640625 0.3932291666666667 0.01806640625 0.022786458333333332
0 0.1279296875 0.3352864583333333 0.0166015625 0.020833333333333332
0 0.15771484375 0.3079427083333333 0.0078125 0.009765625
0 0.15869140625 0.2825520833333333 0.00732421875 0.007161458333333333
0 0.07861328125 0.23046875 0.00732421875 0.007161458333333333
0 0.091796875 0.22200520833333334 0.0087890625 0.010416666666666666
0 0.1171875 0.20768229166666666 0.00830078125 0.009765625
0 0.107421875 0.19466145833333334 0.00537109375 0.005208333333333333
0 0.11279296875 0.21940104166666666 0.00634765625 0.0078125
0 0.1083984375 0.18424479166666666 0.0087890625 0.009765625
0 0.17822265625 0.15950520833333334 0.0087890625 0.008463541666666666
0 0.1494140625 0.17903645833333334 0.00732421875 0.007161458333333333
0 0.552734375 0.748046875 0.009765625 0.013020833333333334
0 0.57568359375 0.7545572916666666 0.013671875 0.017578125
0 0.6142578125 0.6946614583333334 0.01220703125 0.017578125
0 0.55419921875 0.818359375 0.01318359375 0.016927083333333332
0 0.69873046875 0.8059895833333334 0.013671875 0.017578125
0 0.7294921875 0.7428385416666666 0.017578125 0.024739583333333332
0 0.68994140625 0.896484375 0.02294921875 0.024739583333333332
0 0.8701171875 0.7630208333333334 0.013671875 0.016927083333333332
0 0.8701171875 0.7766927083333334 0.0146484375 0.021484375
0 0.85986328125 0.71875 0.01806640625 0.020182291666666668
0 0.3154296875 0.6744791666666666 0.02294921875 0.026041666666666668
0 0.4111328125 0.6796875 0.02197265625 0.026041666666666668
0 0.16748046875 0.794921875 0.02392578125 0.02734375
0 0.13427734375 0.8984375 0.0263671875 0.026041666666666668
0 0.083984375 0.7135416666666666 0.02490234375 0.034505208333333336
0 0.091796875 0.6875 0.025390625 0.030598958333333332
0 0.185546875 0.5188802083333334 0.025390625 0.028645833333333332
0 0.255859375 0.357421875 0.0302734375 0.034505208333333336
0 0.2958984375 0.37109375 0.0205078125 0.024088541666666668
0 0.8994140625 0.2578125 0.01904296875 0.024739583333333332
0 0.65625 0.10091145833333333 0.01611328125 0.022135416666666668
0 0.71923828125 0.130859375 0.017578125 0.022135416666666668
0 0.4921875 0.5390625 0.01123046875 0.014322916666666666
0 0.47607421875 0.53125 0.0126953125 0.015625
0 0.5107421875 0.5696614583333334 0.0107421875 0.013671875
0 0.40966796875 0.4895833333333333 0.01318359375 0.013671875
0 0.42529296875 0.462890625 0.0126953125 0.014973958333333334
0 0.677734375 0.14973958333333334 0.01220703125 0.014973958333333334
0 0.6845703125 0.171875 0.00927734375 0.016276041666666668
0 0.80859375 0.1015625 0.01123046875 0.015625
0 0.8193359375 0.11393229166666667 0.01220703125 0.018229166666666668
0 0.8076171875 0.13671875 0.01123046875 0.014973958333333334
0 0.802734375 0.712890625 0.0107421875 0.014322916666666666
0 0.7939453125 0.8151041666666666 0.01171875 0.016276041666666668
0 0.82861328125 0.8951822916666666 0.0107421875 0.016927083333333332
0 0.84033203125 0.8912760416666666 0.01318359375 0.018229166666666668
0 0.6640625 0.5071614583333334 0.00927734375 0.011067708333333334
0 0.65087890625 0.19075520833333334 0.0107421875 0.014322916666666666
0 0.6591796875 0.14518229166666666 0.01318359375 0.017578125
0 0.6357421875 0.11263020833333333 0.0107421875 0.013671875
0 0.630859375 0.13802083333333334 0.009765625 0.014322916666666666
0 0.6318359375 0.5462239583333334 0.0126953125 0.016276041666666668
0 0.6357421875 0.5618489583333334 0.01123046875 0.017578125
0 0.5927734375 0.6549479166666666 0.01318359375 0.015625
0 0.47607421875 0.66796875 0.01220703125 0.017578125