0 0.6096726917440156 0.8313802083333334 0.05862237420615535 0.103515625
0 0.563751831949194 0.8020833333333334 0.071323888617489 0.103515625
0 0.5363947239863215 0.7389322916666666 0.05666829506595017 0.08072916666666667
0 0.5188080117244749 0.9192708333333334 0.06399609184171959 0.1015625
0 0.45334636052760136 0.8020833333333334 0.05129457743038593 0.07291666666666667
0 0.4049829018075232 0.92578125 0.0718124084025403 0.095703125
0 0.4152418172936004 0.849609375 0.063019052271617 0.08268229166666667
0 0.6057645334636053 0.517578125 0.06204201270151441 0.08854166666666667
0 0.39325842696629215 0.5319010416666666 0.051783097215437224 0.08854166666666667
0 0.8519785051294577 0.7096354166666666 0.05129457743038593 0.07291666666666667
0 0.8290180752320468 0.5026041666666666 0.06692721055202736 0.080078125
0 0.6492427943331704 0.3235677083333333 0.045432340009770394 0.057291666666666664
0 0.2144601856375183 0.18684895833333334 0.04738641914997557 0.061848958333333336
0 0.2623351245725452 0.19466145833333334 0.04250122129946263 0.055338541666666664
0 0.34147532975085493 0.1171875 0.05569125549584758 0.06315104166666667
0 0.4777723497801661 0.10481770833333333 0.05471421592574499 0.048177083333333336
0 0.5065950170981924 0.1484375 0.04738641914997557 0.064453125
0 0.4582315583781143 0.15299479166666666 0.060576453346360526 0.080078125
0 0.44650708353688323 0.21354166666666666 0.06008793356130923 0.059895833333333336
0 0.4054714215925745 0.185546875 0.039081582804103565 0.053385416666666664
0 0.4504152418172936 0.2766927083333333 0.07376648754274548 0.07096354166666667
0 0.3815339521250611 0.23502604166666666 0.04836345872007816 0.055338541666666664
0 0.33952125061064975 0.2669270833333333 0.04836345872007816 0.08919270833333333
0 0.3488031265266243 0.3522135416666667 0.05911089399120664 0.08072916666666667
0 0.2994626282364436 0.4596354166666667 0.05471421592574499 0.068359375
0 0.24572545188080117 0.4609375 0.0449438202247191 0.06901041666666667
0 0.36443575964826574 0.435546875 0.055202735710796286 0.06640625
0 0.33610161211529066 0.494140625 0.034684904738641914 0.07682291666666667
0 0.2696629213483146 0.6028645833333334 0.0356619443087445 0.056640625
0 0.3488031265266243 0.642578125 0.056179775280898875 0.08072916666666667
0 0.26575476306790424 0.6861979166666666 0.05324865657059111 0.06770833333333333
0 0.2164142647777235 0.6432291666666666 0.043478260869565216 0.0625
0 0.22129946262823644 0.708984375 0.04396678065461651 0.07356770833333333
0 0.26380068392769906 0.7395833333333334 0.033707865168539325 0.053385416666666664
0 0.2256961406936981 0.8723958333333334 0.06790425012212994 0.09309895833333333
0 0.17635564240351734 0.7005208333333334 0.04689789936492428 0.06380208333333333
0 0.10210063507572056 0.548828125 0.0723009281875916 0.07682291666666667
0 0.14118221787982413 0.3984375 0.056179775280898875 0.06770833333333333
0 0.09672691744015632 0.3053385416666667 0.05764533463605276 0.08072916666666667
0 0.1714704445530044 0.4576822916666667 0.046409379579872984 0.059244791666666664
0 0.1358085002442599 0.6920572916666666 0.04689789936492428 0.07291666666666667
0 0.0806057645334636 0.708984375 0.06497313141182218 0.07291666666666667
0 0.15828041035661944 0.7473958333333334 0.038104543234000976 0.054036458333333336
0 0.11333659013190034 0.8678385416666666 0.048851978505129456 0.06380208333333333
0 0.10258915486077186 0.9296875 0.05471421592574499 0.07486979166666667
0 0.10356619443087445 0.7805989583333334 0.08304836345872008 0.095703125
0 0.29653150952613583 0.8190104166666666 0.05862237420615535 0.06705729166666667