0 0.6885171790235082 0.4993224932249323 0.037070524412296565 0.04607046070460705
0 0.6518987341772152 0.4759485094850949 0.03616636528028933 0.04742547425474255
0 0.6428571428571429 0.5802845528455285 0.03345388788426763 0.037940379403794036
0 0.6433092224231465 0.6107723577235772 0.03887884267631103 0.044715447154471545
0 0.6794755877034359 0.4305555555555556 0.03345388788426763 0.05013550135501355
0 0.7056962025316456 0.4095528455284553 0.03074141048824593 0.04336043360433604
0 0.7861663652802894 0.5348915989159891 0.04430379746835443 0.0508130081300813
0 0.7992766726943942 0.5850271002710027 0.04792043399638336 0.0535230352303523
0 0.8209764918625678 0.6097560975609756 0.0379746835443038 0.04878048780487805
0 0.900994575045208 0.5538617886178862 0.04159132007233273 0.0521680216802168
0 0.9285714285714286 0.5704607046070461 0.03164556962025317 0.03726287262872629
0 0.9222423146473779 0.6012872628726287 0.039783001808318265 0.052845528455284556
0 0.961121157323689 0.7970867208672087 0.04159132007233273 0.058265582655826556
0 0.9620253164556962 0.782859078590786 0.04159132007233273 0.05555555555555555
0 0.9014466546112115 0.7164634146341463 0.028933092224231464 0.03726287262872629
0 0.8946654611211573 0.8147018970189702 0.037070524412296565 0.04539295392953929
0 0.864376130198915 0.7428861788617886 0.03345388788426763 0.04403794037940379
0 0.8340867992766727 0.7079945799457995 0.03345388788426763 0.04539295392953929
0 0.8150994575045208 0.7730352303523035 0.03616636528028933 0.044715447154471545
0 0.7852622061482821 0.7079945799457995 0.03074141048824593 0.04336043360433604
0 0.7418625678119349 0.7984417344173442 0.03074141048824593 0.04065040650406504
0 0.7061482820976492 0.839769647696477 0.034358047016274866 0.042682926829268296
0 0.6378842676311031 0.8478997289972899 0.03164556962025317 0.036585365853658534
0 0.6175406871609403 0.850609756097561 0.0325497287522604 0.03929539295392954
0 0.5994575045207957 0.7496612466124661 0.03074141048824593 0.04065040650406504
0 0.5913200723327305 0.7838753387533876 0.03074141048824593 0.03590785907859079
0 0.5623869801084991 0.8008130081300813 0.03345388788426763 0.04336043360433604
0 0.5678119349005425 0.8499322493224932 0.03164556962025317 0.037940379403794036
0 0.47920433996383366 0.8221544715447154 0.0406871609403255 0.04742547425474255
0 0.5158227848101266 0.856029810298103 0.03164556962025317 0.03861788617886179
0 0.49321880650994576 0.866869918699187 0.03616636528028933 0.04336043360433604
0 0.424502712477396 0.8390921409214093 0.03345388788426763 0.04607046070460705
0 0.3779385171790235 0.8214769647696477 0.03345388788426763 0.04065040650406504
0 0.3670886075949367 0.8482384823848238 0.027124773960216998 0.03726287262872629
0 0.3471971066907776 0.9004065040650406 0.04159132007233273 0.05013550135501355
0 0.37748643761301987 0.7361111111111112 0.029837251356238697 0.03726287262872629
0 0.3535262206148282 0.741869918699187 0.026220614828209764 0.03387533875338753
0 0.33137432188065097 0.7354336043360433 0.026220614828209764 0.029132791327913278
0 0.3318264014466546 0.7710027100271003 0.02802893309222423 0.03184281842818428
0 0.29701627486437615 0.763550135501355 0.045207956600361664 0.0494579945799458
0 0.30560578661844484 0.8594173441734417 0.028933092224231464 0.03387533875338753
0 0.3114828209764919 0.9166666666666666 0.03345388788426763 0.034552845528455285
0 0.2721518987341772 0.8567073170731707 0.03164556962025317 0.036585365853658534
0 0.2563291139240506 0.8092818428184282 0.03345388788426763 0.04539295392953929
0 0.23236889692585896 0.752710027100271 0.0325497287522604 0.036585365853658534
0 0.24141048824593128 0.8451897018970189 0.03074141048824593 0.03590785907859079
0 0.24050632911392406 0.869579945799458 0.029837251356238697 0.03523035230352303
0 0.23191681735985534 0.9285230352303523 0.0352622061482821 0.04403794037940379
0 0.21654611211573238 0.8648373983739838 0.026220614828209764 0.034552845528455285
0 0.19755877034358046 0.8123306233062331 0.027124773960216998 0.03048780487804878
0 0.1984629294755877 0.8634823848238482 0.029837251356238697 0.03590785907859079
0 0.19529837251356238 0.752710027100271 0.03074141048824593 0.02981029810298103
0 0.19439421338155516 0.7892953929539296 0.0325497287522604 0.04065040650406504
0 0.17405063291139242 0.7970867208672087 0.029837251356238697 0.041327913279132794
0 0.189873417721519 0.8031842818428184 0.06600361663652803 0.07791327913279132
0 0.1794755877034358 0.8489159891598916 0.023508137432188065 0.029132791327913278
0 0.1763110307414105 0.8794037940379403 0.026220614828209764 0.03116531165311653
0 0.593128390596745 0.49085365853658536 0.0325497287522604 0.037940379403794036
0 0.5280289330922242 0.6951219512195121 0.03887884267631103 0.04607046070460705
0 0.5113019891500904 0.6348238482384824 0.0379746835443038 0.04607046070460705
0 0.47965641952983723 0.6226287262872628 0.034358047016274866 0.03861788617886179
0 0.6401446654611211 0.2665989159891599 0.03164556962025317 0.037940379403794036
0 0.5669077757685352 0.3851626016260163 0.034358047016274866 0.04403794037940379
0 0.5117540687160941 0.26558265582655827 0.03345388788426763 0.03929539295392954
0 0.4896021699819168 0.2350948509485095 0.037070524412296565 0.04607046070460705
0 0.46112115732368897 0.19850948509485095 0.0433996383363472 0.051490514905149054
0 0.45298372513562385 0.06131436314363144 0.034358047016274866 0.042682926829268296
0 0.3969258589511754 0.4993224932249323 0.029837251356238697 0.036585365853658534
0 0.38426763110307416 0.6419376693766937 0.02802893309222423 0.03319783197831978
0 0.36573236889692584 0.5918021680216802 0.02531645569620253 0.02710027100271003
0 0.3291139240506329 0.6419376693766937 0.03164556962025317 0.032520325203252036
0 0.28390596745027125 0.6270325203252033 0.027124773960216998 0.03319783197831978
0 0.2857142857142857 0.6890243902439024 0.03164556962025317 0.03523035230352303
0 0.23282097649186256 0.3319783197831978 0.03074141048824593 0.041327913279132794
0 0.5126582278481012 0.385840108401084 0.0325497287522604 0.03861788617886179