0 0.4923469387755102 0.4027322404371585 0.05466472303206997 0.040437158469945354
0 0.5386297376093294 0.37595628415300547 0.04956268221574344 0.04316939890710383
0 0.5674198250728864 0.32103825136612024 0.047376093294460644 0.04262295081967213
0 0.48505830903790087 0.32786885245901637 0.04154518950437318 0.03278688524590164
0 0.41800291545189505 0.3948087431693989 0.048833819241982504 0.03989071038251366
0 0.5903790087463557 0.3825136612021858 0.04956268221574344 0.03879781420765027
0 0.5579446064139941 0.2185792349726776 0.04664723032069971 0.03879781420765027
0 0.6060495626822158 0.21202185792349726 0.05466472303206997 0.04316939890710383
0 0.6158892128279884 0.24344262295081967 0.05830903790087463 0.04590163934426229
0 0.49198250728862974 0.19672131147540983 0.047376093294460644 0.03879781420765027
0 0.48104956268221577 0.17295081967213113 0.05393586005830904 0.04207650273224044
0 0.5608600583090378 0.15655737704918032 0.043731778425655975 0.03442622950819672
0 0.5783527696793003 0.10218579234972677 0.04008746355685131 0.03114754098360656
0 0.46246355685131196 0.13797814207650272 0.05466472303206997 0.04426229508196721
0 0.3389212827988338 0.20163934426229507 0.047376093294460644 0.03770491803278689
0 0.3684402332361516 0.23169398907103825 0.038629737609329445 0.03278688524590164
0 0.3717201166180758 0.253551912568306 0.04154518950437318 0.03333333333333333
0 0.44169096209912534 0.5 0.03935860058309038 0.03278688524590164
0 0.5433673469387755 0.46967213114754097 0.034256559766763846 0.030054644808743168
0 0.3680758017492711 0.44153005464480877 0.038629737609329445 0.03169398907103825
0 0.3903061224489796 0.4030054644808743 0.02988338192419825 0.024043715846994537
0 0.33782798833819244 0.4226775956284153 0.037900874635568516 0.02896174863387978
0 0.3360058309037901 0.3844262295081967 0.034256559766763846 0.029508196721311476
0 0.30903790087463556 0.36721311475409835 0.043731778425655975 0.03551912568306011
0 0.38301749271137026 0.3 0.04154518950437318 0.033879781420765025
0 0.42128279883381925 0.2959016393442623 0.04227405247813411 0.033879781420765025
0 0.5699708454810496 0.8456284153005464 0.038629737609329445 0.03169398907103825
0 0.48943148688046645 0.7967213114754098 0.037900874635568516 0.030054644808743168
0 0.4963556851311953 0.8407103825136611 0.03498542274052478 0.030054644808743168
0 0.47558309037900875 0.8538251366120219 0.048833819241982504 0.03989071038251366
0 0.43513119533527694 0.8308743169398907 0.037900874635568516 0.03169398907103825
0 0.39905247813411077 0.8270491803278689 0.03571428571428571 0.03114754098360656
0 0.39613702623906705 0.8625683060109289 0.052478134110787174 0.04371584699453552
0 0.3935860058309038 0.8508196721311475 0.03279883381924198 0.026775956284153007
0 0.385932944606414 0.8699453551912568 0.03498542274052478 0.030054644808743168
0 0.4041545189504373 0.8661202185792349 0.03571428571428571 0.030054644808743168
0 0.3465743440233236 0.812568306010929 0.034256559766763846 0.027868852459016394
0 0.3196064139941691 0.7756830601092897 0.03498542274052478 0.02841530054644809
0 0.2627551020408163 0.733879781420765 0.04227405247813411 0.033879781420765025
0 0.2532798833819242 0.7128415300546448 0.04227405247813411 0.03333333333333333
0 0.3429300291545189 0.7207650273224043 0.03498542274052478 0.030054644808743168
0 0.3997813411078717 0.680327868852459 0.033527696793002916 0.029508196721311476
0 0.41690962099125367 0.6849726775956284 0.028425655976676383 0.025136612021857924
0 0.7040816326530612 0.30191256830601093 0.03571428571428571 0.030601092896174863
0 0.6731049562682215 0.2510928961748634 0.04446064139941691 0.03989071038251366
0 0.7470845481049563 0.26885245901639343 0.03644314868804665 0.030054644808743168
0 0.5575801749271136 0.24726775956284153 0.03134110787172012 0.0273224043715847
0 0.5185860058309038 0.21666666666666667 0.043002915451895045 0.03770491803278689
0 0.6891399416909622 0.11557377049180328 0.03279883381924198 0.029508196721311476
0 0.7088192419825073 0.07240437158469945 0.05393586005830904 0.04590163934426229
0 0.35714285714285715 0.14672131147540984 0.02696793002915452 0.024043715846994537
0 0.34438775510204084 0.16311475409836065 0.03644314868804665 0.030054644808743168
0 0.34839650145772594 0.11038251366120219 0.037900874635568516 0.03224043715846994
0 0.2660349854227405 0.11120218579234972 0.03935860058309038 0.030601092896174863
0 0.2948250728862974 0.10710382513661203 0.03571428571428571 0.030054644808743168
0 0.24489795918367346 0.13278688524590163 0.043002915451895045 0.03715846994535519
0 0.2747813411078717 0.14234972677595628 0.03935860058309038 0.03278688524590164
0 0.26676384839650147 0.1273224043715847 0.03498542274052478 0.027868852459016394
0 0.2532798833819242 0.18989071038251365 0.04081632653061224 0.03442622950819672
0 0.2780612244897959 0.2355191256830601 0.03644314868804665 0.030601092896174863
0 0.27332361516034986 0.2609289617486339 0.03644314868804665 0.030054644808743168
0 0.2846209912536443 0.2743169398907104 0.03206997084548105 0.02896174863387978
0 0.3491253644314869 0.2677595628415301 0.04008746355685131 0.034972677595628415
0 0.3119533527696793 0.3051912568306011 0.03644314868804665 0.03169398907103825
0 0.28717201166180756 0.30491803278688523 0.03206997084548105 0.029508196721311476
0 0.4784985422740525 0.30846994535519123 0.030612244897959183 0.026775956284153007
0 0.5072886297376094 0.28879781420765027 0.03644314868804665 0.03169398907103825
0 0.6118804664723032 0.503551912568306 0.033527696793002916 0.027868852459016394
0 0.5878279883381924 0.5153005464480874 0.04518950437317784 0.03989071038251366
0 0.4165451895043732 0.5568306010928962 0.04591836734693878 0.03551912568306011
0 0.24271137026239067 0.66775956284153 0.04227405247813411 0.03551912568306011
0 0.32215743440233235 0.6683060109289618 0.038629737609329445 0.03278688524590164
0 0.34110787172011664 0.6770491803278689 0.03644314868804665 0.030054644808743168
0 0.3170553935860058 0.7191256830601093 0.033527696793002916 0.027868852459016394
0 0.3104956268221574 0.6046448087431694 0.03935860058309038 0.03278688524590164
0 0.3141399416909621 0.5609289617486338 0.043731778425655975 0.0366120218579235
0 0.2303206997084548 0.4672131147540984 0.03717201166180758 0.033879781420765025
0 0.30029154518950435 0.4420765027322404 0.04081632653061224 0.036065573770491806
0 0.21865889212827988 0.4923497267759563 0.03644314868804665 0.030601092896174863
0 0.32434402332361517 0.4051912568306011 0.038629737609329445 0.03333333333333333
0 0.24927113702623907 0.36475409836065575 0.03644314868804665 0.03169398907103825
0 0.25 0.3103825136612022 0.04008746355685131 0.034972677595628415
0 0.1956997084548105 0.30628415300546447 0.02988338192419825 0.025136612021857924
0 0.15962099125364432 0.26666666666666666 0.048833819241982504 0.04207650273224044
0 0.15706997084548105 0.2568306010928962 0.03206997084548105 0.0273224043715847
0 0.1588921282798834 0.273224043715847 0.03206997084548105 0.0273224043715847
0 0.18513119533527697 0.19754098360655736 0.03717201166180758 0.03224043715846994
0 0.20408163265306123 0.21775956284153006 0.04664723032069971 0.03989071038251366
0 0.20626822157434402 0.2576502732240437 0.04081632653061224 0.03169398907103825
0 0.2423469387755102 0.25 0.03644314868804665 0.03114754098360656
0 0.37900874635568516 0.17103825136612022 0.04008746355685131 0.03551912568306011
0 0.38848396501457727 0.11366120218579236 0.04227405247813411 0.0366120218579235
0 0.40233236151603496 0.1371584699453552 0.03134110787172012 0.0273224043715847
0 0.4271137026239067 0.13142076502732242 0.04227405247813411 0.034972677595628415
0 0.4165451895043732 0.1557377049180328 0.05830903790087463 0.048633879781420766
0 0.41144314868804666 0.1469945355191257 0.027696793002915453 0.022950819672131147
0 0.42237609329446063 0.16065573770491803 0.03206997084548105 0.027868852459016394
0 0.4424198250728863 0.17049180327868851 0.03279883381924198 0.0273224043715847
0 0.321064139941691 0.09972677595628415 0.03279883381924198 0.02841530054644809