0 0.12468193384223919 0.6107809847198642 0.06679389312977099 0.08234295415959253
0 0.18002544529262088 0.5505093378607809 0.05534351145038168 0.08488964346349745
0 0.1784351145038168 0.6133276740237691 0.05089058524173028 0.06876061120543293
0 0.15203562340966922 0.6816638370118846 0.061068702290076333 0.06960950764006792
0 0.07760814249363868 0.6863327674023769 0.061068702290076333 0.08149405772495756
0 0.04007633587786259 0.7304753820033956 0.04770992366412214 0.04838709677419355
0 0.2741730279898219 0.8179117147707979 0.062340966921119595 0.09592529711375213
0 0.20865139949109415 0.8662988115449916 0.058524173027989825 0.07385398981324279
0 0.22455470737913485 0.7457555178268251 0.052798982188295165 0.06027164685908319
0 0.19083969465648856 0.8005093378607809 0.09287531806615776 0.07979626485568761
0 0.16762086513994912 0.7907470288624788 0.061068702290076333 0.09762308998302208
0 0.11736641221374046 0.7699490662139219 0.05788804071246819 0.07555178268251274
0 0.11673027989821882 0.8374363327674024 0.056615776081424936 0.09083191850594227
0 0.06361323155216285 0.4609507640067912 0.05788804071246819 0.06451612903225806
0 0.019720101781170483 0.37436332767402375 0.039440203562340966 0.0865874363327674
0 0.0693384223918575 0.39261460101867574 0.06552162849872774 0.08743633276740238
0 0.25349872773536897 0.4257215619694397 0.056615776081424936 0.09168081494057725
0 0.2611323155216285 0.4898132427843803 0.058524173027989825 0.07130730050933787
0 0.2725826972010178 0.5691850594227504 0.04834605597964377 0.08064516129032258
0 0.23791348600508905 0.5776740237691002 0.043256997455470736 0.0730050933786078
0 0.17334605597964375 0.20840407470288624 0.07697201017811704 0.08743633276740238
0 0.09669211195928754 0.26485568760611206 0.07315521628498728 0.08913412563667232
0 0.02194656488549618 0.2470288624787776 0.04389312977099236 0.09168081494057725
0 0.147264631043257 0.3225806451612903 0.07824427480916031 0.1035653650254669
0 0.3298346055979644 0.3709677419354839 0.07061068702290077 0.10186757215619695
0 0.4720101781170484 0.1303056027164686 0.05407124681933842 0.07130730050933787
0 0.29548346055979646 0.019949066213921902 0.05979643765903308 0.023769100169779286
0 0.25 0.039898132427843805 0.054707379134860054 0.059422750424448216
0 0.3889949109414758 0.5398981324278438 0.056615776081424936 0.07979626485568761
0 0.42843511450381677 0.6638370118845501 0.05089058524173028 0.06281833616298811
0 0.4131679389312977 0.8565365025466893 0.04389312977099236 0.07045840407470289
0 0.3571882951653944 0.7292020373514432 0.08269720101781171 0.11884550084889643
0 0.3517811704834606 0.7678268251273345 0.060432569974554706 0.08149405772495756
0 0.6520356234096693 0.7207130730050934 0.05916030534351145 0.08488964346349745
0 0.7779898218829516 0.6358234295415959 0.056615776081424936 0.07130730050933787
0 0.8381043256997456 0.6727504244482173 0.06997455470737914 0.08828522920203735
0 0.763676844783715 0.8692699490662139 0.054707379134860054 0.07215619694397284
0 0.5353053435114504 0.4923599320882852 0.058524173027989825 0.08828522920203735
0 0.7919847328244275 0.3174872665534805 0.07697201017811704 0.08913412563667232
0 0.7115139949109415 0.33743633276740237 0.06870229007633588 0.09252971137521222
0 0.9914122137404581 0.5768251273344652 0.01717557251908397 0.09083191850594227
0 0.9786895674300254 0.37181663837011886 0.03816793893129771 0.07045840407470289
0 0.9729643765903307 0.18760611205432937 0.04007633587786259 0.0831918505942275