0 0.83935546875 0.5696614583333334 0.013671875 0.013671875
0 0.83154296875 0.560546875 0.0107421875 0.011067708333333334
0 0.7978515625 0.5677083333333334 0.01025390625 0.010416666666666666
0 0.85107421875 0.54296875 0.0126953125 0.012369791666666666
0 0.82421875 0.541015625 0.01611328125 0.016276041666666668
0 0.81640625 0.5338541666666666 0.013671875 0.013671875
0 0.82666015625 0.53125 0.00732421875 0.007161458333333333
0 0.83642578125 0.521484375 0.0166015625 0.016927083333333332
0 0.8310546875 0.5084635416666666 0.0107421875 0.010416666666666666
0 0.84619140625 0.50390625 0.01025390625 0.010416666666666666
0 0.8046875 0.501953125 0.00927734375 0.009765625
0 0.82568359375 0.4908854166666667 0.00927734375 0.009114583333333334
0 0.8349609375 0.4954427083333333 0.01171875 0.01171875
0 0.81494140625 0.4817708333333333 0.01123046875 0.01171875
0 0.81884765625 0.4654947916666667 0.01171875 0.01171875
0 0.69384765625 0.640625 0.01123046875 0.011067708333333334
0 0.7138671875 0.6438802083333334 0.01708984375 0.016927083333333332
0 0.7119140625 0.6536458333333334 0.0146484375 0.014973958333333334
0 0.72412109375 0.6725260416666666 0.0205078125 0.020833333333333332
0 0.7177734375 0.6881510416666666 0.021484375 0.022135416666666668
0 0.48876953125 0.453125 0.009765625 0.009114583333333334
0 0.4375 0.51171875 0.01513671875 0.015625
0 0.404296875 0.5423177083333334 0.01171875 0.012369791666666666
0 0.390625 0.5234375 0.0078125 0.0078125
0 0.40576171875 0.5240885416666666 0.005859375 0.006510416666666667
0 0.44775390625 0.5520833333333334 0.015625 0.015625
0 0.42138671875 0.525390625 0.01123046875 0.011067708333333334
0 0.39892578125 0.505859375 0.0107421875 0.011067708333333334
0 0.5625 0.6139322916666666 0.0166015625 0.016276041666666668
0 0.58837890625 0.6705729166666666 0.02001953125 0.020182291666666668
0 0.619140625 0.689453125 0.01513671875 0.014973958333333334
0 0.6142578125 0.6953125 0.0146484375 0.014973958333333334
0 0.62841796875 0.6744791666666666 0.01513671875 0.015625
0 0.54052734375 0.71875 0.01025390625 0.010416666666666666
0 0.5673828125 0.7220052083333334 0.0166015625 0.016927083333333332
0 0.57177734375 0.701171875 0.0166015625 0.016927083333333332
0 0.57373046875 0.7669270833333334 0.00634765625 0.006510416666666667
0 0.57666015625 0.763671875 0.0078125 0.0078125
0 0.54541015625 0.7630208333333334 0.0146484375 0.014973958333333334
0 0.5283203125 0.7584635416666666 0.015625 0.015625
0 0.50146484375 0.7376302083333334 0.015625 0.016276041666666668
0 0.54296875 0.7454427083333334 0.0078125 0.007161458333333333
0 0.5634765625 0.80859375 0.0078125 0.008463541666666666
0 0.56640625 0.8138020833333334 0.0078125 0.0078125
0 0.578125 0.822265625 0.0107421875 0.011067708333333334
0 0.564453125 0.83203125 0.00390625 0.00390625
0 0.59033203125 0.841796875 0.0146484375 0.014322916666666666
0 0.60400390625 0.8157552083333334 0.017578125 0.018229166666666668
0 0.580078125 0.8326822916666666 0.0126953125 0.012369791666666666
0 0.583984375 0.826171875 0.01318359375 0.013671875
0 0.61376953125 0.8020833333333334 0.00732421875 0.007161458333333333
0 0.5185546875 0.7786458333333334 0.01611328125 0.016927083333333332
0 0.60986328125 0.8424479166666666 0.01318359375 0.013671875
0 0.6025390625 0.8365885416666666 0.015625 0.015625
0 0.6416015625 0.845703125 0.009765625 0.010416666666666666
0 0.65478515625 0.8274739583333334 0.02001953125 0.020182291666666668
0 0.63232421875 0.810546875 0.017578125 0.018229166666666668
0 0.6787109375 0.8040364583333334 0.02294921875 0.0234375
0 0.63818359375 0.7532552083333334 0.0107421875 0.010416666666666666
0 0.63037109375 0.75 0.0126953125 0.012369791666666666
0 0.65625 0.6595052083333334 0.0166015625 0.016927083333333332
0 0.7333984375 0.71484375 0.009765625 0.009765625
0 0.7216796875 0.7454427083333334 0.017578125 0.017578125
0 0.7294921875 0.7317708333333334 0.01806640625 0.018229166666666668
0 0.72265625 0.7252604166666666 0.02001953125 0.020182291666666668
0 0.71240234375 0.7369791666666666 0.02099609375 0.020833333333333332
0 0.73876953125 0.69921875 0.01953125 0.020182291666666668
0 0.70068359375 0.6744791666666666 0.01708984375 0.017578125
0 0.7490234375 0.7057291666666666 0.01318359375 0.013020833333333334
0 0.7509765625 0.6946614583333334 0.00732421875 0.007161458333333333
0 0.75390625 0.6861979166666666 0.00830078125 0.009114583333333334
0 0.76708984375 0.5787760416666666 0.01611328125 0.016927083333333332
0 0.75732421875 0.6184895833333334 0.0166015625 0.016927083333333332
0 0.79296875 0.6471354166666666 0.0166015625 0.016927083333333332
0 0.80224609375 0.625 0.01513671875 0.014973958333333334
0 0.77880859375 0.6041666666666666 0.02001953125 0.020182291666666668
0 0.849609375 0.5319010416666666 0.00927734375 0.009765625
0 0.86865234375 0.5182291666666666 0.009765625 0.009765625
0 0.88037109375 0.5091145833333334 0.00927734375 0.009114583333333334
0 0.72216796875 0.4498697916666667 0.0107421875 0.010416666666666666
0 0.5859375 0.7864583333333334 0.0078125 0.0078125
0 0.70654296875 0.5748697916666666 0.0107421875 0.011067708333333334
0 0.69580078125 0.62109375 0.0107421875 0.011067708333333334
0 0.6943359375 0.59765625 0.009765625 0.010416666666666666
0 0.734375 0.5377604166666666 0.01123046875 0.01171875
0 0.7392578125 0.6354166666666666 0.0126953125 0.013020833333333334
0 0.7275390625 0.6341145833333334 0.01708984375 0.017578125
0 0.748046875 0.666015625 0.01953125 0.020182291666666668
0 0.7763671875 0.646484375 0.01318359375 0.013020833333333334
0 0.76416015625 0.6653645833333334 0.01416015625 0.014322916666666666
0 0.70458984375 0.6588541666666666 0.0185546875 0.018880208333333332
0 0.70263671875 0.6953125 0.01806640625 0.018229166666666668
0 0.681640625 0.6842447916666666 0.0224609375 0.022135416666666668
0 0.6474609375 0.7005208333333334 0.00927734375 0.009114583333333334
0 0.6396484375 0.7311197916666666 0.01708984375 0.017578125
0 0.61962890625 0.7239583333333334 0.00927734375 0.009765625
0 0.5888671875 0.3411458333333333 0.01171875 0.012369791666666666
0 0.671875 0.3502604166666667 0.0166015625 0.017578125
0 0.62890625 0.2962239583333333 0.013671875 0.014322916666666666
0 0.55029296875 0.41015625 0.01123046875 0.01171875
0 0.54296875 0.2994791666666667 0.01318359375 0.013020833333333334
0 0.4091796875 0.5436197916666666 0.02197265625 0.022135416666666668
0 0.36328125 0.5358072916666666 0.015625 0.016276041666666668
0 0.353515625 0.5546875 0.015625 0.015625
0 0.5595703125 0.5247395833333334 0.01611328125 0.016276041666666668
0 0.52197265625 0.50390625 0.0166015625 0.016927083333333332
0 0.5478515625 0.5240885416666666 0.0166015625 0.016276041666666668
0 0.52685546875 0.4928385416666667 0.017578125 0.018229166666666668
0 0.53173828125 0.5091145833333334 0.01806640625 0.018229166666666668
0 0.55859375 0.5540364583333334 0.01904296875 0.01953125
0 0.599609375 0.5970052083333334 0.0166015625 0.017578125
0 0.6123046875 0.572265625 0.0205078125 0.020833333333333332
0 0.7265625 0.6595052083333334 0.02099609375 0.021484375
0 0.7705078125 0.65625 0.0205078125 0.020182291666666668
0 0.72412109375 0.6959635416666666 0.0205078125 0.020833333333333332
0 0.74267578125 0.724609375 0.01953125 0.020182291666666668
0 0.5078125 0.5390625 0.0224609375 0.022135416666666668
0 0.494140625 0.568359375 0.01953125 0.01953125
0 0.5048828125 0.5572916666666666 0.0234375 0.024088541666666668
0 0.486328125 0.275390625 0.01416015625 0.014322916666666666
0 0.50390625 0.326171875 0.0126953125 0.012369791666666666
0 0.50146484375 0.3170572916666667 0.013671875 0.014322916666666666
0 0.5341796875 0.2994791666666667 0.0126953125 0.013020833333333334
0 0.52734375 0.24348958333333334 0.01318359375 0.013020833333333334
0 0.5537109375 0.2740885416666667 0.0126953125 0.013020833333333334
0 0.56201171875 0.259765625 0.01220703125 0.012369791666666666
0 0.43798828125 0.197265625 0.01220703125 0.012369791666666666
0 0.427734375 0.22200520833333334 0.01318359375 0.013671875
0 0.42138671875 0.21354166666666666 0.01220703125 0.012369791666666666
0 0.44580078125 0.23893229166666666 0.01123046875 0.01171875
0 0.47900390625 0.24609375 0.01708984375 0.017578125
0 0.4111328125 0.3216145833333333 0.01318359375 0.013671875
0 0.310546875 0.4811197916666667 0.0146484375 0.014973958333333334
0 0.2197265625 0.3385416666666667 0.0126953125 0.012369791666666666
0 0.25341796875 0.3411458333333333 0.01416015625 0.014973958333333334
0 0.35400390625 0.22395833333333334 0.015625 0.016276041666666668
0 0.361328125 0.2506510416666667 0.013671875 0.014322916666666666
0 0.38232421875 0.232421875 0.0166015625 0.017578125
0 0.38623046875 0.17057291666666666 0.013671875 0.013671875