0 0.3495115995115995 0.34446254071661236 0.016483516483516484 0.023615635179153095
0 0.33913308913308915 0.38314332247557004 0.014041514041514042 0.021986970684039087
0 0.44017094017094016 0.3925081433224756 0.020146520146520148 0.025244299674267102
0 0.3431013431013431 0.22312703583061888 0.020757020757020756 0.03175895765472313
0 0.4804639804639805 0.22109120521172637 0.0231990231990232 0.02768729641693811
0 0.4810744810744811 0.12337133550488599 0.020146520146520148 0.026058631921824105
0 0.5024420024420024 0.2304560260586319 0.01221001221001221 0.016286644951140065
0 0.4700854700854701 0.23982084690553745 0.019536019536019536 0.02280130293159609
0 0.3360805860805861 0.15838762214983712 0.029304029304029304 0.03664495114006515
0 0.42032967032967034 0.1445439739413681 0.021367521367521368 0.026058631921824105
0 0.32997557997557997 0.2911237785016287 0.029914529914529916 0.03664495114006515
0 0.3067765567765568 0.2512214983713355 0.020757020757020756 0.02768729641693811
0 0.2445054945054945 0.24022801302931596 0.03907203907203907 0.041530944625407164
0 0.2683150183150183 0.4258957654723127 0.02564102564102564 0.03257328990228013
0 0.2698412698412698 0.47068403908794787 0.026251526251526252 0.03501628664495114
0 0.568070818070818 0.44625407166123776 0.027472527472527472 0.03257328990228013
0 0.4481074481074481 0.5187296416938111 0.025030525030525032 0.029315960912052116
0 0.3611111111111111 0.5069218241042345 0.020757020757020756 0.02687296416938111
0 0.38644688644688646 0.46376221498371334 0.030525030525030524 0.039902280130293157
0 0.32783882783882784 0.5219869706840391 0.029914529914529916 0.03175895765472313
0 0.3031135531135531 0.5916123778501629 0.02197802197802198 0.03013029315960912
0 0.3021978021978022 0.6396579804560261 0.029304029304029304 0.03908794788273615
0 0.2561050061050061 0.6490228013029316 0.025030525030525032 0.033387622149837134
0 0.2960927960927961 0.6811889250814332 0.026862026862026864 0.03257328990228013
0 0.4923687423687424 0.30781758957654726 0.02564102564102564 0.038273615635179156
0 0.547924297924298 0.23127035830618892 0.031135531135531136 0.039902280130293157
0 0.5473137973137974 0.25855048859934854 0.0231990231990232 0.02768729641693811
0 0.5494505494505495 0.13762214983713356 0.025030525030525032 0.03745928338762215
0 0.5131257631257631 0.12988599348534202 0.02564102564102564 0.03257328990228013
0 0.2329059829059829 0.17263843648208468 0.026862026862026864 0.03175895765472313
0 0.20726495726495728 0.2296416938110749 0.028083028083028084 0.03664495114006515
0 0.18986568986568986 0.2479641693811075 0.020146520146520148 0.02768729641693811
0 0.3882783882783883 0.8945439739413681 0.015262515262515262 0.021172638436482084
0 0.3595848595848596 0.9059446254071661 0.014652014652014652 0.018729641693811076
0 0.4447496947496947 0.8371335504885994 0.014652014652014652 0.018729641693811076
0 0.3437118437118437 0.9523615635179153 0.02564102564102564 0.03257328990228013
0 0.5277777777777778 0.9206026058631922 0.022588522588522588 0.030944625407166124
0 0.48412698412698413 0.4727198697068404 0.0231990231990232 0.03257328990228013
0 0.4661172161172161 0.42996742671009774 0.020757020757020756 0.02768729641693811
0 0.5668498168498168 0.33916938110749184 0.026251526251526252 0.03257328990228013
0 0.471001221001221 0.2780944625407166 0.029304029304029304 0.03908794788273615
0 0.9017094017094017 0.08021172638436481 0.0231990231990232 0.030944625407166124
0 0.8437118437118437 0.08754071661237785 0.027472527472527472 0.03664495114006515
0 0.753052503052503 0.04560260586319218 0.017704517704517704 0.02280130293159609
0 0.7451159951159951 0.11889250814332247 0.02197802197802198 0.03013029315960912
0 0.7561050061050061 0.1001628664495114 0.020146520146520148 0.029315960912052116
0 0.6987179487179487 0.16856677524429967 0.02197802197802198 0.028501628664495113
0 0.731074481074481 0.15798045602605862 0.02197802197802198 0.02768729641693811
0 0.7420634920634921 0.2255700325732899 0.018925518925518924 0.023615635179153095
0 0.5992063492063492 0.08184039087947882 0.023809523809523808 0.03257328990228013
0 0.6147741147741148 0.07084690553745929 0.017094017094017096 0.023615635179153095
0 0.6294261294261294 0.0985342019543974 0.02197802197802198 0.03257328990228013
0 0.6452991452991453 0.10342019543973942 0.020146520146520148 0.026058631921824105
0 0.6007326007326007 0.14006514657980457 0.020146520146520148 0.02768729641693811
0 0.6282051282051282 0.1962540716612378 0.019536019536019536 0.026058631921824105
0 0.637057387057387 0.15228013029315962 0.02197802197802198 0.02687296416938111
0 0.6318681318681318 0.25977198697068404 0.022588522588522588 0.03013029315960912
0 0.6892551892551892 0.24307817589576547 0.022588522588522588 0.03013029315960912
0 0.6462148962148963 0.4010586319218241 0.020146520146520148 0.029315960912052116
0 0.6886446886446886 0.44503257328990226 0.018925518925518924 0.02768729641693811
0 0.7692307692307693 0.40635179153094464 0.020146520146520148 0.02768729641693811
0 0.6596459096459096 0.6677524429967426 0.018315018315018316 0.026058631921824105
0 0.6831501831501832 0.6958469055374593 0.018925518925518924 0.026058631921824105
0 0.8083028083028083 0.5435667752442996 0.02197802197802198 0.028501628664495113
0 0.7808302808302808 0.5415309446254072 0.018925518925518924 0.026058631921824105
0 0.9053724053724054 0.5337947882736156 0.02197802197802198 0.03013029315960912