0 0.5482086406743941 0.46418539325842695 0.015279241306638568 0.014747191011235955
0 0.5337197049525817 0.4820926966292135 0.012644889357218124 0.011938202247191011
0 0.523972602739726 0.5129915730337079 0.013171759747102213 0.012640449438202247
0 0.5605900948366702 0.39957865168539325 0.0136986301369863 0.013342696629213483
0 0.5571654373024236 0.7721207865168539 0.010010537407797681 0.010533707865168539
0 0.5368809272918862 0.7801966292134831 0.01053740779768177 0.010533707865168539
0 0.5187038988408852 0.7478932584269663 0.012644889357218124 0.011938202247191011
0 0.4923603793466807 0.7489466292134831 0.01685985247629083 0.016151685393258428
0 0.47286617492096944 0.7689606741573034 0.010010537407797681 0.010533707865168539
0 0.47233930453108536 0.8953651685393258 0.015279241306638568 0.014747191011235955
0 0.44625922023182296 0.901685393258427 0.010010537407797681 0.010533707865168539
0 0.4507376185458377 0.8957162921348315 0.011591148577449948 0.011235955056179775
0 0.4718124341412013 0.9157303370786517 0.012644889357218124 0.011235955056179775
0 0.4768177028451001 0.9080056179775281 0.012644889357218124 0.011938202247191011
0 0.5529504741833509 0.8314606741573034 0.013171759747102213 0.012640449438202247
0 0.55927291886196 0.8507724719101124 0.008429926238145416 0.008426966292134831
0 0.28714436248682823 0.7025983146067416 0.014752370916754479 0.014747191011235955
0 0.2584299262381454 0.7162921348314607 0.019494204425711276 0.018960674157303372
0 0.2465753424657534 0.7275280898876404 0.01053740779768177 0.010533707865168539
0 0.2721285563751317 0.6551966292134831 0.020021074815595362 0.018960674157303372
0 0.27713382507903056 0.6418539325842697 0.022128556375131718 0.020365168539325844
0 0.2813487881981033 0.629564606741573 0.022128556375131718 0.021067415730337078
0 0.20258166491043203 0.7366573033707865 0.01791359325605901 0.016151685393258428
0 0.1838777660695469 0.7254213483146067 0.0136986301369863 0.012640449438202247
0 0.1994204425711275 0.7219101123595506 0.02476290832455216 0.023876404494382022
0 0.2410432033719705 0.795997191011236 0.019494204425711276 0.018960674157303372
0 0.20442571127502634 0.7900280898876404 0.020021074815595362 0.019662921348314606
0 0.2065331928345627 0.7686095505617978 0.0184404636459431 0.0175561797752809
0 0.18967334035827185 0.7478932584269663 0.018967334035827187 0.019662921348314606
0 0.18308746048472077 0.7373595505617978 0.015806111696522657 0.014747191011235955
0 0.19625922023182296 0.6576544943820225 0.02054794520547945 0.019662921348314606
0 0.23998946259220233 0.7377106741573034 0.0136986301369863 0.013342696629213483
0 0.273972602739726 0.7275280898876404 0.016332982086406742 0.01544943820224719
0 0.3219178082191781 0.7282303370786517 0.011064278187565859 0.011235955056179775
0 0.27002107481559534 0.7728230337078652 0.0184404636459431 0.016853932584269662
0 0.35089567966280294 0.7675561797752809 0.01685985247629083 0.016151685393258428
0 0.3677555321390938 0.7872191011235955 0.012118018967334035 0.011235955056179775
0 0.3940990516332982 0.7861657303370787 0.015279241306638568 0.014044943820224719
0 0.4041095890410959 0.7636938202247191 0.013171759747102213 0.012640449438202247
0 0.4125395152792413 0.7668539325842697 0.012118018967334035 0.011235955056179775
0 0.3340358271865121 0.8212780898876404 0.012644889357218124 0.011235955056179775
0 0.45310853530031614 0.7840589887640449 0.015279241306638568 0.014044943820224719
0 0.41622760800842995 0.7823033707865169 0.015279241306638568 0.014044943820224719
0 0.3561643835616438 0.7879213483146067 0.0184404636459431 0.0175561797752809
0 0.3577449947312961 0.7089185393258427 0.022655426765015807 0.021067415730337078
0 0.30505795574288724 0.7612359550561798 0.023182297154899896 0.021769662921348316
0 0.29214963119072707 0.7542134831460674 0.014752370916754479 0.014747191011235955
0 0.2650158061116965 0.7696629213483146 0.014752370916754479 0.014044943820224719
0 0.2721285563751317 0.7763342696629213 0.015279241306638568 0.01544943820224719
0 0.2702845100105374 0.7468398876404494 0.0136986301369863 0.013342696629213483
0 0.2112750263435195 0.7524578651685393 0.01053740779768177 0.010533707865168539
0 0.1464699683877766 0.6660814606741573 0.016332982086406742 0.01544943820224719
0 0.14726027397260275 0.6014747191011236 0.014752370916754479 0.014044943820224719
0 0.12012644889357219 0.6906601123595506 0.015806111696522657 0.016151685393258428
0 0.1304004214963119 0.7173455056179775 0.0184404636459431 0.0175561797752809
0 0.1285563751317176 0.7296348314606742 0.015279241306638568 0.014747191011235955
0 0.12302423603793466 0.6172752808988764 0.015806111696522657 0.016151685393258428
0 0.22602739726027396 0.48314606741573035 0.015806111696522657 0.01544943820224719
0 0.20732349841938882 0.49754213483146065 0.014752370916754479 0.014044943820224719
0 0.190463645943098 0.4961376404494382 0.014752370916754479 0.014044943820224719
0 0.2752897787144363 0.5540730337078652 0.026343519494204427 0.025280898876404494
0 0.3179662802950474 0.5716292134831461 0.020021074815595362 0.018960674157303372
0 0.3245521601685985 0.5600421348314607 0.02370916754478398 0.023876404494382022
0 0.31348788198103267 0.5438904494382022 0.0136986301369863 0.013342696629213483
0 0.2863540569020021 0.5716292134831461 0.020021074815595362 0.019662921348314606
0 0.40147523709167543 0.5825140449438202 0.015279241306638568 0.014747191011235955
0 0.36933614330874603 0.7001404494382022 0.01791359325605901 0.0175561797752809
0 0.3677555321390938 0.6853932584269663 0.02370916754478398 0.02457865168539326
0 0.4035827186512118 0.6794241573033708 0.0184404636459431 0.018258426966292134
0 0.38382507903055846 0.7099719101123596 0.023182297154899896 0.02247191011235955
0 0.47760800842992623 0.507373595505618 0.012644889357218124 0.011938202247191011
0 0.4768177028451001 0.5235252808988764 0.012644889357218124 0.011938202247191011
0 0.3890937829293994 0.5319522471910112 0.02897787144362487 0.028089887640449437
0 0.38066385669125397 0.5540730337078652 0.02160168598524763 0.021067415730337078
0 0.35932560590094836 0.5642556179775281 0.02054794520547945 0.019662921348314606
0 0.8221812434141201 0.32127808988764045 0.01791359325605901 0.018258426966292134
0 0.8084826132771338 0.34094101123595505 0.0136986301369863 0.013342696629213483
0 0.8248155953635405 0.33883426966292135 0.022655426765015807 0.021067415730337078
0 0.7974183350895679 0.3188202247191011 0.018967334035827187 0.018960674157303372
0 0.8053213909378293 0.3851825842696629 0.01791359325605901 0.016853932584269662
0 0.8664383561643836 0.355688202247191 0.020021074815595362 0.018258426966292134
0 0.839304531085353 0.3500702247191011 0.02528977871443625 0.025280898876404494
0 0.8134878819810326 0.42837078651685395 0.01685985247629083 0.016151685393258428
0 0.7802950474183351 0.39150280898876405 0.01791359325605901 0.016853932584269662
0 0.6809799789251844 0.363061797752809 0.014752370916754479 0.014044943820224719
0 0.678872497365648 0.38202247191011235 0.01738672286617492 0.016151685393258428
0 0.6965226554267651 0.35252808988764045 0.02054794520547945 0.019662921348314606
0 0.7094309799789252 0.36025280898876405 0.01685985247629083 0.016853932584269662
0 0.7025816649104321 0.3416432584269663 0.01738672286617492 0.016853932584269662
0 0.33535300316122235 0.6165730337078652 0.022655426765015807 0.021769662921348316
0 0.32718651211801897 0.5410814606741573 0.022655426765015807 0.021769662921348316
0 0.4178082191780822 0.4041432584269663 0.030031612223393046 0.02949438202247191
0 0.49130663856691253 0.3669241573033708 0.025816649104320338 0.025280898876404494
0 0.4976290832455216 0.351123595505618 0.029504741833508957 0.028089887640449437