0 0.27216748768472904 0.7664203612479474 0.06834975369458128 0.08456486042692939
0 0.32235221674876846 0.7032019704433498 0.05788177339901478 0.08620689655172414
0 0.32389162561576357 0.7639573070607554 0.05233990147783251 0.07060755336617405
0 0.3020320197044335 0.8325123152709359 0.062192118226600986 0.0722495894909688
0 0.23060344827586207 0.8431855500821018 0.06280788177339902 0.08374384236453201
0 0.19642857142857142 0.8891625615763546 0.0480295566502463 0.05008210180623974
0 0.42641625615763545 0.9519704433497537 0.06465517241379311 0.0960591133004926
0 0.3648399014778325 0.9835796387520526 0.058497536945812806 0.03284072249589491
0 0.375 0.8875205254515599 0.054187192118226604 0.06239737274220033
0 0.34544334975369456 0.9433497536945813 0.09359605911330049 0.08456486042692939
0 0.3226600985221675 0.9359605911330049 0.06342364532019705 0.0993431855500821
0 0.2730911330049261 0.9207717569786535 0.05972906403940887 0.07799671592775041
0 0.2755541871921182 0.9696223316912972 0.058497536945812806 0.060755336617405585
0 0.20535714285714285 0.6272577996715928 0.059113300492610835 0.06732348111658457
0 0.1477832512315271 0.5492610837438424 0.06465517241379311 0.08949096880131363
0 0.20751231527093597 0.5607553366174056 0.06773399014778325 0.090311986863711
0 0.38700738916256155 0.575944170771757 0.059113300492610835 0.09277504105090312
0 0.39747536945812806 0.6375205254515599 0.05972906403940887 0.07389162561576355
0 0.4128694581280788 0.7126436781609196 0.050492610837438424 0.08210180623973727
0 0.3796182266009852 0.7241379310344828 0.04495073891625616 0.07389162561576355
0 0.2986453201970443 0.3739737274220033 0.07881773399014778 0.09113300492610837
0 0.22752463054187191 0.4351395730706076 0.07512315270935961 0.09195402298850575
0 0.14624384236453203 0.4256978653530378 0.06280788177339902 0.09359605911330049
0 0.2792487684729064 0.48645320197044334 0.08066502463054187 0.10673234811165845
0 0.45782019704433496 0.5164203612479474 0.07327586206896551 0.10426929392446634
0 0.582820197044335 0.27134646962233167 0.05541871921182266 0.07307060755336617
0 0.40455665024630544 0.14614121510673234 0.06403940886699508 0.09852216748768473
0 0.36299261083743845 0.1896551724137931 0.05788177339901478 0.090311986863711
0 0.47167487684729065 0.012315270935960592 0.06280788177339902 0.024630541871921183
0 0.5492610837438424 0.029556650246305417 0.05541871921182266 0.059113300492610835
0 0.5237068965517241 0.674055829228243 0.058497536945812806 0.0812807881773399
0 0.5680418719211823 0.7902298850574713 0.05233990147783251 0.06486042692939245
0 0.562192118226601 0.9688013136288999 0.04433497536945813 0.05582922824302135
0 0.5024630541871922 0.8596059113300493 0.08559113300492611 0.12151067323481117
0 0.49907635467980294 0.8973727422003284 0.062192118226600986 0.08374384236453201
0 0.7869458128078818 0.8247126436781609 0.06157635467980296 0.08702791461412152
0 0.9039408866995073 0.7315270935960592 0.05788177339901478 0.07389162561576355
0 0.9639778325123153 0.7619047619047619 0.07204433497536945 0.09113300492610837
0 0.8999384236453202 0.9355500821018062 0.05233990147783251 0.029556650246305417
0 0.6625615763546798 0.6149425287356322 0.06096059113300493 0.090311986863711
0 0.9014778325123153 0.42323481116584566 0.07881773399014778 0.09277504105090312
0 0.8248152709359606 0.44950738916256155 0.07019704433497537 0.09441707717569786
0 0.7943349753694581 0.054187192118226604 0.06465517241379311 0.08374384236453201
0 0.75 0.07430213464696224 0.04864532019704434 0.08702791461412152