0 0.3291843220338983 0.7793079096045198 0.025423728813559324 0.02754237288135593
0 0.3617584745762712 0.724223163841808 0.030190677966101694 0.033192090395480225
0 0.4136652542372881 0.817090395480226 0.02754237288135593 0.03036723163841808
0 0.3628177966101695 0.8199152542372882 0.023305084745762712 0.025423728813559324
0 0.5460805084745762 0.757768361581921 0.025423728813559324 0.02754237288135593
0 0.6988877118644068 0.2401129943502825 0.023305084745762712 0.025423728813559324
0 0.7298728813559322 0.23022598870056496 0.023834745762711863 0.026129943502824857
0 0.7213983050847458 0.21468926553672316 0.026483050847457626 0.028954802259887006
0 0.4528601694915254 0.652542372881356 0.01641949152542373 0.01765536723163842
0 0.3914194915254237 0.8072033898305084 0.022775423728813558 0.024717514124293787
0 0.3596398305084746 0.803319209039548 0.012182203389830509 0.013418079096045197
0 0.3879766949152542 0.7916666666666666 0.024364406779661018 0.026836158192090395
0 0.3585805084745763 0.7934322033898306 0.011122881355932203 0.012005649717514125
0 0.3445444915254237 0.826271186440678 0.012182203389830509 0.013418079096045197
0 0.3424258474576271 0.8096751412429378 0.013771186440677966 0.014830508474576272
0 0.3908898305084746 0.855225988700565 0.02701271186440678 0.03036723163841808
0 0.3625529661016949 0.8213276836158192 0.011122881355932203 0.012711864406779662
0 0.3670550847457627 0.8146186440677966 0.014300847457627119 0.015536723163841809
0 0.5791843220338984 0.7778954802259888 0.024364406779661018 0.026836158192090395
0 0.5688559322033898 0.760593220338983 0.022775423728813558 0.02401129943502825
0 0.7746292372881356 0.4992937853107345 0.013241525423728813 0.014124293785310734
0 0.841896186440678 0.4887005649717514 0.011652542372881356 0.013418079096045197
0 0.8389830508474576 0.4964689265536723 0.013771186440677966 0.014830508474576272
0 0.3058792372881356 0.7365819209039548 0.022775423728813558 0.024717514124293787
0 0.4764300847457627 0.7944915254237288 0.022775423728813558 0.024717514124293787
0 0.6559851694915254 0.11970338983050847 0.030190677966101694 0.033192090395480225
0 0.5773305084745762 0.4625706214689266 0.034427966101694914 0.03742937853107345
0 0.3146186440677966 0.6338276836158192 0.028601694915254237 0.031073446327683617
0 0.4279661016949153 0.6197033898305084 0.03389830508474576 0.03742937853107345
0 0.4518008474576271 0.757768361581921 0.023305084745762712 0.025423728813559324