0 0.31746031746031744 0.5598534201954397 0.03418803418803419 0.03745928338762215
0 0.32783882783882784 0.5969055374592834 0.036019536019536016 0.039902280130293157
0 0.2512210012210012 0.4837133550488599 0.0347985347985348 0.03908794788273615
0 0.2780830280830281 0.4828990228013029 0.040293040293040296 0.04478827361563518
0 0.2857142857142857 0.5199511400651465 0.04822954822954823 0.05374592833876222
0 0.6596459096459096 0.9307817589576547 0.029914529914529916 0.033387622149837134
0 0.6804029304029304 0.9572475570032574 0.02564102564102564 0.028501628664495113
0 0.6254578754578755 0.9161237785016286 0.02442002442002442 0.02768729641693811
0 0.6251526251526252 0.9401465798045603 0.029304029304029304 0.03175895765472313
0 0.623015873015873 0.8953583061889251 0.029914529914529916 0.03257328990228013
0 0.6593406593406593 0.8623778501628665 0.027472527472527472 0.030944625407166124
0 0.5802808302808303 0.8648208469055375 0.029304029304029304 0.03175895765472313
0 0.5900488400488401 0.8827361563517915 0.026862026862026864 0.03013029315960912
0 0.572039072039072 0.9324104234527687 0.029914529914529916 0.033387622149837134
0 0.6163003663003663 0.13762214983713356 0.03724053724053724 0.041530944625407164
0 0.44841269841269843 0.16653094462540716 0.021367521367521368 0.023615635179153095
0 0.4181929181929182 0.20724755700325734 0.02442002442002442 0.02687296416938111
0 0.6865079365079365 0.1982899022801303 0.03418803418803419 0.03745928338762215
0 0.739010989010989 0.19543973941368079 0.026251526251526252 0.029315960912052116
0 0.7255799755799756 0.20521172638436483 0.026862026862026864 0.03013029315960912
0 0.5879120879120879 0.15187296416938112 0.04151404151404151 0.04560260586319218
0 0.6611721611721612 0.16530944625407165 0.04884004884004884 0.05456026058631922
0 0.71001221001221 0.6734527687296417 0.026251526251526252 0.029315960912052116
0 0.46001221001221 0.5586319218241043 0.040293040293040296 0.04478827361563518
0 0.5088522588522588 0.5822475570032574 0.04151404151404151 0.04560260586319218
0 0.4346764346764347 0.5382736156351792 0.0463980463980464 0.05130293159609121
0 0.1846764346764347 0.3314332247557003 0.04395604395604396 0.048859934853420196
0 0.24023199023199024 0.3762214983713355 0.042735042735042736 0.04804560260586319
0 0.2264957264957265 0.4381107491856677 0.05067155067155067 0.05618892508143322
0 0.25457875457875456 0.42956026058631924 0.038461538461538464 0.04315960912052117
0 0.307997557997558 0.38151465798045603 0.03724053724053724 0.041530944625407164
0 0.278998778998779 0.25814332247557004 0.03907203907203907 0.04315960912052117
0 0.3070818070818071 0.26058631921824105 0.05128205128205128 0.057003257328990226
0 0.30982905982905984 0.30293159609120524 0.040293040293040296 0.04478827361563518
0 0.3363858363858364 0.3322475570032573 0.040903540903540904 0.04560260586319218
0 0.41452991452991456 0.2760586319218241 0.038461538461538464 0.04315960912052117
0 0.42887667887667885 0.28827361563517917 0.04151404151404151 0.04560260586319218
0 0.8818681318681318 0.6575732899022801 0.040293040293040296 0.04478827361563518
0 0.9175824175824175 0.6335504885993485 0.040903540903540904 0.04478827361563518
0 0.8742368742368742 0.6103420195439739 0.03418803418803419 0.03745928338762215
0 0.8357753357753358 0.6017915309446255 0.03724053724053724 0.041530944625407164
0 0.8437118437118437 0.5789902280130294 0.036019536019536016 0.04071661237785016
0 0.7936507936507936 0.5806188925081434 0.036019536019536016 0.04071661237785016
0 0.7893772893772893 0.5411237785016286 0.040903540903540904 0.04478827361563518
0 0.9493284493284493 0.6840390879478827 0.03907203907203907 0.04315960912052117
0 0.9456654456654456 0.6172638436482085 0.05311355311355311 0.059446254071661236
0 0.9645909645909646 0.6050488599348535 0.03968253968253968 0.043973941368078175
0 0.9633699633699634 0.5606677524429967 0.04456654456654457 0.0496742671009772
0 0.938949938949939 0.4979641693811075 0.045177045177045176 0.050488599348534204
0 0.9835164835164835 0.5907980456026058 0.029304029304029304 0.033387622149837134
0 0.9209401709401709 0.5928338762214984 0.040293040293040296 0.043973941368078175
0 0.9526862026862026 0.7577361563517915 0.03907203907203907 0.043973941368078175
0 0.9648962148962149 0.7076547231270358 0.029914529914529916 0.03745928338762215
0 0.9511599511599511 0.7894951140065146 0.031135531135531136 0.03745928338762215
0 0.9606227106227107 0.7764657980456026 0.018315018315018316 0.039902280130293157
0 0.6636141636141636 0.8436482084690554 0.03418803418803419 0.03745928338762215
0 0.35744810744810745 0.1999185667752443 0.030525030525030524 0.033387622149837134
0 0.39438339438339437 0.15716612377850162 0.033577533577533576 0.03745928338762215
0 0.4810744810744811 0.1490228013029316 0.03235653235653236 0.03664495114006515