0 0.1815159574468085 0.23359929078014185 0.016622340425531915 0.023936170212765957
0 0.1589095744680851 0.26640070921985815 0.013962765957446808 0.02304964539007092
0 0.25731382978723405 0.3328900709219858 0.02127659574468085 0.025709219858156027
0 0.21409574468085107 0.10859929078014184 0.02127659574468085 0.03280141843971631
0 0.3523936170212766 0.18439716312056736 0.023936170212765957 0.028368794326241134
0 0.38430851063829785 0.08687943262411348 0.02127659574468085 0.026595744680851064
0 0.371343085106383 0.20611702127659576 0.011968085106382979 0.016843971631205674
0 0.3361037234042553 0.19680851063829788 0.020611702127659573 0.02304964539007092
0 0.22739361702127658 0.03945035460992908 0.02992021276595745 0.03723404255319149
0 0.31648936170212766 0.07358156028368794 0.022606382978723406 0.026595744680851064
0 0.17918882978723405 0.16932624113475178 0.03125 0.03723404255319149
0 0.1685505319148936 0.11569148936170212 0.02127659574468085 0.028368794326241134
0 0.10970744680851063 0.06914893617021277 0.041223404255319146 0.040780141843971635
0 0.07446808510638298 0.26906028368794327 0.026595744680851064 0.03280141843971631
0 0.061502659574468085 0.3151595744680851 0.026595744680851064 0.03634751773049645
0 0.3680186170212766 0.4596631205673759 0.028590425531914893 0.03368794326241135
0 0.2247340425531915 0.4645390070921986 0.025930851063829786 0.02925531914893617
0 0.14128989361702127 0.4029255319148936 0.02127659574468085 0.0274822695035461
0 0.18051861702127658 0.374113475177305 0.031914893617021274 0.040780141843971635
0 0.10339095744680851 0.39937943262411346 0.03125 0.03102836879432624
0 0.05651595744680851 0.45478723404255317 0.021941489361702128 0.03102836879432624
0 0.0398936170212766 0.5026595744680851 0.030585106382978722 0.040780141843971635
0 0.0016622340425531915 0.487145390070922 0.003324468085106383 0.03102836879432624
0 0.020611702127659573 0.5407801418439716 0.027925531914893616 0.03280141843971631
0 0.33643617021276595 0.2779255319148936 0.025930851063829786 0.0398936170212766
0 0.4165558510638298 0.2327127659574468 0.032579787234042555 0.040780141843971635
0 0.4072473404255319 0.25975177304964536 0.023936170212765957 0.028368794326241134
0 0.4478058510638298 0.13962765957446807 0.025930851063829786 0.03900709219858156
0 0.4142287234042553 0.11125886524822695 0.026595744680851064 0.03280141843971631
0 0.1196808510638298 0.00576241134751773 0.027925531914893616 0.01152482269503546
0 0.07546542553191489 0.037677304964539006 0.028590425531914893 0.03723404255319149
0 0.05418882978723404 0.04698581560283688 0.015957446808510637 0.0274822695035461
0 0.04488031914893617 0.8067375886524822 0.015292553191489361 0.022163120567375887
0 0.012300531914893617 0.8018617021276596 0.015292553191489361 0.01950354609929078
0 0.12001329787234043 0.7814716312056738 0.015292553191489361 0.01950354609929078
0 0.17652925531914893 0.911790780141844 0.02327127659574468 0.031914893617021274
0 0.2755984042553192 0.438386524822695 0.023936170212765957 0.03368794326241135
0 0.2712765957446808 0.38519503546099293 0.02127659574468085 0.028368794326241134
0 0.40126329787234044 0.35150709219858156 0.02726063829787234 0.03280141843971631
0 0.3248005319148936 0.23581560283687944 0.030585106382978722 0.040780141843971635
0 0.8194813829787234 0.28191489361702127 0.02327127659574468 0.03102836879432624
0 0.7589760638297872 0.2566489361702128 0.027925531914893616 0.03723404255319149
0 0.8809840425531915 0.2176418439716312 0.022606382978723406 0.028368794326241134
0 0.6815159574468085 0.16312056737588654 0.01795212765957447 0.02304964539007092
0 0.6502659574468085 0.23182624113475178 0.021941489361702128 0.03102836879432624
0 0.667220744680851 0.21941489361702127 0.020611702127659573 0.030141843971631204
0 0.5877659574468085 0.2553191489361702 0.022606382978723406 0.02925531914893617
0 0.6236702127659575 0.2632978723404255 0.022606382978723406 0.028368794326241134
0 0.613031914893617 0.337322695035461 0.01928191489361702 0.023936170212765957
0 0.5159574468085106 0.11214539007092199 0.024601063829787235 0.03368794326241135
0 0.534906914893617 0.1099290780141844 0.017287234042553192 0.023936170212765957
0 0.5405585106382979 0.14583333333333334 0.022606382978723406 0.03368794326241135
0 0.555186170212766 0.1600177304964539 0.02127659574468085 0.026595744680851064
0 0.49867021276595747 0.17109929078014185 0.020611702127659573 0.028368794326241134
0 0.508311170212766 0.24335106382978725 0.0199468085106383 0.0274822695035461
0 0.53125 0.20390070921985815 0.022606382978723406 0.0274822695035461
0 0.49168882978723405 0.30895390070921985 0.02327127659574468 0.030141843971631204
0 0.5545212765957447 0.3249113475177305 0.022606382978723406 0.03102836879432624
0 0.4611037234042553 0.4587765957446808 0.020611702127659573 0.03102836879432624
0 0.48936170212765956 0.526595744680851 0.01928191489361702 0.02925531914893617
0 0.582779255319149 0.5336879432624113 0.020611702127659573 0.028368794326241134
0 0.3896276595744681 0.7331560283687943 0.018617021276595744 0.026595744680851064
0 0.4039228723404255 0.774822695035461 0.01928191489361702 0.0274822695035461
0 0.578125 0.6932624113475178 0.022606382978723406 0.02925531914893617
0 0.5511968085106383 0.6759751773049646 0.01928191489361702 0.0274822695035461
0 0.6781914893617021 0.7389184397163121 0.021941489361702128 0.03102836879432624