0 0.4285234899328859 0.860912343470483 0.10268456375838926 0.16279069767441862
0 0.3738255033557047 0.802772808586762 0.11946308724832215 0.16815742397137745
0 0.35201342281879194 0.7070661896243292 0.09463087248322148 0.13148479427549195
0 0.29161073825503353 0.9101073345259392 0.09865771812080537 0.1001788908765653
0 0.22617449664429531 0.7571556350626119 0.08590604026845637 0.11896243291592129
0 0.138255033557047 0.8694096601073346 0.10671140939597315 0.09123434704830054
0 0.16409395973154361 0.8050089445438283 0.10335570469798658 0.1368515205724508
0 0.4959731543624161 0.43917710196779963 0.10335570469798658 0.1440071556350626
0 0.20838926174496644 0.37075134168157425 0.08993288590604027 0.13953488372093023
0 0.7812080536912752 0.7978533094812165 0.08590604026845637 0.11896243291592129
0 0.7983221476510067 0.511180679785331 0.10805369127516778 0.13506261180679785
0 0.5993288590604027 0.1972271914132379 0.0738255033557047 0.09570661896243292
0 0.3516778523489933 0.009391771019677997 0.0912751677852349 0.018783542039355994
0 0.3436241610738255 0.057692307692307696 0.11543624161073826 0.11538461538461539
0 0.1976510067114094 0.03175313059033989 0.08523489932885905 0.06350626118067978
0 0.1906040268456376 0.11180679785330948 0.09798657718120805 0.13237924865831843
0 0.09966442953020134 0.23524150268336314 0.08926174496644296 0.11449016100178891
0 0.046644295302013423 0.22093023255813954 0.03758389261744966 0.09928443649373882
0 0.1919463087248322 0.2298747763864043 0.08926174496644296 0.11180679785330948
0 0.14060402684563758 0.29651162790697677 0.06442953020134229 0.11717352415026834
0 0.028187919463087248 0.4145796064400716 0.056375838926174496 0.09033989266547406
0 0.12315436241610739 0.5004472271914132 0.09395973154362416 0.13148479427549195
0 0.02248322147651007 0.5268336314847942 0.04496644295302014 0.1073345259391771
0 0.0077181208053691275 0.5961538461538461 0.015436241610738255 0.08318425760286226
0 0.02953020134228188 0.7151162790697675 0.05906040268456376 0.11359570661896243