0 0.6197916666666666 0.7447916666666666 0.0203125 0.021527777777777778
0 0.5486979166666667 0.8402777777777778 0.013020833333333334 0.0125
0 0.640625 0.7086805555555555 0.0125 0.011805555555555555
0 0.4197916666666667 0.8371527777777777 0.022395833333333334 0.022916666666666665
0 0.40989583333333335 0.828125 0.0109375 0.011111111111111112
0 0.4518229166666667 0.8451388888888889 0.016666666666666666 0.017361111111111112
0 0.4669270833333333 0.8385416666666666 0.017708333333333333 0.01875
0 0.4395833333333333 0.7899305555555556 0.0140625 0.014583333333333334
0 0.47552083333333334 0.8184027777777778 0.0125 0.011805555555555555
0 0.6791666666666667 0.6701388888888888 0.013020833333333334 0.013194444444444444
0 0.6875 0.6697916666666667 0.011458333333333333 0.011805555555555555
0 0.6958333333333333 0.6628472222222223 0.0078125 0.007638888888888889
0 0.7111979166666667 0.6270833333333333 0.014583333333333334 0.014583333333333334
0 0.5895833333333333 0.6902777777777778 0.015625 0.015277777777777777
0 0.45546875 0.5798611111111112 0.0203125 0.019444444444444445
0 0.4953125 0.8975694444444444 0.0171875 0.017361111111111112
0 0.4786458333333333 0.8795138888888889 0.025520833333333333 0.025