0 0.8828125 0.20442708333333334 0.009765625 0.011067708333333334
0 0.8681640625 0.2565104166666667 0.0126953125 0.016276041666666668
0 0.88232421875 0.24153645833333334 0.01123046875 0.014973958333333334
0 0.82080078125 0.2779947916666667 0.013671875 0.009765625
0 0.81396484375 0.19856770833333334 0.0107421875 0.012369791666666666
0 0.841796875 0.1640625 0.01171875 0.013020833333333334
0 0.84423828125 0.15559895833333334 0.01611328125 0.017578125
0 0.861328125 0.14388020833333334 0.00927734375 0.012369791666666666
0 0.841796875 0.11848958333333333 0.009765625 0.011067708333333334
0 0.87158203125 0.12890625 0.01220703125 0.01171875
0 0.83447265625 0.13541666666666666 0.009765625 0.011067708333333334
0 0.822265625 0.12239583333333333 0.0146484375 0.016276041666666668
0 0.31103515625 0.9147135416666666 0.02001953125 0.022135416666666668
0 0.2724609375 0.9016927083333334 0.01513671875 0.01953125
0 0.28466796875 0.90625 0.0146484375 0.025390625
0 0.345703125 0.9010416666666666 0.013671875 0.022135416666666668
0 0.40625 0.900390625 0.0126953125 0.016927083333333332
0 0.41552734375 0.9225260416666666 0.01318359375 0.020182291666666668
0 0.4365234375 0.869140625 0.01171875 0.013020833333333334
0 0.42431640625 0.859375 0.013671875 0.013020833333333334
0 0.39013671875 0.8567708333333334 0.0146484375 0.022135416666666668
0 0.5517578125 0.8541666666666666 0.00634765625 0.01171875
0 0.55712890625 0.8541666666666666 0.00439453125 0.007161458333333333
0 0.55908203125 0.8626302083333334 0.00732421875 0.010416666666666666
0 0.5986328125 0.9205729166666666 0.009765625 0.01171875
0 0.64794921875 0.8684895833333334 0.00634765625 0.010416666666666666
0 0.6455078125 0.8977864583333334 0.00634765625 0.010416666666666666
0 0.63427734375 0.9127604166666666 0.00732421875 0.009765625
0 0.58349609375 0.8606770833333334 0.00634765625 0.008463541666666666
0 0.58544921875 0.8352864583333334 0.00634765625 0.008463541666666666
0 0.60693359375 0.8483072916666666 0.00634765625 0.0078125
0 0.630859375 0.6276041666666666 0.0078125 0.012369791666666666
0 0.63232421875 0.640625 0.01025390625 0.009765625
0 0.6298828125 0.669921875 0.00732421875 0.01171875
0 0.5830078125 0.595703125 0.01025390625 0.009114583333333334
0 0.63818359375 0.4505208333333333 0.0087890625 0.010416666666666666
0 0.75634765625 0.17903645833333334 0.0087890625 0.016927083333333332
0 0.76513671875 0.17903645833333334 0.0078125 0.012369791666666666
0 0.86328125 0.4563802083333333 0.01806640625 0.024739583333333332
0 0.82080078125 0.5390625 0.0146484375 0.016927083333333332
0 0.78759765625 0.7981770833333334 0.01123046875 0.016927083333333332
0 0.78271484375 0.7766927083333334 0.01123046875 0.014322916666666666
0 0.8369140625 0.7819010416666666 0.009765625 0.012369791666666666
0 0.86083984375 0.904296875 0.01123046875 0.016276041666666668
0 0.8232421875 0.8470052083333334 0.0087890625 0.014973958333333334
0 0.7763671875 0.8463541666666666 0.009765625 0.012369791666666666
0 0.78515625 0.8411458333333334 0.01123046875 0.014973958333333334
0 0.79443359375 0.8365885416666666 0.0078125 0.012369791666666666
0 0.78955078125 0.91796875 0.0087890625 0.014322916666666666
0 0.83154296875 0.8860677083333334 0.0107421875 0.017578125
0 0.8173828125 0.90625 0.01611328125 0.01953125
0 0.818359375 0.9010416666666666 0.00634765625 0.008463541666666666
0 0.4091796875 0.6263020833333334 0.01123046875 0.018229166666666668
0 0.39111328125 0.6497395833333334 0.0126953125 0.017578125
0 0.400390625 0.6888020833333334 0.0126953125 0.014973958333333334
0 0.3857421875 0.69140625 0.0146484375 0.018880208333333332
0 0.42822265625 0.7578125 0.01416015625 0.018880208333333332
0 0.3994140625 0.7662760416666666 0.0146484375 0.016927083333333332
0 0.33935546875 0.7467447916666666 0.013671875 0.014973958333333334
0 0.744140625 0.5436197916666666 0.01806640625 0.01953125
0 0.73583984375 0.5631510416666666 0.02099609375 0.026692708333333332
0 0.76513671875 0.5520833333333334 0.02001953125 0.02734375
0 0.7646484375 0.607421875 0.02490234375 0.02734375
0 0.8212890625 0.607421875 0.021484375 0.02734375
0 0.81689453125 0.64453125 0.021484375 0.029296875
0 0.77392578125 0.654296875 0.025390625 0.032552083333333336
0 0.79443359375 0.66015625 0.02099609375 0.029947916666666668
0 0.77880859375 0.626953125 0.017578125 0.025390625
0 0.7978515625 0.6171875 0.02197265625 0.029947916666666668
0 0.74609375 0.5078125 0.02490234375 0.030598958333333332
0 0.82470703125 0.4537760416666667 0.01904296875 0.027994791666666668
0 0.68994140625 0.4654947916666667 0.025390625 0.034505208333333336
0 0.236328125 0.18619791666666666 0.01318359375 0.015625
0 0.2919921875 0.22395833333333334 0.01318359375 0.016927083333333332
0 0.310546875 0.236328125 0.01318359375 0.018229166666666668
0 0.19140625 0.20768229166666666 0.0146484375 0.022135416666666668
0 0.15380859375 0.13151041666666666 0.01123046875 0.016276041666666668
0 0.11474609375 0.13151041666666666 0.01318359375 0.014322916666666666
0 0.13330078125 0.16276041666666666 0.01025390625 0.013671875
0 0.32373046875 0.517578125 0.01318359375 0.018229166666666668
0 0.33642578125 0.53515625 0.01513671875 0.022786458333333332
0 0.41943359375 0.568359375 0.017578125 0.020833333333333332
0 0.4208984375 0.4915364583333333 0.01416015625 0.018880208333333332