0 0.8280579399141631 0.47067238912732473 0.017703862660944206 0.01859799713876967
0 0.8245708154506438 0.4560085836909871 0.018240343347639486 0.019313304721030045
0 0.7690450643776824 0.45457796852646637 0.016094420600858368 0.017167381974248927
0 0.7250536480686696 0.48569384835479257 0.017167381974248927 0.0178826895565093
0 0.7746781115879828 0.509656652360515 0.012339055793991416 0.012875536480686695
0 0.7687768240343348 0.5225321888412017 0.013412017167381975 0.015021459227467811
0 0.8133047210300429 0.5021459227467812 0.011266094420600859 0.011444921316165951
0 0.8044527896995708 0.4331187410586552 0.012875536480686695 0.013590844062947067
0 0.7947961373390557 0.41487839771101576 0.015021459227467811 0.016452074391988557
0 0.7191523605150214 0.44957081545064376 0.016094420600858368 0.0178826895565093
0 0.7317596566523605 0.46530758226037194 0.01555793991416309 0.015736766809728183
0 0.7548283261802575 0.4617310443490701 0.013948497854077254 0.015021459227467811
0 0.10836909871244635 0.4198855507868383 0.01555793991416309 0.017167381974248927
0 0.10971030042918455 0.4052217453505007 0.012875536480686695 0.013590844062947067
0 0.10246781115879829 0.3959227467811159 0.016094420600858368 0.017167381974248927
0 0.1338519313304721 0.4617310443490701 0.012875536480686695 0.01430615164520744
0 0.06571888412017167 0.43812589413447783 0.015021459227467811 0.015736766809728183
0 0.0536480686695279 0.4291845493562232 0.012875536480686695 0.013590844062947067
0 0.1467274678111588 0.4206008583690987 0.016630901287553648 0.0178826895565093
0 0.0802038626609442 0.5522174535050072 0.015021459227467811 0.015736766809728183
0 0.0815450643776824 0.5772532188841202 0.016094420600858368 0.017167381974248927
0 0.10273605150214592 0.5654506437768241 0.012875536480686695 0.013590844062947067
0 0.11856223175965665 0.5572246065808297 0.01555793991416309 0.017167381974248927
0 0.1609442060085837 0.5375536480686696 0.019313304721030045 0.02074391988555079
0 0.02628755364806867 0.521101573676681 0.0101931330472103 0.01072961373390558
0 0.03165236051502146 0.5443490701001431 0.016094420600858368 0.017167381974248927
0 0.038358369098712444 0.5189556509298998 0.011802575107296138 0.012160228898426323
0 0.00992489270386266 0.4803290414878398 0.016630901287553648 0.0178826895565093
0 0.009388412017167383 0.4613733905579399 0.018776824034334765 0.020028612303290415
0 0.0407725321888412 0.4570815450643777 0.018240343347639486 0.019313304721030045
0 0.039967811158798286 0.5003576537911302 0.013412017167381975 0.015021459227467811
0 0.17677038626609443 0.6459227467811158 0.013412017167381975 0.015021459227467811
0 0.17006437768240343 0.6491416309012875 0.013412017167381975 0.015021459227467811
0 0.17060085836909872 0.67310443490701 0.012339055793991416 0.012875536480686695
0 0.1915236051502146 0.6756080114449213 0.013948497854077254 0.015736766809728183
0 0.1875 0.6938483547925608 0.015021459227467811 0.016452074391988557
0 0.2526824034334764 0.6720314735336195 0.022532188841201718 0.02503576537911302
0 0.13465665236051502 0.6695278969957081 0.011266094420600859 0.011444921316165951
0 0.13814377682403434 0.6834763948497854 0.011802575107296138 0.012160228898426323
0 0.16738197424892703 0.6366237482117311 0.012875536480686695 0.013590844062947067
0 0.21620171673819744 0.5947782546494993 0.016094420600858368 0.017167381974248927
0 0.48819742489270385 0.22210300429184548 0.02092274678111588 0.022174535050071532
0 0.4613733905579399 0.20457796852646637 0.021995708154506438 0.022889842632331903
0 0.43696351931330474 0.1813304721030043 0.018240343347639486 0.019313304721030045
0 0.49409871244635195 0.15450643776824036 0.017703862660944206 0.01859799713876967
0 0.4809549356223176 0.3029327610872675 0.018240343347639486 0.019313304721030045
0 0.7084227467811158 0.28397711015736765 0.01984978540772532 0.02074391988555079
0 0.6700643776824035 0.35050071530758226 0.023605150214592276 0.02575107296137339
0 0.6799892703862661 0.40486409155937053 0.021995708154506438 0.022889842632331903
0 0.753755364806867 0.36337625178826893 0.021995708154506438 0.022889842632331903
0 0.726931330472103 0.34120171673819744 0.02092274678111588 0.022174535050071532
0 0.43803648068669526 0.21101573676680974 0.029506437768240343 0.032188841201716736
0 0.3833154506437768 0.31080114449213164 0.030042918454935622 0.032188841201716736
0 0.35032188841201717 0.3168812589413448 0.02682403433476395 0.027896995708154508
0 0.3605150214592275 0.30185979971387694 0.032188841201716736 0.034334763948497854
0 0.4042381974248927 0.3955650929899857 0.028433476394849784 0.030758226037195996
0 0.3908261802575107 0.376967095851216 0.03487124463519313 0.03719599427753934
0 0.4632510729613734 0.49535050071530756 0.027896995708154508 0.030042918454935622
0 0.4476931330472103 0.5042918454935622 0.034334763948497854 0.03719599427753934
0 0.21915236051502146 0.7560801144492132 0.039163090128755365 0.04220314735336195
0 0.2057403433476395 0.7968526466380543 0.03379828326180258 0.03648068669527897
0 0.5574034334763949 0.5872675250357654 0.02736051502145923 0.02861230329041488
0 0.43293991416309013 0.5050071530758226 0.028969957081545063 0.031473533619456366
0 0.29318669527896996 0.9216738197424893 0.021995708154506438 0.023605150214592276