0 0.44711538461538464 0.8553038105046344 0.03021978021978022 0.02420185375901133
0 0.39800824175824173 0.8733264675592173 0.03502747252747253 0.028836251287332648
0 0.49313186813186816 0.785015447991761 0.038461538461538464 0.02729145211122554
0 0.4807692307692308 0.8246652935118435 0.07142857142857142 0.04016477857878476
0 0.46600274725274726 0.8097322348094748 0.0260989010989011 0.01905252317198764
0 0.4989697802197802 0.8274974253347065 0.027472527472527472 0.02059732234809475
0 0.4635989010989011 0.8344490216271885 0.03502747252747253 0.025746652935118436
0 0.41380494505494503 0.7633882595262615 0.03159340659340659 0.021112255406797117
0 0.45879120879120877 0.7739443872296602 0.036401098901098904 0.026776519052523172
0 0.45123626373626374 0.7659629248197735 0.019917582417582416 0.014418125643666324
0 0.41552197802197804 0.7188465499485067 0.038461538461538464 0.030895983522142123
0 0.5278159340659341 0.6892378990731205 0.04601648351648352 0.03192584963954686
0 0.5164835164835165 0.7144696189495365 0.038461538461538464 0.028836251287332648
0 0.5666208791208791 0.696961894953656 0.0521978021978022 0.038619979402677654
0 0.5539148351648352 0.6825437693099897 0.03021978021978022 0.025231719876416064
0 0.5597527472527473 0.7075180226570545 0.036401098901098904 0.02729145211122554
0 0.5810439560439561 0.6846035015447992 0.028846153846153848 0.023171987641606592
0 0.5789835164835165 0.6583419155509783 0.03365384615384615 0.026776519052523172
0 0.5480769230769231 0.6361997940267765 0.03502747252747253 0.026776519052523172
0 0.5364010989010989 0.657826982492276 0.030906593406593408 0.02420185375901133
0 0.43509615384615385 0.634140061791967 0.027472527472527472 0.025746652935118436
0 0.40487637362637363 0.6233264675592173 0.025412087912087912 0.022142121524201853
0 0.5020604395604396 0.5906282183316169 0.029532967032967032 0.02265705458290422
0 0.5487637362637363 0.5759526261585994 0.03021978021978022 0.02420185375901133
0 0.5446428571428571 0.6086508753861998 0.027472527472527472 0.02008238928939238
0 0.41517857142857145 0.5733779608650875 0.0260989010989011 0.02059732234809475
0 0.4962225274725275 0.546086508753862 0.032280219780219783 0.02008238928939238
0 0.47493131868131866 0.5453141091658085 0.0260989010989011 0.02265705458290422
0 0.4519230769230769 0.5509783728115345 0.03021978021978022 0.02368692070030896
0 0.3911401098901099 0.5661688980432544 0.03296703296703297 0.02368692070030896
0 0.4584478021978022 0.6016992790937178 0.032280219780219783 0.02420185375901133
0 0.6119505494505495 0.5975798146240988 0.028846153846153848 0.02265705458290422
0 0.5807005494505495 0.592173017507724 0.03296703296703297 0.02265705458290422
0 0.5989010989010989 0.6359423274974253 0.03021978021978022 0.021627188465499485
0 0.6507554945054945 0.6709577754891864 0.030906593406593408 0.021627188465499485
0 0.6854395604395604 0.675849639546859 0.02815934065934066 0.021112255406797117
0 0.663804945054945 0.5926879505664263 0.02815934065934066 0.023171987641606592
0 0.7194368131868132 0.5579299691040165 0.032280219780219783 0.022142121524201853
0 0.7108516483516484 0.5834191555097837 0.03159340659340659 0.021112255406797117
0 0.7372939560439561 0.6071060762100927 0.03708791208791209 0.02368692070030896
0 0.6119505494505495 0.5187950566426365 0.03021978021978022 0.02265705458290422
0 0.5666208791208791 0.5092687950566427 0.027472527472527472 0.023171987641606592
0 0.5188873626373627 0.5059217301750772 0.03571428571428571 0.025231719876416064
0 0.5243818681318682 0.4742533470648816 0.026785714285714284 0.021627188465499485
0 0.5442994505494505 0.4461894953656025 0.032280219780219783 0.022142121524201853
0 0.6092032967032966 0.430226570545829 0.034340659340659344 0.024716786817713696
0 0.657967032967033 0.4258496395468589 0.03708791208791209 0.02729145211122554
0 0.6850961538461539 0.430226570545829 0.036401098901098904 0.025746652935118436
0 0.43166208791208793 0.42687950566426364 0.029532967032967032 0.02420185375901133
0 0.3701923076923077 0.42559217301750774 0.030906593406593408 0.021112255406797117
0 0.3863324175824176 0.47811534500514935 0.03502747252747253 0.028836251287332648
0 0.4072802197802198 0.5102986611740473 0.030906593406593408 0.021627188465499485
0 0.21600274725274726 0.5100411946446962 0.04120879120879121 0.029866117404737384
0 0.2764423076923077 0.5 0.036401098901098904 0.023171987641606592
0 0.32211538461538464 0.4755406797116375 0.032280219780219783 0.02265705458290422
0 0.2936126373626374 0.49768280123583936 0.05631868131868132 0.0411946446961895
0 0.31078296703296704 0.4477342945417096 0.028846153846153848 0.02059732234809475
0 0.28262362637362637 0.4291967044284243 0.03021978021978022 0.021627188465499485
0 0.2554945054945055 0.42713697219361485 0.028846153846153848 0.02059732234809475
0 0.26304945054945056 0.39752832131822863 0.03021978021978022 0.021112255406797117
0 0.19986263736263737 0.42713697219361485 0.048763736263736264 0.027806385169927908
0 0.632554945054945 0.8424304840370752 0.03983516483516483 0.029351184346035016
0 0.604739010989011 0.8280123583934088 0.034340659340659344 0.02832131822863028
0 0.5772664835164835 0.7868177136972193 0.038461538461538464 0.030895983522142123
0 0.6847527472527473 0.8187435633367662 0.03365384615384615 0.02420185375901133
0 0.5703983516483516 0.869979402677652 0.030906593406593408 0.02265705458290422
0 0.614010989010989 0.8725540679711637 0.03365384615384615 0.025746652935118436
0 0.5892857142857143 0.899330587023687 0.02815934065934066 0.02265705458290422
0 0.6593406593406593 0.878475798146241 0.03708791208791209 0.022142121524201853
0 0.6644917582417582 0.8473223480947477 0.03365384615384615 0.018537590113285273
0 0.7139423076923077 0.8452626158599382 0.03502747252747253 0.025746652935118436
0 0.7139423076923077 0.8632852729145211 0.02403846153846154 0.018022657054582905
0 0.6929945054945055 0.8694644696189495 0.03571428571428571 0.024716786817713696
0 0.6957417582417582 0.8990731204943357 0.030906593406593408 0.02265705458290422
0 0.5690247252747253 0.9165808444902163 0.03021978021978022 0.018537590113285273
0 0.5278159340659341 0.956745623069001 0.042582417582417584 0.0345005149330587
0 0.5175137362637363 0.9680741503604532 0.032280219780219783 0.02368692070030896
0 0.5360576923076923 0.9492790937178167 0.02815934065934066 0.023171987641606592
0 0.5655906593406593 0.955200823892894 0.0260989010989011 0.02059732234809475
0 0.6071428571428571 0.9495365602471678 0.021291208791208792 0.017507723995880537
0 0.810782967032967 0.8916065911431514 0.03571428571428571 0.026776519052523172
0 0.8066620879120879 0.8828527291452111 0.027472527472527472 0.022142121524201853
0 0.8173076923076923 0.8975283213182287 0.024725274725274724 0.01596292481977343
0 0.8114697802197802 0.9116889804325438 0.024725274725274724 0.018022657054582905
0 0.7864010989010989 0.791967044284243 0.026785714285714284 0.018537590113285273
0 0.7266483516483516 0.8025231719876416 0.03296703296703297 0.021112255406797117
0 0.6953983516483516 0.7476828012358393 0.03021978021978022 0.02059732234809475
0 0.7359203296703297 0.7438208032955715 0.03502747252747253 0.02420185375901133
0 0.7671703296703297 0.7510298661174047 0.036401098901098904 0.03038105046343975
0 0.8413461538461539 0.7314624098867147 0.028846153846153848 0.016992790937178166
0 0.8035714285714286 0.7772914521112255 0.03296703296703297 0.02059732234809475
0 0.663804945054945 0.7198764160659115 0.024725274725274724 0.016992790937178166
0 0.663804945054945 0.7687950566426365 0.024725274725274724 0.021627188465499485
0 0.7802197802197802 0.5550978372811535 0.0260989010989011 0.01956745623069001
0 0.7469093406593407 0.46086508753862 0.03296703296703297 0.025746652935118436
0 0.7022664835164835 0.47090628218331615 0.03365384615384615 0.02368692070030896
0 0.814217032967033 0.49073120494335737 0.0260989010989011 0.018537590113285273
0 0.9766483516483516 0.501287332646756 0.025412087912087912 0.018537590113285273
0 0.9848901098901099 0.518022657054583 0.02815934065934066 0.023171987641606592
0 0.9732142857142857 0.6081359423274975 0.019917582417582416 0.01596292481977343
0 0.8942307692307693 0.6207518022657055 0.026785714285714284 0.016477857878475798
0 0.9354395604395604 0.7000514933058702 0.02197802197802198 0.017507723995880537
0 0.8914835164835165 0.6902677651905252 0.025412087912087912 0.018537590113285273
0 0.9560439560439561 0.719361483007209 0.024725274725274724 0.016992790937178166
0 0.9752747252747253 0.7675077239958805 0.024725274725274724 0.02008238928939238
0 0.9182692307692307 0.7693099897013388 0.032280219780219783 0.02008238928939238
0 0.8883928571428571 0.7909371781668383 0.032280219780219783 0.02265705458290422
0 0.8523351648351648 0.7893923789907312 0.027472527472527472 0.021112255406797117
0 0.832760989010989 0.783470648815654 0.02403846153846154 0.021112255406797117
0 0.9491758241758241 0.833934088568486 0.03708791208791209 0.021112255406797117
0 0.9010989010989011 0.914778578784758 0.02403846153846154 0.02008238928939238
0 0.8763736263736264 0.9137487126673532 0.022664835164835164 0.01905252317198764
0 0.8633241758241759 0.9183831101956745 0.020604395604395604 0.01596292481977343
0 0.9103708791208791 0.8818228630278064 0.02197802197802198 0.017507723995880537
0 0.945054945054945 0.923274974253347 0.0260989010989011 0.02008238928939238
0 0.8894230769230769 0.9364057672502575 0.02815934065934066 0.021627188465499485
0 0.842032967032967 0.9376930998970134 0.020604395604395604 0.016477857878475798
0 0.8145604395604396 0.9351184346035015 0.028846153846153848 0.02008238928939238