0 0.47767857142857145 0.829557157569516 0.03365384615384615 0.026776519052523172
0 0.5233516483516484 0.851956745623069 0.03914835164835165 0.03192584963954686
0 0.44333791208791207 0.7554067971163748 0.04189560439560439 0.029866117404737384
0 0.4491758241758242 0.796086508753862 0.07623626373626374 0.04582904222451081
0 0.46634615384615385 0.7826982492276005 0.028846153846153848 0.021112255406797117
0 0.43063186813186816 0.797373841400618 0.03021978021978022 0.02265705458290422
0 0.4646291208791209 0.8074150360453141 0.038461538461538464 0.02832131822863028
0 0.5254120879120879 0.7412461380020597 0.034340659340659344 0.02368692070030896
0 0.4793956043956044 0.7476828012358393 0.040521978021978024 0.029351184346035016
0 0.4879807692307692 0.7404737384140062 0.02197802197802198 0.01596292481977343
0 0.5309065934065934 0.696961894953656 0.042582417582417584 0.03347064881565397
0 0.42479395604395603 0.6573120494335737 0.05013736263736264 0.03553038105046344
0 0.43166208791208793 0.6833161688980433 0.04189560439560439 0.03141091658084449
0 0.38461538461538464 0.6614315139031925 0.057005494505494504 0.042224510813594233
0 0.39972527472527475 0.6483007209062822 0.034340659340659344 0.027806385169927908
0 0.3897664835164835 0.6725025746652935 0.03983516483516483 0.029866117404737384
0 0.37259615384615385 0.6477857878475798 0.032280219780219783 0.025231719876416064
0 0.3784340659340659 0.6220391349124614 0.03708791208791209 0.029351184346035016
0 0.41311813186813184 0.6029866117404737 0.038461538461538464 0.029866117404737384
0 0.4210164835164835 0.6253861997940268 0.034340659340659344 0.026776519052523172
0 0.5254120879120879 0.6109680741503605 0.03159340659340659 0.027806385169927908
0 0.5573489010989011 0.603244078269825 0.028846153846153848 0.02368692070030896
0 0.46600274725274726 0.5617919670442842 0.03296703296703297 0.024716786817713696
0 0.4223901098901099 0.5429969104016478 0.03365384615384615 0.026776519052523172
0 0.4206730769230769 0.5756951596292482 0.03021978021978022 0.022142121524201853
0 0.5552884615384616 0.5527806385169928 0.028846153846153848 0.02265705458290422
0 0.4790521978021978 0.518022657054583 0.03502747252747253 0.02265705458290422
0 0.5003434065934066 0.5193099897013388 0.029532967032967032 0.024716786817713696
0 0.5223214285714286 0.5270339855818743 0.03365384615384615 0.026261585993820804
0 0.5800137362637363 0.5476313079299691 0.036401098901098904 0.026261585993820804
0 0.5078983516483516 0.576725025746653 0.03571428571428571 0.026776519052523172
0 0.3557692307692308 0.5589598352214212 0.032280219780219783 0.024716786817713696
0 0.38770604395604397 0.5563851699279093 0.036401098901098904 0.025231719876416064
0 0.3626373626373626 0.59783728115345 0.03296703296703297 0.02420185375901133
0 0.30528846153846156 0.6279608650875386 0.03365384615384615 0.02420185375901133
0 0.2699175824175824 0.6295056642636457 0.030906593406593408 0.023171987641606592
0 0.30494505494505497 0.548918640576725 0.03159340659340659 0.025231719876416064
0 0.25583791208791207 0.5095262615859938 0.03502747252747253 0.024716786817713696
0 0.25995879120879123 0.5357878475798146 0.034340659340659344 0.02368692070030896
0 0.23008241758241757 0.5569001029866117 0.040521978021978024 0.026261585993820804
0 0.36847527472527475 0.48043254376931 0.03365384615384615 0.025231719876416064
0 0.41517857142857145 0.4752832131822863 0.030906593406593408 0.025231719876416064
0 0.46291208791208793 0.476313079299691 0.03914835164835165 0.027806385169927908
0 0.46291208791208793 0.44438722966014416 0.029532967032967032 0.02368692070030896
0 0.44745879120879123 0.4145211122554068 0.03502747252747253 0.024716786817713696
0 0.3856456043956044 0.3928939237899073 0.03777472527472527 0.027806385169927908
0 0.3382554945054945 0.38388259526261587 0.040521978021978024 0.029866117404737384
0 0.31043956043956045 0.3861997940267765 0.03983516483516483 0.02832131822863028
0 0.5625 0.4057672502574665 0.03296703296703297 0.026261585993820804
0 0.6236263736263736 0.41014418125643665 0.03365384615384615 0.02368692070030896
0 0.5992445054945055 0.46086508753862 0.03914835164835165 0.03192584963954686
0 0.5731456043956044 0.4909886714727085 0.03365384615384615 0.02420185375901133
0 0.7630494505494505 0.5082389289392379 0.04532967032967033 0.032955715756951595
0 0.7046703296703297 0.49253347064881564 0.03983516483516483 0.025746652935118436
0 0.6631181318681318 0.4639546858908342 0.03571428571428571 0.025231719876416064
0 0.6881868131868132 0.4886714727085479 0.061813186813186816 0.04531410916580844
0 0.6792582417582418 0.4374356333676622 0.03159340659340659 0.02265705458290422
0 0.7101648351648352 0.42173017507724 0.03296703296703297 0.02420185375901133
0 0.7372939560439561 0.42198764160659114 0.03159340659340659 0.02265705458290422
0 0.7345467032967034 0.3918640576725026 0.03296703296703297 0.02368692070030896
0 0.7925824175824175 0.427394438722966 0.0521978021978022 0.03192584963954686
0 0.2956730769230769 0.7996910401647785 0.04395604395604396 0.03244078269824923
0 0.32554945054945056 0.7881050463439753 0.03777472527472527 0.030895983522142123
0 0.3595467032967033 0.7497425334706488 0.042582417582417584 0.03347064881565397
0 0.24793956043956045 0.7716271884654995 0.03708791208791209 0.026776519052523172
0 0.35267857142857145 0.8329042224510813 0.034340659340659344 0.025231719876416064
0 0.3090659340659341 0.8313594232749743 0.03777472527472527 0.02832131822863028
0 0.32967032967032966 0.8601956745623069 0.03159340659340659 0.024716786817713696
0 0.26339285714285715 0.8331616889804325 0.03983516483516483 0.024716786817713696
0 0.26304945054945056 0.801750772399588 0.03571428571428571 0.021627188465499485
0 0.21428571428571427 0.7953141091658085 0.03914835164835165 0.028836251287332648
0 0.21153846153846154 0.8133367662203913 0.0260989010989011 0.01956745623069001
0 0.23145604395604397 0.8210607621009269 0.03914835164835165 0.02729145211122554
0 0.22355769230769232 0.8504119464469619 0.034340659340659344 0.025231719876416064
0 0.34649725274725274 0.8792481977342945 0.032280219780219783 0.021112255406797117
0 0.38083791208791207 0.9230175077239959 0.04739010989010989 0.03759011328527292
0 0.3894230769230769 0.9351184346035015 0.03571428571428571 0.026261585993820804
0 0.3739697802197802 0.914778578784758 0.03159340659340659 0.025231719876416064
0 0.34375 0.9181256436663234 0.028846153846153848 0.02265705458290422
0 0.30357142857142855 0.9085993820803295 0.023351648351648352 0.01956745623069001
0 0.11092032967032966 0.832389289392379 0.03983516483516483 0.029351184346035016
0 0.11607142857142858 0.824150360453141 0.030906593406593408 0.02420185375901133
0 0.10336538461538461 0.8375386199794027 0.027472527472527472 0.018022657054582905
0 0.10679945054945054 0.8522142121524202 0.026785714285714284 0.01956745623069001
0 0.1510989010989011 0.7355818743563337 0.028846153846153848 0.02059732234809475
0 0.2084478021978022 0.7515447991761071 0.03571428571428571 0.02368692070030896
0 0.24862637362637363 0.7000514933058702 0.03296703296703297 0.023171987641606592
0 0.2091346153846154 0.6925849639546859 0.038461538461538464 0.026776519052523172
0 0.17685439560439561 0.6967044284243048 0.040521978021978024 0.032955715756951595
0 0.10611263736263736 0.6707003089598352 0.030906593406593408 0.01905252317198764
0 0.13667582417582416 0.7196189495365602 0.03571428571428571 0.023171987641606592
0 0.28434065934065933 0.6753347064881565 0.026785714285714284 0.018537590113285273
0 0.2764423076923077 0.7239958805355304 0.027472527472527472 0.023171987641606592
0 0.19574175824175824 0.5010298661174047 0.028846153846153848 0.021627188465499485
0 0.2441620879120879 0.410659114315139 0.03708791208791209 0.02832131822863028
0 0.2867445054945055 0.42481977342945415 0.03708791208791209 0.026261585993820804
0 0.1723901098901099 0.4340885684860968 0.02815934065934066 0.02059732234809475
0 0.014766483516483516 0.4307415036045314 0.016483516483516484 0.01905252317198764
0 0.008241758241758242 0.44670442842430486 0.011675824175824176 0.02265705458290422
0 0.0030906593406593405 0.5360453141091658 0.006181318681318681 0.017507723995880537
0 0.07177197802197802 0.555870236869207 0.028846153846153848 0.018537590113285273
0 0.017857142857142856 0.6307929969104017 0.02403846153846154 0.01905252317198764
0 0.06318681318681318 0.6253861997940268 0.027472527472527472 0.02059732234809475
0 0.0037774725274725275 0.6477857878475798 0.007554945054945055 0.018537590113285273
0 0.023695054945054944 0.701081359423275 0.03502747252747253 0.02265705458290422
0 0.05013736263736264 0.7255406797116375 0.03571428571428571 0.025231719876416064
0 0.08619505494505494 0.7270854788877446 0.03021978021978022 0.023171987641606592
0 0.10645604395604395 0.7229660144181257 0.026785714285714284 0.02265705458290422
0 0.017170329670329672 0.8470648815653965 0.026785714285714284 0.021627188465499485
0 0.04223901098901099 0.8483522142121525 0.025412087912087912 0.02059732234809475
0 0.05391483516483517 0.8540164778578785 0.022664835164835164 0.017507723995880537
0 0.013392857142857142 0.8135942327497425 0.02403846153846154 0.01905252317198764
0 0.025412087912087912 0.8697219361483007 0.030906593406593408 0.02368692070030896
0 0.07211538461538461 0.8753861997940268 0.022664835164835164 0.018022657054582905
0 0.09993131868131869 0.8753861997940268 0.03159340659340659 0.022142121524201853