0 0.43505859375 0.5481770833333334 0.01318359375 0.014322916666666666
0 0.46142578125 0.544921875 0.009765625 0.012369791666666666
0 0.4970703125 0.556640625 0.009765625 0.013020833333333334
0 0.365234375 0.5130208333333334 0.01123046875 0.013020833333333334
0 0.7353515625 0.8046875 0.0087890625 0.009765625
0 0.75439453125 0.7858072916666666 0.0078125 0.011067708333333334
0 0.73193359375 0.7376302083333334 0.0087890625 0.013020833333333334
0 0.74755859375 0.705078125 0.013671875 0.016276041666666668
0 0.77734375 0.6966145833333334 0.0087890625 0.009765625
0 0.90283203125 0.796875 0.01220703125 0.014973958333333334
0 0.9228515625 0.7688802083333334 0.0078125 0.010416666666666666
0 0.91455078125 0.76953125 0.00927734375 0.011067708333333334
0 0.9228515625 0.8125 0.0087890625 0.013020833333333334
0 0.912109375 0.8125 0.00927734375 0.013020833333333334
0 0.79541015625 0.8470052083333334 0.01025390625 0.013020833333333334
0 0.81201171875 0.8704427083333334 0.00732421875 0.008463541666666666
0 0.8115234375 0.41015625 0.01318359375 0.013671875
0 0.8408203125 0.3854166666666667 0.01611328125 0.018880208333333332
0 0.85791015625 0.37890625 0.00830078125 0.011067708333333334
0 0.7734375 0.3541666666666667 0.01513671875 0.020182291666666668
0 0.7568359375 0.3489583333333333 0.01513671875 0.024088541666666668
0 0.7421875 0.3450520833333333 0.017578125 0.021484375
0 0.89111328125 0.3313802083333333 0.0126953125 0.018880208333333332
0 0.89013671875 0.2994791666666667 0.009765625 0.014322916666666666
0 0.8779296875 0.3157552083333333 0.01904296875 0.024739583333333332
0 0.9287109375 0.4270833333333333 0.01611328125 0.018880208333333332
0 0.9423828125 0.3756510416666667 0.01708984375 0.018880208333333332
0 0.92041015625 0.3619791666666667 0.0146484375 0.017578125
0 0.90869140625 0.3235677083333333 0.017578125 0.016927083333333332
0 0.90234375 0.3072916666666667 0.01123046875 0.016276041666666668
0 0.81591796875 0.259765625 0.01611328125 0.020833333333333332
0 0.8720703125 0.37890625 0.01025390625 0.013671875
0 0.84375 0.4140625 0.0126953125 0.016276041666666668
0 0.818359375 0.4752604166666667 0.00927734375 0.010416666666666666
0 0.890625 0.4446614583333333 0.013671875 0.018880208333333332
0 0.84228515625 0.5423177083333334 0.01318359375 0.016276041666666668
0 0.85205078125 0.5794270833333334 0.0078125 0.013020833333333334
0 0.83642578125 0.611328125 0.01123046875 0.014973958333333334
0 0.8095703125 0.6067708333333334 0.01025390625 0.012369791666666666
0 0.8076171875 0.619140625 0.00927734375 0.01171875
0 0.90380859375 0.5638020833333334 0.0078125 0.013671875
0 0.802734375 0.68359375 0.01123046875 0.016276041666666668
0 0.82080078125 0.6360677083333334 0.01123046875 0.016276041666666668
0 0.85888671875 0.5651041666666666 0.015625 0.016927083333333332
0 0.77978515625 0.5045572916666666 0.015625 0.024739583333333332
0 0.8603515625 0.4791666666666667 0.01806640625 0.0234375
0 0.85986328125 0.4576822916666667 0.0126953125 0.013020833333333334
0 0.8896484375 0.435546875 0.01123046875 0.014322916666666666
0 0.892578125 0.4505208333333333 0.013671875 0.013671875
0 0.86474609375 0.4244791666666667 0.01123046875 0.013020833333333334
0 0.90185546875 0.3541666666666667 0.00830078125 0.011067708333333334
0 0.8515625 0.20442708333333334 0.01318359375 0.016276041666666668
0 0.787109375 0.154296875 0.0107421875 0.014973958333333334
0 0.8896484375 0.19140625 0.013671875 0.014973958333333334
0 0.91064453125 0.22526041666666666 0.0146484375 0.018880208333333332
0 0.92333984375 0.232421875 0.01220703125 0.014973958333333334
0 0.81591796875 0.13606770833333334 0.013671875 0.014973958333333334
0 0.62841796875 0.15885416666666666 0.01318359375 0.014973958333333334
0 0.65185546875 0.146484375 0.01123046875 0.014973958333333334
0 0.65966796875 0.12369791666666667 0.01123046875 0.014973958333333334
0 0.67138671875 0.2766927083333333 0.01904296875 0.027994791666666668
0 0.666015625 0.3450520833333333 0.01513671875 0.020182291666666668
0 0.65087890625 0.3444010416666667 0.02001953125 0.022786458333333332
0 0.640625 0.3170572916666667 0.01123046875 0.012369791666666666
0 0.6826171875 0.3053385416666667 0.01806640625 0.017578125
0 0.6318359375 0.458984375 0.01220703125 0.014973958333333334
0 0.76513671875 0.51171875 0.0146484375 0.017578125
0 0.7509765625 0.4973958333333333 0.02099609375 0.021484375
0 0.72607421875 0.5384114583333334 0.01513671875 0.018229166666666668
0 0.76708984375 0.537109375 0.0185546875 0.022786458333333332
0 0.5166015625 0.494140625 0.00927734375 0.013020833333333334
0 0.533203125 0.5065104166666666 0.00927734375 0.013020833333333334
0 0.587890625 0.4029947916666667 0.02294921875 0.029296875
0 0.61474609375 0.4095052083333333 0.017578125 0.021484375
0 0.6357421875 0.390625 0.01611328125 0.020833333333333332
0 0.1474609375 0.7786458333333334 0.01611328125 0.016276041666666668
0 0.17333984375 0.77734375 0.01123046875 0.013020833333333334
0 0.1630859375 0.7962239583333334 0.0166015625 0.0234375
0 0.15771484375 0.74609375 0.01611328125 0.018229166666666668
0 0.2197265625 0.8092447916666666 0.013671875 0.017578125
0 0.1572265625 0.861328125 0.0146484375 0.020833333333333332
0 0.166015625 0.8229166666666666 0.0205078125 0.024739583333333332
0 0.2578125 0.8528645833333334 0.013671875 0.015625
0 0.23876953125 0.7819010416666666 0.01318359375 0.018880208333333332
0 0.26416015625 0.634765625 0.01123046875 0.014973958333333334
0 0.2841796875 0.6471354166666666 0.01318359375 0.017578125
0 0.2451171875 0.6451822916666666 0.01611328125 0.020182291666666668
0 0.24609375 0.6673177083333334 0.01513671875 0.014973958333333334
0 0.23193359375 0.64453125 0.013671875 0.016927083333333332
0 0.70068359375 0.40234375 0.01806640625 0.022135416666666668
0 0.630859375 0.33203125 0.017578125 0.022135416666666668
0 0.4462890625 0.3372395833333333 0.02392578125 0.029947916666666668
0 0.36962890625 0.3990885416666667 0.01953125 0.026692708333333332
0 0.35107421875 0.3951822916666667 0.021484375 0.031901041666666664