0 0.8540992448759439 0.5600719424460432 0.015102481121898598 0.015107913669064749
0 0.8457389428263214 0.5496402877697841 0.011866235167206042 0.01223021582733813
0 0.808252427184466 0.5568345323741007 0.011326860841423949 0.011510791366906475
0 0.8675836030204962 0.5309352517985612 0.014023732470334413 0.013669064748201438
0 0.8379180151024811 0.5280575539568345 0.01779935275080906 0.01870503597122302
0 0.8292880258899676 0.5197841726618705 0.015102481121898598 0.015107913669064749
0 0.8406148867313916 0.5172661870503598 0.008090614886731391 0.007913669064748202
0 0.8516720604099245 0.5068345323741007 0.018338727076591153 0.019424460431654675
0 0.8460086299892126 0.4920863309352518 0.011866235167206042 0.011510791366906475
0 0.8627292340884574 0.48741007194244607 0.011326860841423949 0.011510791366906475
0 0.8168824163969794 0.4841726618705036 0.010248112189859764 0.01079136690647482
0 0.8403451995685005 0.47266187050359715 0.010248112189859764 0.010071942446043165
0 0.8503236245954693 0.4780575539568345 0.012944983818770227 0.012949640287769784
0 0.8284789644012945 0.46223021582733814 0.012405609492988134 0.012949640287769784
0 0.8330636461704423 0.4446043165467626 0.012944983818770227 0.012949640287769784
0 0.6925566343042071 0.6348920863309353 0.012405609492988134 0.01223021582733813
0 0.7144012944983819 0.6388489208633094 0.018878101402373247 0.019424460431654675
0 0.7122437971952535 0.6496402877697842 0.016181229773462782 0.017266187050359712
0 0.7254584681769147 0.670863309352518 0.02319309600862999 0.023741007194244605
0 0.7181769147788565 0.6877697841726619 0.024271844660194174 0.025179856115107913
0 0.46871628910463864 0.4223021582733813 0.010787486515641856 0.010071942446043165
0 0.41127292340884575 0.4856115107913669 0.016720604099244876 0.017985611510791366
0 0.37405609492988134 0.518705035971223 0.012944983818770227 0.013669064748201438
0 0.3592233009708738 0.4974820143884892 0.008629989212513484 0.008633093525179856
0 0.37594390507011866 0.4985611510791367 0.006472491909385114 0.007194244604316547
0 0.42179072276159657 0.5305755395683454 0.017259978425026967 0.017985611510791366
0 0.3932038834951456 0.5003597122302158 0.012405609492988134 0.01223021582733813
0 0.3686623516720604 0.4780575539568345 0.011866235167206042 0.01223021582733813
0 0.5477346278317152 0.6017985611510791 0.018338727076591153 0.01870503597122302
0 0.575512405609493 0.6651079136690647 0.022653721682847898 0.02302158273381295
0 0.6092233009708737 0.6866906474820144 0.016720604099244876 0.017266187050359712
0 0.6038295577130529 0.6931654676258993 0.016181229773462782 0.017266187050359712
0 0.6197411003236246 0.6705035971223021 0.016720604099244876 0.017985611510791366
0 0.5218446601941747 0.7172661870503597 0.011326860841423949 0.011510791366906475
0 0.5515102481121898 0.7212230215827338 0.018338727076591153 0.019424460431654675
0 0.5566343042071198 0.6985611510791367 0.018338727076591153 0.019424460431654675
0 0.557982740021575 0.7712230215827338 0.007011866235167206 0.007194244604316547
0 0.5612189859762675 0.7676258992805756 0.008629989212513484 0.008633093525179856
0 0.5266990291262136 0.7661870503597122 0.016181229773462782 0.017266187050359712
0 0.5078209277238404 0.7607913669064749 0.017259978425026967 0.017985611510791366
0 0.4784250269687163 0.7370503597122302 0.017259978425026967 0.01870503597122302
0 0.5242718446601942 0.7467625899280576 0.008629989212513484 0.007913669064748202
0 0.5461165048543689 0.8169064748201439 0.008629989212513484 0.00935251798561151
0 0.5490830636461704 0.8226618705035971 0.008629989212513484 0.008633093525179856
0 0.5620280474649406 0.8323741007194244 0.011866235167206042 0.01223021582733813
0 0.546655879180151 0.8428057553956835 0.004314994606256742 0.004316546762589928
0 0.5752427184466019 0.85431654676259 0.016181229773462782 0.016546762589928057
0 0.5906148867313916 0.8258992805755395 0.019417475728155338 0.020863309352517987
0 0.563915857605178 0.8438848920863309 0.014023732470334413 0.013669064748201438
0 0.5685005393743258 0.8370503597122302 0.014563106796116505 0.015107913669064749
0 0.6016720604099245 0.8111510791366906 0.008090614886731391 0.007913669064748202
0 0.4967637540453074 0.7827338129496403 0.01779935275080906 0.019424460431654675
0 0.5968176914778857 0.8553956834532375 0.014563106796116505 0.015107913669064749
0 0.5887270765911543 0.8489208633093526 0.017259978425026967 0.017985611510791366
0 0.6318770226537217 0.8600719424460431 0.010787486515641856 0.011510791366906475
0 0.6467098166127292 0.8402877697841726 0.022653721682847898 0.02302158273381295
0 0.622168284789644 0.820863309352518 0.019417475728155338 0.020863309352517987
0 0.6734088457389428 0.814748201438849 0.025889967637540454 0.026618705035971222
0 0.6294498381877023 0.7575539568345324 0.011866235167206042 0.011510791366906475
0 0.6208198489751888 0.753956834532374 0.014023732470334413 0.013669064748201438
0 0.6507551240560949 0.6546762589928058 0.018338727076591153 0.019424460431654675
0 0.7351672060409924 0.7176258992805755 0.010787486515641856 0.01079136690647482
0 0.7216828478964401 0.7510791366906475 0.019417475728155338 0.02014388489208633
0 0.7305825242718447 0.7363309352517986 0.019956850053937433 0.020863309352517987
0 0.7230312837108953 0.729136690647482 0.022653721682847898 0.02302158273381295
0 0.7114347357065803 0.741726618705036 0.023732470334412083 0.023741007194244605
0 0.7411003236245954 0.7007194244604317 0.022114347357065803 0.02302158273381295
0 0.6995685005393744 0.6723021582733812 0.018878101402373247 0.02014388489208633
0 0.7524271844660194 0.7079136690647482 0.014563106796116505 0.014388489208633094
0 0.7548543689320388 0.6960431654676259 0.008090614886731391 0.007913669064748202
0 0.7580906148867314 0.6866906474820144 0.009169363538295576 0.010071942446043165
0 0.7742718446601942 0.5683453237410072 0.01779935275080906 0.019424460431654675
0 0.7629449838187702 0.6118705035971223 0.018338727076591153 0.019424460431654675
0 0.801779935275081 0.6446043165467625 0.018338727076591153 0.019424460431654675
0 0.8122977346278317 0.6201438848920864 0.016720604099244876 0.017266187050359712
0 0.7866774541531824 0.5967625899280575 0.022653721682847898 0.02302158273381295
0 0.86596548004315 0.518705035971223 0.010248112189859764 0.01079136690647482
0 0.8872707659115426 0.503956834532374 0.010787486515641856 0.01079136690647482
0 0.9004854368932039 0.49424460431654677 0.010248112189859764 0.010071942446043165
0 0.7265372168284789 0.4248201438848921 0.011866235167206042 0.011510791366906475
0 0.5711974110032363 0.7931654676258992 0.008629989212513484 0.008633093525179856
0 0.7073894282632147 0.5622302158273381 0.011866235167206042 0.01223021582733813
0 0.6949838187702265 0.6133093525179856 0.011866235167206042 0.01223021582733813
0 0.6936353829557713 0.587410071942446 0.010787486515641856 0.011510791366906475
0 0.738673139158576 0.5219424460431654 0.012405609492988134 0.012949640287769784
0 0.7427184466019418 0.6302158273381295 0.014023732470334413 0.014388489208633094
0 0.7297734627831716 0.6284172661870504 0.018878101402373247 0.02014388489208633
0 0.7518878101402373 0.6640287769784172 0.022114347357065803 0.02302158273381295
0 0.7834412081984897 0.6431654676258993 0.014563106796116505 0.014388489208633094
0 0.7696871628910464 0.6640287769784172 0.01564185544768069 0.016546762589928057
0 0.7041531823085221 0.6550359712230216 0.021035598705501618 0.02158273381294964
0 0.7014563106796117 0.6953237410071943 0.019956850053937433 0.020863309352517987
0 0.6782632146709816 0.6827338129496403 0.02535059331175836 0.025179856115107913
0 0.6402373247033442 0.6996402877697842 0.010248112189859764 0.010071942446043165
0 0.6313376483279396 0.733453237410072 0.018878101402373247 0.02014388489208633
0 0.6092233009708737 0.7248201438848921 0.010248112189859764 0.01079136690647482
0 0.580906148867314 0.3010791366906475 0.012944983818770227 0.013669064748201438
0 0.6723300970873787 0.3133093525179856 0.018338727076591153 0.02014388489208633
0 0.6256742179072277 0.2525179856115108 0.015102481121898598 0.015827338129496403
0 0.5372168284789643 0.3762589928057554 0.012405609492988134 0.012949640287769784
0 0.5307443365695793 0.2539568345323741 0.014563106796116505 0.014388489208633094
0 0.3794498381877023 0.5201438848920863 0.02481121898597627 0.025179856115107913
0 0.32874865156418553 0.510431654676259 0.017259978425026967 0.01870503597122302
0 0.31769147788565266 0.5309352517985612 0.017259978425026967 0.017985611510791366
0 0.5458468176914779 0.5032374100719424 0.01779935275080906 0.01870503597122302
0 0.5045846817691478 0.479136690647482 0.018338727076591153 0.019424460431654675
0 0.5329018338727076 0.5021582733812949 0.018338727076591153 0.01870503597122302
0 0.5102481121898598 0.4672661870503597 0.019417475728155338 0.020863309352517987
0 0.5153721682847896 0.4852517985611511 0.019956850053937433 0.020863309352517987
0 0.5442286947141316 0.5356115107913669 0.021574973031283712 0.022302158273381296
0 0.5889967637540453 0.5841726618705037 0.018338727076591153 0.02014388489208633
0 0.6032901833872708 0.5571942446043165 0.02319309600862999 0.023741007194244605
0 0.7284250269687162 0.6564748201438849 0.023732470334412083 0.02446043165467626
0 0.7769687162891047 0.6539568345323741 0.02319309600862999 0.02302158273381295
0 0.7251887810140237 0.6967625899280575 0.02319309600862999 0.023741007194244605
0 0.7451456310679612 0.7287769784172662 0.022114347357065803 0.02302158273381295
0 0.488403451995685 0.5176258992805756 0.02535059331175836 0.025179856115107913
0 0.47303128371089537 0.5496402877697841 0.022114347357065803 0.022302158273381296
0 0.4848975188781014 0.5377697841726619 0.026429341963322545 0.027338129496402876
0 0.4684466019417476 0.22589928057553957 0.01564185544768069 0.016546762589928057
0 0.4873247033441208 0.2823741007194245 0.014023732470334413 0.013669064748201438
0 0.48462783171521034 0.2723021582733813 0.015102481121898598 0.015827338129496403
0 0.5210355987055016 0.25359712230215825 0.014023732470334413 0.014388489208633094
0 0.5142934196332255 0.19172661870503596 0.014563106796116505 0.014388489208633094
0 0.5428802588996764 0.2262589928057554 0.014023732470334413 0.014388489208633094
0 0.552319309600863 0.210431654676259 0.01348435814455232 0.013669064748201438
0 0.41639697950377563 0.1381294964028777 0.01348435814455232 0.013669064748201438
0 0.4045307443365696 0.16546762589928057 0.014563106796116505 0.015107913669064749
0 0.3977885652642934 0.15575539568345323 0.01348435814455232 0.013669064748201438
0 0.424217907227616 0.18453237410071943 0.012405609492988134 0.012949640287769784
0 0.4608953613807983 0.19316546762589928 0.018878101402373247 0.02014388489208633
0 0.3848435814455232 0.27482014388489207 0.014563106796116505 0.015107913669064749
0 0.27130528586839264 0.4485611510791367 0.016181229773462782 0.017266187050359712
0 0.17313915857605178 0.2888489208633094 0.014023732470334413 0.013669064748201438
0 0.21035598705501618 0.29244604316546763 0.01564185544768069 0.017266187050359712
0 0.32308522114347354 0.16546762589928057 0.017259978425026967 0.01870503597122302
0 0.3309061488673139 0.19532374100719424 0.015102481121898598 0.015827338129496403
0 0.35436893203883496 0.17553956834532375 0.018338727076591153 0.02014388489208633
0 0.35949298813376485 0.10755395683453238 0.015102481121898598 0.015107913669064749