0 0.69580078125 0.16145833333333334 0.0107421875 0.011067708333333334
0 0.69873046875 0.14713541666666666 0.0078125 0.0078125
0 0.70654296875 0.14778645833333334 0.0087890625 0.008463541666666666
0 0.71484375 0.18359375 0.00927734375 0.010416666666666666
0 0.70947265625 0.23502604166666666 0.01123046875 0.011067708333333334
0 0.6806640625 0.197265625 0.00927734375 0.010416666666666666
0 0.72265625 0.220703125 0.009765625 0.011067708333333334
0 0.6474609375 0.25 0.01123046875 0.013020833333333334
0 0.64892578125 0.208984375 0.01025390625 0.010416666666666666
0 0.6669921875 0.15364583333333334 0.00927734375 0.009765625
0 0.671875 0.17122395833333334 0.0126953125 0.012369791666666666
0 0.46044921875 0.7591145833333334 0.01025390625 0.011067708333333334
0 0.4267578125 0.767578125 0.0107421875 0.01171875
0 0.47509765625 0.7727864583333334 0.00830078125 0.009114583333333334
0 0.4609375 0.7760416666666666 0.00927734375 0.009765625
0 0.470703125 0.7897135416666666 0.00732421875 0.0078125
0 0.48046875 0.765625 0.0078125 0.008463541666666666
0 0.4814453125 0.7591145833333334 0.00732421875 0.008463541666666666
0 0.5048828125 0.7493489583333334 0.0107421875 0.01171875
0 0.5048828125 0.76953125 0.00732421875 0.007161458333333333
0 0.4912109375 0.3919270833333333 0.017578125 0.018880208333333332
0 0.48095703125 0.4127604166666667 0.0166015625 0.017578125
0 0.51416015625 0.4140625 0.0166015625 0.018880208333333332
0 0.52392578125 0.4088541666666667 0.0185546875 0.020833333333333332
0 0.6689453125 0.60546875 0.01025390625 0.009765625
0 0.70166015625 0.572265625 0.0087890625 0.009765625
0 0.69189453125 0.5188802083333334 0.00830078125 0.009114583333333334
0 0.55029296875 0.3802083333333333 0.01611328125 0.018229166666666668
0 0.54541015625 0.37890625 0.00732421875 0.008463541666666666
0 0.55029296875 0.37890625 0.00732421875 0.0078125
0 0.5546875 0.3834635416666667 0.01171875 0.012369791666666666
0 0.65185546875 0.23372395833333334 0.00927734375 0.009765625
0 0.65869140625 0.248046875 0.00830078125 0.009765625
0 0.65576171875 0.2604166666666667 0.0078125 0.007161458333333333
0 0.703125 0.279296875 0.013671875 0.014322916666666666
0 0.68359375 0.2890625 0.01171875 0.013020833333333334
0 0.7158203125 0.3001302083333333 0.01025390625 0.011067708333333334
0 0.76123046875 0.4225260416666667 0.015625 0.018880208333333332
0 0.6904296875 0.21614583333333334 0.01318359375 0.014973958333333334
0 0.681640625 0.232421875 0.00732421875 0.008463541666666666
0 0.59912109375 0.328125 0.01708984375 0.018229166666666668
0 0.5859375 0.34375 0.01611328125 0.016927083333333332
0 0.60595703125 0.365234375 0.0166015625 0.017578125
0 0.564453125 0.359375 0.0126953125 0.012369791666666666
0 0.5869140625 0.4069010416666667 0.01513671875 0.016927083333333332
0 0.54931640625 0.3932291666666667 0.01123046875 0.013020833333333334
0 0.63818359375 0.4817708333333333 0.0126953125 0.013671875
0 0.6591796875 0.4993489583333333 0.01708984375 0.017578125
0 0.4931640625 0.4733072916666667 0.01220703125 0.013671875
0 0.5048828125 0.5397135416666666 0.0107421875 0.01171875
0 0.7587890625 0.388671875 0.0234375 0.025390625
0 0.740234375 0.4055989583333333 0.02099609375 0.022135416666666668
0 0.77294921875 0.3723958333333333 0.015625 0.017578125
0 0.78271484375 0.40625 0.015625 0.016927083333333332
0 0.7802734375 0.4251302083333333 0.017578125 0.020182291666666668
0 0.80029296875 0.4075520833333333 0.01904296875 0.022135416666666668