0 0.0903436018957346 0.041469194312796206 0.018364928909952605 0.023696682464454975
0 0.0764218009478673 0.018957345971563982 0.015995260663507108 0.02132701421800948
0 0.14247630331753555 0.08293838862559241 0.018364928909952605 0.01579778830963665
0 0.6270734597156398 0.9964454976303317 0.027843601895734597 0.0071090047393364926
0 0.6750592417061612 0.9964454976303317 0.021919431279620854 0.0071090047393364926
0 0.6596563981042654 0.9956556082148499 0.021919431279620854 0.008688783570300158
0 0.5885663507109005 0.9822274881516587 0.02014218009478673 0.030805687203791468
0 0.5168838862559242 0.9609004739336493 0.018364928909952605 0.02448657187993681
0 0.5014810426540285 0.9842022116903634 0.019549763033175356 0.02843601895734597
0 0.48667061611374407 0.9139020537124802 0.016587677725118485 0.019747235387045814
0 0.5029620853080569 0.9063981042654028 0.018957345971563982 0.019747235387045814
0 0.5441350710900474 0.9146919431279621 0.02132701421800948 0.030805687203791468
0 0.3527843601895735 0.8570300157977883 0.009478672985781991 0.01579778830963665
0 0.346563981042654 0.8554502369668247 0.006516587677725118 0.010268562401263823
0 0.3424170616113744 0.8649289099526066 0.01066350710900474 0.015007898894154818
0 0.2846563981042654 0.9202211690363349 0.013625592417061612 0.017377567140600316
0 0.2360781990521327 0.8420221169036335 0.009478672985781991 0.014218009478672985
0 0.2334123222748815 0.8775671406003159 0.009478672985781991 0.014218009478672985
0 0.24377962085308058 0.8988941548183255 0.01066350710900474 0.014218009478672985
0 0.31398104265402843 0.8542654028436019 0.008886255924170616 0.011848341232227487
0 0.31635071090047395 0.8234597156398105 0.008886255924170616 0.011848341232227487
0 0.28850710900473936 0.8317535545023697 0.008886255924170616 0.011058451816745656
0 0.30183649289099523 0.5616113744075829 0.011848341232227487 0.017377567140600316
0 0.29768957345971564 0.5766192733017378 0.014218009478672985 0.015007898894154818
0 0.2950236966824645 0.6121642969984202 0.01066350710900474 0.016587677725118485
0 0.36463270142180093 0.5398894154818326 0.013625592417061612 0.014218009478672985
0 0.32671800947867297 0.34913112164297 0.012440758293838863 0.015007898894154818
0 0.05835308056872038 0.2804107424960506 0.026066350710900472 0.035545023696682464
0 0.09300947867298578 0.39257503949447076 0.020734597156398103 0.02527646129541864
0 0.0835308056872038 0.7112954186413902 0.016587677725118485 0.023696682464454975
0 0.09330568720379147 0.6875987361769352 0.015995260663507108 0.020537124802527645
0 0.028139810426540283 0.6753554502369669 0.014218009478672985 0.018167456556082148
0 0.031990521327014215 0.7575039494470774 0.013033175355450236 0.020537124802527645
0 0.08767772511848342 0.7725118483412322 0.014218009478672985 0.018167456556082148
0 0.07819905213270142 0.7634281200631912 0.015995260663507108 0.02132701421800948
0 0.06812796208530805 0.754739336492891 0.011848341232227487 0.017377567140600316
0 0.05864928909952607 0.8530805687203792 0.013033175355450236 0.019747235387045814
0 0.01481042654028436 0.8009478672985783 0.015995260663507108 0.02448657187993681
0 0.027843601895734597 0.8297788309636651 0.0231042654028436 0.02843601895734597
0 0.02754739336492891 0.8230647709320695 0.008886255924170616 0.011848341232227487
0 0.5651658767772512 0.6346761453396524 0.016587677725118485 0.02527646129541864
0 0.5820497630331753 0.6686413902053713 0.018364928909952605 0.02527646129541864
0 0.5636848341232228 0.7116903633491312 0.017772511848341232 0.022116903633491312
0 0.580568720379147 0.7199842022116903 0.020734597156398103 0.02764612954186414
0 0.5177725118483413 0.7843601895734598 0.02014218009478673 0.026856240126382307
0 0.5503554502369669 0.8041074249605056 0.020734597156398103 0.02527646129541864
0 0.6252962085308057 0.8013428120063191 0.018957345971563982 0.022116903633491312
0 0.18335308056872038 0.42377567140600314 0.024881516587677725 0.029225908372827805
0 0.18927725118483413 0.4498420221169036 0.030213270142180094 0.038704581358609796
0 0.15669431279620852 0.42693522906793047 0.029028436018957347 0.03949447077409163
0 0.14691943127962084 0.4928909952606635 0.03495260663507109 0.04107424960505529
0 0.07968009478672985 0.4735387045813586 0.030805687203791468 0.03949447077409163
0 0.07790284360189574 0.5193522906793049 0.030805687203791468 0.04186413902053712
0 0.1270734597156398 0.5454186413902053 0.03613744075829384 0.04739336492890995
0 0.10159952606635071 0.5454186413902053 0.030805687203791468 0.04265402843601896
0 0.12648104265402843 0.5110584518167457 0.0254739336492891 0.036334913112164295
0 0.10545023696682465 0.4932859399684044 0.031990521327014215 0.04265402843601896
0 0.1877962085308057 0.3807266982622433 0.035545023696682464 0.045023696682464455
0 0.10456161137440759 0.2902843601895735 0.027843601895734597 0.03949447077409163
0 0.26244075829383884 0.3495260663507109 0.03672985781990521 0.04976303317535545
0 0.8533767772511849 0.17061611374407584 0.018364928909952605 0.022906793048973143
0 0.7802132701421801 0.1966824644549763 0.018957345971563982 0.02448657187993681
0 0.7559241706161137 0.20497630331753555 0.018957345971563982 0.026066350710900472
0 0.9028436018957346 0.2112954186413902 0.02132701421800948 0.030805687203791468
0 0.9617890995260664 0.1334913112164297 0.016587677725118485 0.022906793048973143
0 0.980154028436019 0.1773301737756714 0.01481042654028436 0.019747235387045814
0 0.6872037914691943 0.5343601895734598 0.018957345971563982 0.026066350710900472
0 0.6688388625592417 0.5509478672985783 0.022511848341232227 0.03238546603475513
0 0.5639810426540285 0.5624012638230648 0.024881516587677725 0.030805687203791468
0 0.576718009478673 0.4707740916271722 0.02014218009478673 0.026856240126382307