0 0.84326171875 0.271484375 0.01220703125 0.017578125
0 0.859375 0.30859375 0.0078125 0.012369791666666666
0 0.80615234375 0.2682291666666667 0.01123046875 0.014322916666666666
0 0.7841796875 0.25 0.01123046875 0.01171875
0 0.7666015625 0.20377604166666666 0.01123046875 0.010416666666666666
0 0.78076171875 0.326171875 0.0107421875 0.013671875
0 0.8740234375 0.13346354166666666 0.00927734375 0.013671875
0 0.71337890625 0.263671875 0.01171875 0.015625
0 0.83349609375 0.703125 0.01318359375 0.015625
0 0.82861328125 0.7317708333333334 0.0224609375 0.025390625
0 0.77294921875 0.6647135416666666 0.02783203125 0.03515625
0 0.8076171875 0.6725260416666666 0.01513671875 0.020833333333333332
0 0.80615234375 0.7063802083333334 0.01806640625 0.024088541666666668
0 0.875 0.7766927083333334 0.01123046875 0.012369791666666666
0 0.857421875 0.767578125 0.0087890625 0.011067708333333334
0 0.84912109375 0.7779947916666666 0.00732421875 0.0078125
0 0.87353515625 0.7981770833333334 0.00927734375 0.011067708333333334
0 0.857421875 0.7955729166666666 0.0087890625 0.01171875
0 0.84765625 0.7975260416666666 0.00830078125 0.009114583333333334
0 0.82373046875 0.7565104166666666 0.01220703125 0.016276041666666668
0 0.78564453125 0.7747395833333334 0.01123046875 0.013671875
0 0.7724609375 0.7786458333333334 0.013671875 0.018229166666666668
0 0.8515625 0.8938802083333334 0.01123046875 0.012369791666666666
0 0.8369140625 0.8919270833333334 0.009765625 0.013020833333333334
0 0.82861328125 0.89453125 0.009765625 0.013020833333333334
0 0.8076171875 0.9036458333333334 0.009765625 0.009765625
0 0.8681640625 0.9075520833333334 0.0087890625 0.008463541666666666
0 0.7744140625 0.88671875 0.00927734375 0.010416666666666666
0 0.7783203125 0.861328125 0.0087890625 0.010416666666666666
0 0.787109375 0.8502604166666666 0.00927734375 0.013671875
0 0.884765625 0.841796875 0.01025390625 0.011067708333333334
0 0.880859375 0.8528645833333334 0.00927734375 0.009765625
0 0.8837890625 0.86328125 0.00634765625 0.008463541666666666
0 0.873046875 0.88671875 0.00634765625 0.007161458333333333
0 0.8828125 0.7473958333333334 0.00732421875 0.009114583333333334
0 0.8779296875 0.7024739583333334 0.00732421875 0.0078125
0 0.86669921875 0.7122395833333334 0.009765625 0.012369791666666666
0 0.8330078125 0.6848958333333334 0.0166015625 0.020182291666666668
0 0.8544921875 0.5188802083333334 0.0087890625 0.010416666666666666
0 0.9013671875 0.509765625 0.0087890625 0.012369791666666666
0 0.8955078125 0.5188802083333334 0.00732421875 0.009765625
0 0.84423828125 0.5078125 0.00634765625 0.009765625
0 0.8076171875 0.5162760416666666 0.00732421875 0.009765625
0 0.814453125 0.5325520833333334 0.00927734375 0.011067708333333334
0 0.84521484375 0.5338541666666666 0.00830078125 0.010416666666666666
0 0.89208984375 0.4244791666666667 0.01123046875 0.011067708333333334
0 0.8720703125 0.4225260416666667 0.00830078125 0.012369791666666666
0 0.87744140625 0.4108072916666667 0.0068359375 0.009765625
0 0.83544921875 0.4192708333333333 0.00634765625 0.0078125
0 0.84765625 0.4108072916666667 0.01318359375 0.014973958333333334
0 0.85546875 0.3919270833333333 0.0078125 0.01171875
0 0.88916015625 0.4381510416666667 0.00732421875 0.011067708333333334
0 0.89453125 0.2526041666666667 0.00634765625 0.009765625
0 0.8876953125 0.24544270833333334 0.00634765625 0.009765625
0 0.8232421875 0.236328125 0.01318359375 0.015625
0 0.84765625 0.2552083333333333 0.01025390625 0.012369791666666666
0 0.837890625 0.310546875 0.0087890625 0.009765625
0 0.876953125 0.3287760416666667 0.00927734375 0.010416666666666666
0 0.8720703125 0.3209635416666667 0.009765625 0.010416666666666666
0 0.8740234375 0.119140625 0.0107421875 0.014973958333333334
0 0.8251953125 0.185546875 0.0078125 0.012369791666666666
0 0.79296875 0.21484375 0.00634765625 0.010416666666666666
0 0.84033203125 0.197265625 0.00634765625 0.01171875
0 0.85791015625 0.20572916666666666 0.00927734375 0.01171875
0 0.859375 0.23177083333333334 0.01025390625 0.014322916666666666
0 0.75830078125 0.17057291666666666 0.0107421875 0.010416666666666666
0 0.7353515625 0.17578125 0.00830078125 0.012369791666666666
0 0.72705078125 0.15299479166666666 0.00732421875 0.010416666666666666
0 0.72900390625 0.13411458333333334 0.009765625 0.012369791666666666
0 0.8212890625 0.15885416666666666 0.00634765625 0.009114583333333334
0 0.759765625 0.21875 0.0087890625 0.012369791666666666
0 0.77197265625 0.2825520833333333 0.01123046875 0.014973958333333334
0 0.73583984375 0.3229166666666667 0.0078125 0.010416666666666666
0 0.7578125 0.3118489583333333 0.00830078125 0.009765625
0 0.79345703125 0.353515625 0.01220703125 0.017578125
0 0.75390625 0.3548177083333333 0.0087890625 0.012369791666666666
0 0.751953125 0.373046875 0.00927734375 0.011067708333333334
0 0.76708984375 0.3763020833333333 0.009765625 0.013020833333333334
0 0.7666015625 0.5247395833333334 0.0087890625 0.012369791666666666
0 0.7666015625 0.5110677083333334 0.009765625 0.012369791666666666
0 0.77587890625 0.5423177083333334 0.01123046875 0.014322916666666666
0 0.75 0.5787760416666666 0.01708984375 0.018880208333333332
0 0.73046875 0.58203125 0.021484375 0.02734375
0 0.7470703125 0.6217447916666666 0.0205078125 0.020182291666666668
0 0.83935546875 0.5885416666666666 0.01025390625 0.012369791666666666
0 0.84033203125 0.5670572916666666 0.017578125 0.022135416666666668
0 0.763671875 0.6751302083333334 0.0166015625 0.018880208333333332
0 0.798828125 0.72265625 0.01708984375 0.017578125
0 0.73486328125 0.640625 0.0166015625 0.020833333333333332
0 0.72412109375 0.8990885416666666 0.0078125 0.010416666666666666
0 0.73876953125 0.890625 0.01123046875 0.013020833333333334
0 0.6484375 0.8020833333333334 0.017578125 0.024088541666666668
0 0.63818359375 0.71875 0.01513671875 0.020182291666666668
0 0.63671875 0.7037760416666666 0.0107421875 0.011067708333333334
0 0.6484375 0.6842447916666666 0.0263671875 0.030598958333333332
0 0.6884765625 0.720703125 0.013671875 0.014973958333333334
0 0.689453125 0.7350260416666666 0.00634765625 0.009765625
0 0.6943359375 0.7434895833333334 0.01025390625 0.012369791666666666
0 0.685546875 0.56640625 0.00732421875 0.01171875
0 0.71337890625 0.5748697916666666 0.01904296875 0.022135416666666668
0 0.73388671875 0.6028645833333334 0.0087890625 0.01171875
0 0.6767578125 0.5299479166666666 0.017578125 0.022135416666666668
0 0.71044921875 0.5384114583333334 0.0087890625 0.012369791666666666
0 0.6875 0.4329427083333333 0.0166015625 0.017578125
0 0.671875 0.4264322916666667 0.0185546875 0.020182291666666668
0 0.6484375 0.4010416666666667 0.017578125 0.022135416666666668
0 0.666015625 0.212890625 0.00732421875 0.011067708333333334
0 0.68115234375 0.18489583333333334 0.009765625 0.014322916666666666
0 0.59521484375 0.11263020833333333 0.01123046875 0.012369791666666666
0 0.5869140625 0.10221354166666667 0.0087890625 0.012369791666666666
0 0.59228515625 0.16015625 0.0107421875 0.013020833333333334
0 0.57275390625 0.13932291666666666 0.00732421875 0.011067708333333334
0 0.5703125 0.17838541666666666 0.01220703125 0.016927083333333332
0 0.57373046875 0.15690104166666666 0.00732421875 0.01171875
0 0.59033203125 0.21419270833333334 0.00927734375 0.011067708333333334
0 0.56494140625 0.22200520833333334 0.0126953125 0.014322916666666666
0 0.6337890625 0.2643229166666667 0.0068359375 0.0078125
0 0.6181640625 0.232421875 0.009765625 0.013671875
0 0.57568359375 0.2721354166666667 0.009765625 0.011067708333333334
0 0.5283203125 0.3157552083333333 0.00927734375 0.01171875
0 0.515625 0.3248697916666667 0.0087890625 0.012369791666666666
0 0.56982421875 0.361328125 0.009765625 0.009765625
0 0.5185546875 0.3717447916666667 0.00732421875 0.011067708333333334
0 0.5244140625 0.20833333333333334 0.01123046875 0.013020833333333334
0 0.5302734375 0.234375 0.00927734375 0.011067708333333334
0 0.6171875 0.3125 0.01123046875 0.013020833333333334
0 0.650390625 0.3743489583333333 0.02001953125 0.022135416666666668
0 0.53125 0.412109375 0.0078125 0.0078125
0 0.61669921875 0.4537760416666667 0.01708984375 0.020833333333333332
0 0.60693359375 0.4778645833333333 0.01953125 0.020833333333333332
0 0.58203125 0.5208333333333334 0.015625 0.01953125
0 0.57421875 0.54296875 0.02001953125 0.020182291666666668
0 0.55224609375 0.5546875 0.0205078125 0.022135416666666668
0 0.5869140625 0.5787760416666666 0.0205078125 0.022135416666666668
0 0.58935546875 0.6529947916666666 0.0185546875 0.024739583333333332
0 0.5859375 0.69140625 0.01904296875 0.024739583333333332
0 0.57177734375 0.6627604166666666 0.017578125 0.024739583333333332
0 0.6494140625 0.7721354166666666 0.0185546875 0.022135416666666668
0 0.63818359375 0.8248697916666666 0.01611328125 0.020182291666666668
0 0.65625 0.8704427083333334 0.01025390625 0.014973958333333334
0 0.5029296875 0.7467447916666666 0.0126953125 0.014322916666666666
0 0.51318359375 0.728515625 0.01123046875 0.012369791666666666
0 0.470703125 0.5794270833333334 0.009765625 0.012369791666666666
0 0.494140625 0.533203125 0.0146484375 0.014973958333333334
0 0.49267578125 0.560546875 0.009765625 0.011067708333333334
0 0.474609375 0.5149739583333334 0.00927734375 0.011067708333333334
0 0.4453125 0.478515625 0.01123046875 0.013671875
0 0.44921875 0.3704427083333333 0.00927734375 0.014322916666666666
0 0.44091796875 0.3756510416666667 0.00732421875 0.010416666666666666
0 0.47265625 0.3990885416666667 0.01123046875 0.013020833333333334
0 0.48486328125 0.3658854166666667 0.01220703125 0.012369791666666666
0 0.5380859375 0.4016927083333333 0.009765625 0.011067708333333334
0 0.47998046875 0.3196614583333333 0.009765625 0.011067708333333334
0 0.45703125 0.3287760416666667 0.0107421875 0.011067708333333334
0 0.45068359375 0.306640625 0.00732421875 0.009765625
0 0.5302734375 0.14973958333333334 0.013671875 0.014973958333333334
0 0.5478515625 0.12760416666666666 0.00634765625 0.008463541666666666
0 0.46484375 0.12434895833333333 0.0078125 0.012369791666666666
0 0.484375 0.0859375 0.00927734375 0.01171875
0 0.45849609375 0.08723958333333333 0.01318359375 0.012369791666666666
0 0.435546875 0.07942708333333333 0.01123046875 0.014973958333333334
0 0.42919921875 0.11848958333333333 0.01318359375 0.016927083333333332
0 0.45166015625 0.10026041666666667 0.0087890625 0.010416666666666666
0 0.41162109375 0.16927083333333334 0.0078125 0.009765625
0 0.431640625 0.15690104166666666 0.00732421875 0.011067708333333334
0 0.408203125 0.057291666666666664 0.01318359375 0.017578125
0 0.40283203125 0.10872395833333333 0.009765625 0.013671875
0 0.35302734375 0.09700520833333333 0.009765625 0.012369791666666666
0 0.3603515625 0.06966145833333333 0.01904296875 0.025390625
0 0.33837890625 0.06575520833333333 0.0107421875 0.013020833333333334
0 0.47021484375 0.20638020833333334 0.009765625 0.013671875
0 0.353515625 0.236328125 0.01220703125 0.014973958333333334
0 0.34912109375 0.2604166666666667 0.01123046875 0.012369791666666666
0 0.36474609375 0.24674479166666666 0.0107421875 0.013671875
0 0.42333984375 0.2890625 0.009765625 0.011067708333333334
0 0.38916015625 0.2662760416666667 0.009765625 0.013671875
0 0.4248046875 0.2630208333333333 0.0107421875 0.013671875
0 0.4150390625 0.33984375 0.01416015625 0.014322916666666666
0 0.39697265625 0.5807291666666666 0.009765625 0.01171875
0 0.33056640625 0.580078125 0.01318359375 0.014322916666666666
0 0.42578125 0.87890625 0.00927734375 0.013671875
0 0.40771484375 0.8776041666666666 0.01025390625 0.012369791666666666
0 0.23486328125 0.87109375 0.015625 0.021484375
0 0.25634765625 0.8704427083333334 0.0107421875 0.014973958333333334
0 0.25439453125 0.8515625 0.0166015625 0.018880208333333332
0 0.2412109375 0.8359375 0.0087890625 0.009765625
0 0.27197265625 0.82421875 0.01123046875 0.011067708333333334
0 0.25390625 0.7643229166666666 0.01025390625 0.014973958333333334
0 0.2705078125 0.7434895833333334 0.0107421875 0.014973958333333334
0 0.28125 0.7330729166666666 0.0087890625 0.013671875
0 0.2841796875 0.7565104166666666 0.013671875 0.017578125
0 0.287109375 0.6549479166666666 0.0087890625 0.013020833333333334
0 0.29541015625 0.6614583333333334 0.01025390625 0.013020833333333334
0 0.25390625 0.5891927083333334 0.01220703125 0.014322916666666666
0 0.3056640625 0.3971354166666667 0.0078125 0.010416666666666666
0 0.2880859375 0.318359375 0.0107421875 0.013671875
0 0.31103515625 0.23046875 0.0107421875 0.012369791666666666
0 0.2529296875 0.21809895833333334 0.00634765625 0.010416666666666666
0 0.26025390625 0.21940104166666666 0.0087890625 0.013671875
0 0.2119140625 0.2936197916666667 0.00830078125 0.010416666666666666
0 0.2255859375 0.22265625 0.0078125 0.012369791666666666
0 0.228515625 0.19596354166666666 0.013671875 0.016276041666666668
0 0.23974609375 0.20442708333333334 0.00927734375 0.013020833333333334
0 0.21240234375 0.21484375 0.00830078125 0.013671875
0 0.19677734375 0.208984375 0.01416015625 0.020182291666666668
0 0.23046875 0.24934895833333334 0.01025390625 0.014322916666666666
0 0.23095703125 0.23697916666666666 0.0078125 0.011067708333333334
0 0.20458984375 0.26171875 0.00732421875 0.009765625
0 0.25830078125 0.16796875 0.01123046875 0.012369791666666666
0 0.275390625 0.18489583333333334 0.0107421875 0.013020833333333334
0 0.2900390625 0.15299479166666666 0.00830078125 0.013020833333333334
0 0.2978515625 0.15364583333333334 0.00732421875 0.01171875
0 0.3154296875 0.16731770833333334 0.009765625 0.013671875
0 0.25341796875 0.11653645833333333 0.01123046875 0.015625
0 0.2783203125 0.126953125 0.0087890625 0.010416666666666666
0 0.3173828125 0.11979166666666667 0.0087890625 0.010416666666666666
0 0.291015625 0.095703125 0.01025390625 0.012369791666666666
0 0.2294921875 0.08919270833333333 0.01123046875 0.011067708333333334
0 0.2509765625 0.07421875 0.01220703125 0.014322916666666666
0 0.263671875 0.061197916666666664 0.0107421875 0.013020833333333334
0 0.23193359375 0.06575520833333333 0.0087890625 0.010416666666666666
0 0.2919921875 0.06510416666666667 0.0078125 0.009765625
0 0.27587890625 0.061197916666666664 0.01318359375 0.016276041666666668
0 0.30078125 0.061197916666666664 0.009765625 0.012369791666666666
0 0.31201171875 0.10221354166666667 0.015625 0.016927083333333332
0 0.29638671875 0.109375 0.0078125 0.009765625
0 0.2138671875 0.0859375 0.00732421875 0.0078125
0 0.2177734375 0.07682291666666667 0.00830078125 0.012369791666666666
0 0.19580078125 0.087890625 0.0078125 0.01171875
0 0.1982421875 0.10807291666666667 0.01220703125 0.014322916666666666
0 0.189453125 0.076171875 0.01025390625 0.013020833333333334
0 0.16357421875 0.09244791666666667 0.0205078125 0.024739583333333332
0 0.1650390625 0.10221354166666667 0.00732421875 0.010416666666666666
0 0.162109375 0.08723958333333333 0.00537109375 0.008463541666666666
0 0.14501953125 0.09440104166666667 0.0078125 0.012369791666666666
0 0.13818359375 0.11979166666666667 0.00830078125 0.012369791666666666
0 0.13525390625 0.13932291666666666 0.01220703125 0.016276041666666668
0 0.14697265625 0.14583333333333334 0.01123046875 0.015625
0 0.16845703125 0.16276041666666666 0.01513671875 0.016276041666666668
0 0.1455078125 0.197265625 0.0087890625 0.012369791666666666
0 0.1669921875 0.203125 0.01953125 0.015625
0 0.15771484375 0.21940104166666666 0.0087890625 0.012369791666666666
0 0.12451171875 0.19466145833333334 0.01220703125 0.016276041666666668
0 0.13330078125 0.16666666666666666 0.01708984375 0.022135416666666668
0 0.12939453125 0.14908854166666666 0.01123046875 0.015625
0 0.14208984375 0.2747395833333333 0.013671875 0.018880208333333332
0 0.10986328125 0.3639322916666667 0.0087890625 0.011067708333333334
0 0.13037109375 0.4088541666666667 0.0078125 0.011067708333333334
0 0.1142578125 0.404296875 0.013671875 0.020182291666666668
0 0.10693359375 0.3899739583333333 0.0107421875 0.011067708333333334
0 0.07080078125 0.837890625 0.03466796875 0.044921875
0 0.1259765625 0.83984375 0.01025390625 0.011067708333333334
0 0.0693359375 0.8489583333333334 0.00634765625 0.0078125
0 0.08837890625 0.861328125 0.01025390625 0.014322916666666666
0 0.08251953125 0.8763020833333334 0.013671875 0.014973958333333334
0 0.10693359375 0.857421875 0.01318359375 0.018229166666666668
0 0.0732421875 0.7981770833333334 0.015625 0.021484375
0 0.08056640625 0.8352864583333334 0.013671875 0.018229166666666668
0 0.0771484375 0.8209635416666666 0.0078125 0.010416666666666666
0 0.11962890625 0.8268229166666666 0.0166015625 0.016927083333333332
0 0.11328125 0.81640625 0.0078125 0.010416666666666666
0 0.12255859375 0.80859375 0.0126953125 0.016276041666666668
0 0.06494140625 0.7825520833333334 0.00732421875 0.009765625
0 0.07568359375 0.7727864583333334 0.0146484375 0.018880208333333332
0 0.08984375 0.7916666666666666 0.01123046875 0.014322916666666666
0 0.08935546875 0.7721354166666666 0.0126953125 0.014973958333333334
0 0.080078125 0.75390625 0.0224609375 0.01953125
0 0.08984375 0.7584635416666666 0.0087890625 0.011067708333333334
0 0.111328125 0.7669270833333334 0.01513671875 0.014322916666666666
0 0.0791015625 0.72265625 0.01123046875 0.016927083333333332
0 0.15185546875 0.6647135416666666 0.0078125 0.012369791666666666
0 0.13720703125 0.6666666666666666 0.01123046875 0.013020833333333334
0 0.1484375 0.7018229166666666 0.00830078125 0.009114583333333334
0 0.12548828125 0.7278645833333334 0.01318359375 0.012369791666666666
0 0.10546875 0.7408854166666666 0.0078125 0.010416666666666666
0 0.123046875 0.6686197916666666 0.01513671875 0.01953125
0 0.07861328125 0.6341145833333334 0.009765625 0.009765625
0 0.13330078125 0.6067708333333334 0.0087890625 0.011067708333333334
0 0.140625 0.595703125 0.009765625 0.013020833333333334
0 0.09326171875 0.6263020833333334 0.013671875 0.014973958333333334
0 0.10107421875 0.6751302083333334 0.0263671875 0.024739583333333332
0 0.11767578125 0.650390625 0.01025390625 0.012369791666666666
0 0.1240234375 0.634765625 0.00830078125 0.012369791666666666
0 0.12255859375 0.5579427083333334 0.0078125 0.010416666666666666
0 0.13232421875 0.4934895833333333 0.00732421875 0.009765625
0 0.59375 0.3255208333333333 0.0087890625 0.009765625
0 0.5068359375 0.23502604166666666 0.009765625 0.013671875