0 0.7659515951595159 0.5736803519061584 0.12981298129812982 0.18548387096774194
0 0.6586908690869087 0.624266862170088 0.15016501650165018 0.21994134897360704
0 0.6883938393839384 0.5747800586510264 0.0924092409240924 0.13269794721407624
0 0.63998899889989 0.6719208211143695 0.08690869086908691 0.14516129032258066
0 0.5310781078107811 0.6741202346041055 0.10451045104510451 0.13049853372434017
0 0.4469196919691969 0.7247067448680352 0.10726072607260725 0.16202346041055718
0 0.488998899889989 0.5370234604105572 0.09075907590759076 0.14442815249266863
0 0.1663916391639164 0.7705278592375366 0.08855885588558855 0.1348973607038123
0 0.10973597359735973 0.8288123167155426 0.08690869086908691 0.12390029325513197
0 0.1562156215621562 0.4633431085043988 0.0968096809680968 0.14149560117302054
0 0.14796479647964797 0.3379765395894428 0.0891089108910891 0.13563049853372433
0 0.21067106710671066 0.4274193548387097 0.1034103410341034 0.1532258064516129
0 0.08663366336633663 0.4252199413489736 0.08745874587458746 0.12683284457478006
0 0.10203520352035203 0.5146627565982405 0.08085808580858085 0.1312316715542522
0 0.28052805280528054 0.3020527859237537 0.0891089108910891 0.12609970674486803
0 0.39796479647964794 0.21627565982404692 0.09900990099009901 0.1466275659824047
0 0.47277227722772275 0.22727272727272727 0.09515951595159516 0.13416422287390029
0 0.452970297029703 0.3214809384164223 0.0814081408140814 0.10997067448680352
0 0.47332233223322334 0.39956011730205276 0.08525852585258525 0.11950146627565983
0 0.7577007700770076 0.3251466275659824 0.08745874587458746 0.125366568914956
0 0.7508250825082509 0.17265395894428154 0.0781078107810781 0.11510263929618768
0 0.6977447744774478 0.13233137829912023 0.07315731573157316 0.10997067448680352
0 0.9166666666666666 0.21334310850439883 0.07700770077007701 0.10777126099706745
0 0.5266776677667767 0.016495601173020527 0.06985698569856985 0.032991202346041054
0 0.29977997799779976 0.19024926686217009 0.08965896589658966 0.11290322580645161