0 0.3845198675496689 0.27667493796526055 0.026490066225165563 0.02729528535980149
0 0.3853476821192053 0.29838709677419356 0.030629139072847682 0.02977667493796526
0 0.3265728476821192 0.27326302729528534 0.023178807947019868 0.02357320099255583
0 0.26945364238410596 0.32878411910669975 0.03559602649006623 0.034739454094292806
0 0.3394039735099338 0.4057071960297767 0.0380794701986755 0.03784119106699752
0 0.41266556291390727 0.34987593052109184 0.033112582781456956 0.03287841191066997
0 0.4958609271523179 0.3359181141439206 0.043874172185430466 0.04404466501240695
0 0.48385761589403975 0.17307692307692307 0.033112582781456956 0.03287841191066997
0 0.44288079470198677 0.1969602977667494 0.029801324503311258 0.02977667493796526
0 0.4581953642384106 0.22084367245657568 0.03394039735099338 0.034119106699751864
0 0.5281456953642384 0.2326302729528536 0.043874172185430466 0.04404466501240695
0 0.5190397350993378 0.2348014888337469 0.042218543046357616 0.04218362282878412
0 0.535182119205298 0.22146401985111663 0.04718543046357616 0.04652605459057072
0 0.6142384105960265 0.2856699751861042 0.033112582781456956 0.03225806451612903
0 0.5716059602649006 0.3163771712158809 0.030629139072847682 0.030397022332506202
0 0.5447019867549668 0.34274193548387094 0.03145695364238411 0.031017369727047148
0 0.6875 0.369727047146402 0.03642384105960265 0.03598014888337469
0 0.7280629139072847 0.38430521091811415 0.030629139072847682 0.030397022332506202
0 0.4466059602649007 0.32971464019851116 0.029801324503311258 0.02977667493796526
0 0.4730960264900662 0.41935483870967744 0.0347682119205298 0.034119106699751864
0 0.5331125827814569 0.40725806451612906 0.030629139072847682 0.030397022332506202
0 0.5074503311258278 0.3901985111662531 0.04470198675496689 0.04466501240694789
0 0.6995033112582781 0.4097394540942928 0.039735099337748346 0.04032258064516129
0 0.7301324503311258 0.41718362282878413 0.029801324503311258 0.02915632754342432
0 0.6349337748344371 0.4705334987593052 0.0347682119205298 0.034119106699751864
0 0.6481788079470199 0.4826302729528536 0.0347682119205298 0.034119106699751864
0 0.5533940397350994 0.42245657568238215 0.028145695364238412 0.02791563275434243
0 0.535182119205298 0.36879652605459057 0.03228476821192053 0.03163771712158809
0 0.5827814569536424 0.2506203473945409 0.04056291390728477 0.04094292803970223
0 0.6440397350993378 0.27109181141439204 0.03642384105960265 0.03598014888337469
0 0.6200331125827815 0.25496277915632753 0.04304635761589404 0.043424317617866005
0 0.6146523178807947 0.24410669975186106 0.037251655629139076 0.03660049627791563
0 0.5562913907284768 0.2859801488833747 0.029801324503311258 0.02977667493796526
0 0.5401490066225165 0.2999379652605459 0.03642384105960265 0.03535980148883375
0 0.5206953642384106 0.2838089330024814 0.03394039735099338 0.034119106699751864
0 0.4329470198675497 0.24813895781637718 0.029801324503311258 0.02977667493796526
0 0.40066225165562913 0.26581885856079407 0.03642384105960265 0.03660049627791563
0 0.44288079470198677 0.28194789081885857 0.03145695364238411 0.031017369727047148
0 0.7259933774834437 0.2893920595533499 0.04470198675496689 0.04528535980148883
0 0.7177152317880795 0.23945409429280398 0.042218543046357616 0.042803970223325064
0 0.6866721854304636 0.298697270471464 0.03394039735099338 0.034119106699751864
0 0.7810430463576159 0.2261166253101737 0.03559602649006623 0.034739454094292806
0 0.7586920529801324 0.19633995037220844 0.04552980132450331 0.04590570719602978
0 0.7516556291390728 0.20378411910669975 0.0347682119205298 0.034119106699751864
0 0.7624172185430463 0.18362282878411912 0.0380794701986755 0.03722084367245657
0 0.6750827814569537 0.17431761786600497 0.03890728476821192 0.038461538461538464
0 0.6510761589403974 0.08002481389578164 0.03642384105960265 0.03598014888337469
0 0.6038907284768212 0.10483870967741936 0.039735099337748346 0.04032258064516129
0 0.5132450331125827 0.07133995037220843 0.043874172185430466 0.04466501240694789
0 0.5968543046357616 0.5204714640198511 0.024834437086092714 0.02481389578163772
0 0.546771523178808 0.5645161290322581 0.028973509933774833 0.02791563275434243
0 0.5790562913907285 0.5120967741935484 0.02566225165562914 0.026054590570719603
0 0.5144867549668874 0.5443548387096774 0.028973509933774833 0.02791563275434243
0 0.5264900662251656 0.5179900744416873 0.0347682119205298 0.033498759305210915
0 0.5211092715231788 0.510545905707196 0.028973509933774833 0.02791563275434243
0 0.5037251655629139 0.5248138957816377 0.026490066225165563 0.026674937965260544
0 0.5376655629139073 0.4531637717121588 0.026490066225165563 0.02729528535980149
0 0.5128311258278145 0.47239454094292804 0.028973509933774833 0.028535980148883373
0 0.49337748344370863 0.4637096774193548 0.026490066225165563 0.026674937965260544
0 0.4768211920529801 0.4968982630272953 0.024834437086092714 0.02481389578163772
0 0.4242549668874172 0.47146401985111663 0.030629139072847682 0.030397022332506202
0 0.4855132450331126 0.36569478908188585 0.03228476821192053 0.03163771712158809
0 0.35885761589403975 0.3294044665012407 0.024006622516556293 0.024193548387096774
0 0.36299668874172186 0.3455334987593052 0.026490066225165563 0.026674937965260544
0 0.48013245033112584 0.12531017369727046 0.020695364238410598 0.02109181141439206
0 0.5016556291390728 0.10700992555831265 0.03145695364238411 0.030397022332506202
0 0.48799668874172186 0.08498759305210918 0.029801324503311258 0.02977667493796526
0 0.5401490066225165 0.04311414392059553 0.028973509933774833 0.028535980148883373
0 0.5480132450331126 0.05800248138957816 0.028973509933774833 0.02791563275434243
0 0.5384933774834437 0.08002481389578164 0.03394039735099338 0.033498759305210915
0 0.5202814569536424 0.0989454094292804 0.03394039735099338 0.033498759305210915
0 0.5086920529801324 0.07878411910669975 0.028973509933774833 0.02791563275434243
0 0.5736754966887417 0.12313895781637717 0.026490066225165563 0.026674937965260544
0 0.5575331125827815 0.19292803970223324 0.029801324503311258 0.028535980148883373
0 0.6001655629139073 0.1488833746898263 0.029801324503311258 0.02915632754342432
0 0.6109271523178808 0.1597394540942928 0.02566225165562914 0.02543424317617866
0 0.6237582781456954 0.1228287841191067 0.03228476821192053 0.03163771712158809
0 0.6287251655629139 0.15570719602977667 0.022350993377483443 0.022332506203473945
0 0.6382450331125827 0.16284119106699751 0.027317880794701987 0.02729528535980149
0 0.714817880794702 0.20595533498759305 0.0347682119205298 0.034119106699751864
0 0.7417218543046358 0.1513647642679901 0.028145695364238412 0.02791563275434243
0 0.7408940397350994 0.1259305210918114 0.026490066225165563 0.026674937965260544
0 0.7611754966887417 0.15601736972704713 0.03394039735099338 0.033498759305210915
0 0.8058774834437086 0.1944789081885856 0.033112582781456956 0.03225806451612903
0 0.7872516556291391 0.29094292803970223 0.0347682119205298 0.034119106699751864
0 0.8629966887417219 0.3021091811414392 0.030629139072847682 0.02977667493796526
0 0.8228476821192053 0.36507444168734493 0.029801324503311258 0.02915632754342432
0 0.8460264900662252 0.3601116625310174 0.033112582781456956 0.03163771712158809
0 0.8692052980132451 0.3836848635235732 0.02566225165562914 0.02543424317617866
0 0.8956953642384106 0.2887717121588089 0.027317880794701987 0.02729528535980149
0 0.9346026490066225 0.3294044665012407 0.028973509933774833 0.028535980148883373
0 0.9105960264900662 0.38275434243176176 0.030629139072847682 0.030397022332506202
0 0.5894039735099338 0.3588709677419355 0.02152317880794702 0.021712158808933003
0 0.6109271523178808 0.3762406947890819 0.024834437086092714 0.02481389578163772
0 0.7255794701986755 0.48976426799007444 0.02566225165562914 0.02543424317617866
0 0.785182119205298 0.533498759305211 0.03559602649006623 0.03535980148883375
0 0.6908112582781457 0.6867245657568238 0.027317880794701987 0.02729528535980149
0 0.48427152317880795 0.25372208436724564 0.0347682119205298 0.034739454094292806
0 0.48882450331125826 0.2633374689826303 0.024006622516556293 0.024193548387096774
0 0.3253311258278146 0.3191687344913151 0.029801324503311258 0.02915632754342432
0 0.5057947019867549 0.5877791563275434 0.04056291390728477 0.04094292803970223
0 0.5314569536423841 0.6113523573200993 0.029801324503311258 0.02915632754342432
0 0.4759933774834437 0.6029776674937966 0.019867549668874173 0.019851116625310174
0 0.45322847682119205 0.5794044665012407 0.029801324503311258 0.02915632754342432
0 0.4544701986754967 0.5570719602977667 0.030629139072847682 0.02915632754342432
0 0.4718543046357616 0.53287841191067 0.037251655629139076 0.03660049627791563
0 0.4457781456953642 0.5220223325062034 0.023178807947019868 0.02295285359801489
0 0.36382450331125826 0.4879032258064516 0.030629139072847682 0.030397022332506202
0 0.3336092715231788 0.5012406947890818 0.03228476821192053 0.03163771712158809
0 0.7181291390728477 0.7285980148883374 0.033112582781456956 0.033498759305210915
0 0.6423841059602649 0.7490694789081885 0.03145695364238411 0.030397022332506202
0 0.6237582781456954 0.723014888337469 0.029801324503311258 0.028535980148883373
0 0.6043046357615894 0.7186724565756824 0.026490066225165563 0.026674937965260544
0 0.6287251655629139 0.7738833746898263 0.030629139072847682 0.02977667493796526
0 0.7293046357615894 0.6799007444168734 0.024834437086092714 0.02481389578163772
0 0.7193708609271523 0.6237593052109182 0.03228476821192053 0.03163771712158809
0 0.6978476821192053 0.6051488833746899 0.029801324503311258 0.02915632754342432
0 0.6684602649006622 0.5502481389578163 0.030629139072847682 0.02915632754342432
0 0.6374172185430463 0.5514888337468983 0.02566225165562914 0.026054590570719603