0 0.6165730337078652 0.7808219178082192 0.03160112359550562 0.02792413066385669
0 0.5951544943820225 0.8082191780821918 0.037219101123595506 0.033192834562697573
0 0.6106039325842697 0.7154899894625922 0.037921348314606744 0.0321390937829294
0 0.6218398876404494 0.7484193888303478 0.06671348314606741 0.05268703898840885
0 0.605688202247191 0.7415700737618546 0.02598314606741573 0.022128556375131718
0 0.6337780898876404 0.7449947312961012 0.027387640449438203 0.02370916754478398
0 0.6162219101123596 0.7608008429926238 0.0351123595505618 0.029504741833508957
0 0.5516151685393258 0.7228661749209695 0.03089887640449438 0.025816649104320338
0 0.5839185393258427 0.7173340358271865 0.037219101123595506 0.03161222339304531
0 0.5754915730337079 0.71390937829294 0.020365168539325844 0.01738672286617492
0 0.53125 0.6894099051633298 0.04002808988764045 0.03477344573234984
0 0.5849719101123596 0.6346153846153846 0.04564606741573034 0.037934668071654375
0 0.5902387640449438 0.6564805057955743 0.03932584269662921 0.03371970495258166
0 0.6120084269662921 0.6285563751317176 0.05266853932584269 0.044783983140147525
0 0.5972612359550562 0.6217070600632244 0.03160112359550562 0.02845100105374078
0 0.613061797752809 0.6385669125395153 0.037219101123595506 0.03161222339304531
0 0.6144662921348315 0.6151211801896733 0.030196629213483147 0.026870389884088516
0 0.601123595505618 0.5969441517386723 0.03441011235955056 0.030558482613277135
0 0.5712780898876404 0.589304531085353 0.03581460674157303 0.03108535300316122
0 0.5751404494382022 0.6090621707060063 0.03160112359550562 0.02792413066385669
0 0.5028089887640449 0.6209167544783983 0.03089887640449438 0.02845100105374078
0 0.4789325842696629 0.6219704952581665 0.028089887640449437 0.02476290832455216
0 0.5221207865168539 0.5695468914646997 0.030196629213483147 0.026343519494204427
0 0.543188202247191 0.5450474183350895 0.03089887640449438 0.02792413066385669
0 0.5565308988764045 0.5700737618545838 0.027387640449438203 0.02370916754478398
0 0.4606741573033708 0.5824552160168599 0.027387640449438203 0.02370916754478398
0 0.49719101123595505 0.5381981032665965 0.03089887640449438 0.02528977871443625
0 0.48349719101123595 0.5437302423603794 0.028089887640449437 0.02476290832455216
0 0.4726123595505618 0.5545310853530031 0.03089887640449438 0.0273972602739726
0 0.4434691011235955 0.58377239199157 0.033707865168539325 0.02845100105374078
0 0.5007022471910112 0.5903582718651211 0.032303370786516857 0.02845100105374078
0 0.5916432584269663 0.541886195995785 0.030196629213483147 0.026343519494204427
0 0.569873595505618 0.5474183350895679 0.032303370786516857 0.026870389884088516
0 0.6025280898876404 0.5737618545837724 0.03089887640449438 0.025816649104320338
0 0.6506320224719101 0.5845626975763962 0.03089887640449438 0.026343519494204427
0 0.6734550561797753 0.5779768177028451 0.02949438202247191 0.02528977871443625
0 0.620435393258427 0.5229188619599578 0.02949438202247191 0.026343519494204427
0 0.6376404494382022 0.48129610115911486 0.03160112359550562 0.026870389884088516
0 0.644311797752809 0.5023709167544784 0.03089887640449438 0.025816649104320338
0 0.6716994382022472 0.512118018967334 0.03651685393258427 0.029504741833508957
0 0.5537219101123596 0.48366701791359323 0.03089887640449438 0.026870389884088516
0 0.5221207865168539 0.49025289778714437 0.02949438202247191 0.026343519494204427
0 0.49122191011235955 0.5015806111696522 0.03581460674157303 0.030031612223393046
0 0.47928370786516855 0.47708113804004215 0.028089887640449437 0.02423603793466807
0 0.47787921348314605 0.45021074815595363 0.03160112359550562 0.026870389884088516
0 0.5091292134831461 0.4196522655426765 0.0351123595505618 0.029504741833508957
0 0.5361657303370787 0.4020021074815595 0.037219101123595506 0.0321390937829294
0 0.555126404494382 0.39673340358271864 0.03651685393258427 0.03108535300316122
0 0.4006320224719101 0.46944151738672285 0.03089887640449438 0.02792413066385669
0 0.36271067415730335 0.4863013698630137 0.03089887640449438 0.025816649104320338
0 0.3981741573033708 0.5202845100105374 0.03651685393258427 0.032665964172813484
0 0.4262640449438202 0.5381981032665965 0.03089887640449438 0.025816649104320338
0 0.3107443820224719 0.5945732349841939 0.04143258426966292 0.03530031612223393
0 0.3419943820224719 0.5687565858798735 0.0351123595505618 0.02845100105374078
0 0.35814606741573035 0.5374077976817703 0.03160112359550562 0.026870389884088516
0 0.3514747191011236 0.5619072708113804 0.05688202247191011 0.04847207586933614
0 0.33707865168539325 0.5202845100105374 0.028792134831460675 0.02476290832455216
0 0.3121488764044944 0.5150158061116965 0.030196629213483147 0.025816649104320338
0 0.29424157303370785 0.5216016859852476 0.028792134831460675 0.02476290832455216
0 0.2847612359550562 0.4971022128556375 0.03089887640449438 0.025816649104320338
0 0.26088483146067415 0.5379346680716544 0.04564606741573034 0.03635405690200211
0 0.7222612359550562 0.7165437302423604 0.04073033707865169 0.03424657534246575
0 0.6983848314606742 0.714172813487882 0.03581460674157303 0.0321390937829294
0 0.6615168539325843 0.6920442571127503 0.04002808988764045 0.03530031612223393
0 0.7415730337078652 0.684141201264489 0.033707865168539325 0.02845100105374078
0 0.6980337078651685 0.7552687038988409 0.03160112359550562 0.026870389884088516
0 0.7250702247191011 0.7444678609062171 0.0351123595505618 0.030031612223393046
0 0.7229634831460674 0.7713382507903056 0.030196629213483147 0.026343519494204427
0 0.7552668539325843 0.7352476290832455 0.0351123595505618 0.02845100105374078
0 0.7436797752808989 0.7104847207586934 0.030196629213483147 0.02423603793466807
0 0.7724719101123596 0.6941517386722866 0.03581460674157303 0.03108535300316122
0 0.7808988764044944 0.7075869336143309 0.02457865168539326 0.02107481559536354
0 0.7714185393258427 0.7183877766069547 0.03581460674157303 0.029504741833508957
0 0.7872191011235955 0.7394625922023182 0.03160112359550562 0.026870389884088516
0 0.71875 0.7897787144362487 0.028792134831460675 0.023182297154899896
0 0.7138342696629213 0.8316649104320337 0.0449438202247191 0.03951527924130664
0 0.7131320224719101 0.8429926238145417 0.032303370786516857 0.02792413066385669
0 0.7152387640449438 0.8242887249736565 0.030196629213483147 0.026870389884088516
0 0.7356039325842697 0.8192834562697576 0.026685393258426966 0.023182297154899896
0 0.7580758426966292 0.803213909378293 0.021769662921348316 0.019494204425711276
0 0.8528792134831461 0.6999473129610115 0.03651685393258427 0.03161222339304531
0 0.8465589887640449 0.6949420442571127 0.028792134831460675 0.02476290832455216
0 0.8599016853932584 0.7031085353003161 0.023876404494382022 0.019494204425711276
0 0.863061797752809 0.7149631190727082 0.02457865168539326 0.02107481559536354
0 0.7903792134831461 0.6343519494204426 0.026685393258426966 0.022128556375131718
0 0.7594803370786517 0.6593782929399368 0.03160112359550562 0.026343519494204427
0 0.714185393258427 0.6280295047418335 0.030196629213483147 0.02528977871443625
0 0.7366573033707865 0.613277133825079 0.033707865168539325 0.02845100105374078
0 0.7587780898876404 0.6093256059009484 0.038623595505617975 0.03424657534246575
0 0.7945926966292135 0.5732349841938883 0.027387640449438203 0.02160168598524763
0 0.7935393258426966 0.6180189673340358 0.03160112359550562 0.025816649104320338
0 0.6822331460674157 0.6169652265542677 0.025280898876404494 0.02054794520547945
0 0.7054073033707865 0.6533192834562698 0.027387640449438203 0.02423603793466807
0 0.672752808988764 0.4610115911485774 0.02598314606741573 0.022655426765015807
0 0.6070926966292135 0.40147523709167543 0.03441011235955056 0.029504741833508957
0 0.5853230337078652 0.42175974710221287 0.033707865168539325 0.02845100105374078
0 0.6622191011235955 0.4035827186512118 0.02598314606741573 0.022128556375131718
0 0.7650983146067416 0.3635405690200211 0.025280898876404494 0.02160168598524763
0 0.7784410112359551 0.3732876712328767 0.02949438202247191 0.026343519494204427
0 0.8142556179775281 0.4433614330874605 0.020365168539325844 0.01791359325605901
0 0.7728230337078652 0.476027397260274 0.025280898876404494 0.02054794520547945
0 0.8360252808988764 0.5221285563751317 0.021769662921348316 0.019494204425711276
0 0.805126404494382 0.5279241306638567 0.025280898876404494 0.02160168598524763
0 0.8574438202247191 0.5302950474183351 0.023876404494382022 0.020021074815595362
0 0.8929073033707865 0.5603266596417281 0.02598314606741573 0.022655426765015807
0 0.8591994382022472 0.5779768177028451 0.03089887640449438 0.02528977871443625
0 0.851123595505618 0.6035300316122234 0.032303370786516857 0.026870389884088516
0 0.829002808988764 0.6127502634351949 0.028089887640449437 0.02423603793466807
0 0.8142556179775281 0.6143308746048473 0.025280898876404494 0.023182297154899896
0 0.9083567415730337 0.6169652265542677 0.03441011235955056 0.0273972602739726
0 0.9188904494382022 0.6909905163329821 0.025280898876404494 0.022128556375131718
0 0.9034410112359551 0.696786090621707 0.023876404494382022 0.02160168598524763
0 0.8978230337078652 0.7049525816649105 0.021067415730337078 0.01791359325605901
0 0.9087078651685393 0.6638566912539515 0.021769662921348316 0.019494204425711276
0 0.949438202247191 0.684668071654373 0.026685393258426966 0.023182297154899896
0 0.9224016853932584 0.7102212855637513 0.02949438202247191 0.02528977871443625
0 0.8939606741573034 0.7249736564805058 0.021067415730337078 0.018967334035827187
0 0.8767556179775281 0.7315595363540569 0.028089887640449437 0.02370916754478398