0 0.7646520146520146 0.5704397394136808 0.02442002442002442 0.03257328990228013
0 0.5866910866910867 0.990228013029316 0.02564102564102564 0.019543973941368076
0 0.4136141636141636 0.9246742671009772 0.028083028083028084 0.033387622149837134
0 0.3788156288156288 0.8925081433224755 0.027472527472527472 0.03501628664495114
0 0.4829059829059829 0.8399837133550488 0.021367521367521368 0.02768729641693811
0 0.6333943833943834 0.19055374592833876 0.013431013431013432 0.015472312703583062
0 0.7066544566544567 0.1746742671009772 0.010378510378510378 0.013843648208469055
0 0.7106227106227107 0.1958469055374593 0.01282051282051282 0.015472312703583062
0 0.6135531135531136 0.07776872964169382 0.014041514041514042 0.016286644951140065
0 0.9755799755799756 0.21416938110749187 0.01221001221001221 0.016286644951140065
0 0.992979242979243 0.17019543973941367 0.01282051282051282 0.014657980456026058
0 0.9777167277167277 0.1791530944625407 0.009157509157509158 0.011400651465798045
0 0.9880952380952381 0.24511400651465798 0.014041514041514042 0.013843648208469055
0 0.9322344322344323 0.17019543973941367 0.013431013431013432 0.014657980456026058
0 0.9416971916971917 0.16978827361563517 0.0115995115995116 0.015472312703583062
0 0.9532967032967034 0.15757328990228012 0.018925518925518924 0.024429967426710098
0 0.9258241758241759 0.18159609120521172 0.01282051282051282 0.014657980456026058
0 0.9447496947496947 0.1986970684039088 0.01282051282051282 0.015472312703583062
0 0.9099511599511599 0.21335504885993486 0.017094017094017096 0.016286644951140065
0 0.9032356532356532 0.1563517915309446 0.01098901098901099 0.013029315960912053
0 0.9963369963369964 0.22231270358306188 0.007326007326007326 0.009771986970684038
0 0.9371184371184371 0.23656351791530944 0.0115995115995116 0.013029315960912053
0 0.7622100122100122 0.9071661237785016 0.02197802197802198 0.030944625407166124
0 0.739010989010989 0.8057817589576547 0.013431013431013432 0.021172638436482084
0 0.76007326007326 0.7842019543973942 0.020757020757020756 0.026058631921824105
0 0.7173382173382173 0.7414495114006515 0.023809523809523808 0.029315960912052116
0 0.5494505494505495 0.7223127035830619 0.0115995115995116 0.017915309446254073
0 0.5177045177045178 0.7267915309446255 0.01098901098901099 0.014657980456026058
0 0.4426129426129426 0.7561074918566775 0.01098901098901099 0.013029315960912053
0 0.49755799755799757 0.9552117263843648 0.019536019536019536 0.03013029315960912
0 0.39224664224664224 0.9486970684039088 0.023809523809523808 0.03175895765472313
0 0.33974358974358976 0.9344462540716613 0.0231990231990232 0.03175895765472313
0 0.20695970695970695 0.8269543973941368 0.023809523809523808 0.03257328990228013
0 0.24328449328449328 0.7968241042345277 0.013431013431013432 0.016286644951140065
0 0.2695360195360195 0.9360749185667753 0.021367521367521368 0.02768729641693811
0 0.010073260073260074 0.8436482084690554 0.015873015873015872 0.021172638436482084
0 0.013736263736263736 0.873371335504886 0.01282051282051282 0.015472312703583062
0 0.022893772893772892 0.8583061889250815 0.0115995115995116 0.015472312703583062
0 0.2909035409035409 0.34242671009771986 0.018925518925518924 0.024429967426710098
0 0.3482905982905983 0.3122964169381108 0.017704517704517704 0.02035830618892508
0 0.23046398046398045 0.18444625407166124 0.026251526251526252 0.03420195439739414
0 0.32814407814407814 0.30822475570032576 0.015873015873015872 0.019543973941368076
0 0.28266178266178266 0.4189739413680782 0.016483516483516484 0.023615635179153095
0 0.2661782661782662 0.5325732899022801 0.018315018315018316 0.025244299674267102
0 0.27289377289377287 0.6335504885993485 0.020757020757020756 0.02280130293159609
0 0.1684981684981685 0.6685667752442996 0.02564102564102564 0.026058631921824105
0 0.1794871794871795 0.7117263843648208 0.017704517704517704 0.02280130293159609
0 0.17124542124542125 0.8342833876221498 0.02197802197802198 0.025244299674267102
0 0.2796092796092796 0.8680781758957655 0.025030525030525032 0.03257328990228013
0 0.7368742368742369 0.6738599348534202 0.03296703296703297 0.04234527687296417
0 0.7316849816849816 0.9242671009771987 0.02442002442002442 0.028501628664495113
0 0.6562881562881563 0.8941368078175895 0.02442002442002442 0.033387622149837134
0 0.5012210012210012 0.9857491856677525 0.02197802197802198 0.028501628664495113
0 0.23046398046398045 0.8375407166123778 0.026862026862026864 0.038273615635179156
0 0.08791208791208792 0.6311074918566775 0.03663003663003663 0.0496742671009772
0 0.09584859584859586 0.6636807817589576 0.03296703296703297 0.04315960912052117
0 0.06532356532356533 0.6787459283387622 0.03540903540903541 0.046416938110749185
0 0.04365079365079365 0.6689739413680782 0.030525030525030524 0.04315960912052117
0 0.12484737484737485 0.6787459283387622 0.027472527472527472 0.03908794788273615
0 0.1047008547008547 0.7056188925081434 0.031135531135531136 0.04071661237785016
0 0.11446886446886446 0.6921824104234527 0.031135531135531136 0.043973941368078175
0 0.1862026862026862 0.6237785016286646 0.0231990231990232 0.029315960912052116
0 0.054945054945054944 0.5696254071661238 0.02564102564102564 0.03420195439739414
0 0.0931013431013431 0.3994299674267101 0.033577533577533576 0.043973941368078175
0 0.1514041514041514 0.40798045602605865 0.030525030525030524 0.038273615635179156
0 0.0808913308913309 0.2947882736156352 0.028083028083028084 0.035830618892508145
0 0.21672771672771673 0.2182410423452769 0.025030525030525032 0.03420195439739414
0 0.10989010989010989 0.18159609120521172 0.0231990231990232 0.03175895765472313
0 0.16025641025641027 0.06962540716612378 0.02564102564102564 0.039902280130293157
0 0.13675213675213677 0.021172638436482084 0.029914529914529916 0.03664495114006515
0 0.12698412698412698 0.09568403908794788 0.026862026862026864 0.035830618892508145
0 0.18192918192918192 0.02728013029315961 0.027472527472527472 0.03420195439739414
0 0.1987179487179487 0.03460912052117264 0.0231990231990232 0.03175895765472313
0 0.28876678876678874 0.019136807817589578 0.03418803418803419 0.038273615635179156
0 0.29181929181929184 0.008550488599348535 0.0231990231990232 0.01710097719869707
0 0.11355311355311355 0.02280130293159609 0.0231990231990232 0.03501628664495114
0 0.2326007326007326 0.06026058631921824 0.02197802197802198 0.03013029315960912
0 0.2851037851037851 0.08550488599348534 0.025030525030525032 0.033387622149837134
0 0.28998778998779 0.10912052117263844 0.025030525030525032 0.028501628664495113
0 0.3952991452991453 0.10586319218241043 0.019536019536019536 0.025244299674267102
0 0.46642246642246643 0.18200325732899023 0.026862026862026864 0.030944625407166124
0 0.5064102564102564 0.497557003257329 0.016483516483516484 0.024429967426710098
0 0.5848595848595849 0.5044788273615635 0.018925518925518924 0.024429967426710098