0 0.2197092084006462 0.16545454545454547 0.025848142164781908 0.018787878787878787
0 0.24636510500807754 0.16 0.027463651050080775 0.020606060606060607
0 0.2649434571890145 0.1715151515151515 0.025848142164781908 0.02303030303030303
0 0.16074313408723748 0.05515151515151515 0.027463651050080775 0.02303030303030303
0 0.20759289176090467 0.07636363636363637 0.048465266558966075 0.028484848484848484
0 0.27867528271405495 0.08848484848484849 0.02827140549273021 0.024242424242424242
0 0.20516962843295639 0.013030303030303031 0.03715670436187399 0.026060606060606062
0 0.3529886914378029 0.030303030303030304 0.030694668820678513 0.02727272727272727
0 0.31017770597738287 0.10484848484848484 0.030694668820678513 0.028484848484848484
0 0.3764135702746365 0.00787878787878788 0.03231017770597738 0.01575757575757576
0 0.3376413570274637 0.1006060606060606 0.024232633279483037 0.02303030303030303
0 0.3602584814216478 0.12242424242424242 0.025040387722132473 0.02
0 0.4717285945072698 0.1812121212121212 0.04038772213247173 0.028484848484848484
0 0.5266558966074314 0.19393939393939394 0.024232633279483037 0.021212121212121213
0 0.4975767366720517 0.22848484848484849 0.04119547657512116 0.025454545454545455
0 0.5759289176090469 0.2581818181818182 0.05250403877221325 0.03636363636363636
0 0.4668820678513732 0.2581818181818182 0.04038772213247173 0.021212121212121213
0 0.5888529886914378 0.25212121212121213 0.03231017770597738 0.03272727272727273
0 0.5638126009693053 0.26181818181818184 0.027463651050080775 0.025454545454545455
0 0.420032310177706 0.30303030303030304 0.03715670436187399 0.022424242424242423
0 0.45234248788368336 0.3927272727272727 0.04119547657512116 0.026060606060606062
0 0.2770597738287561 0.44303030303030305 0.050080775444264945 0.03333333333333333
0 0.47576736672051695 0.4163636363636364 0.029079159935379646 0.024242424242424242
0 0.5145395799676898 0.4412121212121212 0.033117932148626815 0.028484848484848484
0 0.23263327948303716 0.30242424242424243 0.046849757673667204 0.03272727272727273
0 0.2778675282714055 0.3181818181818182 0.04038772213247173 0.030303030303030304
0 0.19709208400646203 0.3375757575757576 0.048465266558966075 0.038181818181818185
0 0.18820678513731826 0.26121212121212123 0.05250403877221325 0.034545454545454546
0 0.17689822294022617 0.2224242424242424 0.030694668820678513 0.02181818181818182
0 0.13408723747980614 0.26121212121212123 0.03715670436187399 0.03090909090909091
0 0.15751211631663975 0.08363636363636363 0.036348949919224556 0.029696969696969697
0 0.13731825525040386 0.11636363636363636 0.03715670436187399 0.024242424242424242
0 0.6962843295638126 0.22787878787878788 0.04765751211631664 0.03212121212121212
0 0.7310177705977383 0.26 0.049273021001615507 0.02909090909090909
0 0.6235864297253635 0.1812121212121212 0.04281098546042003 0.028484848484848484
0 0.6768982229402262 0.1103030303030303 0.045234248788368334 0.03212121212121212
0 0.7180936995153473 0.08363636363636363 0.04604200323101777 0.03636363636363636
0 0.8416801292407108 0.07757575757575758 0.0420032310177706 0.030303030303030304
0 0.7269789983844911 0.022424242424242423 0.04038772213247173 0.02727272727272727
0 0.6110662358642972 0.0048484848484848485 0.05573505654281099 0.009696969696969697
0 0.5096930533117933 0.0048484848484848485 0.045234248788368334 0.009696969696969697
0 0.6534733441033925 0.47333333333333333 0.03231017770597738 0.023636363636363636
0 0.6752827140549273 0.5224242424242425 0.036348949919224556 0.03212121212121212
0 0.5226171243941842 0.5393939393939394 0.04361873990306947 0.025454545454545455
0 0.4798061389337641 0.5903030303030303 0.049273021001615507 0.03333333333333333
0 0.864297253634895 0.4666666666666667 0.04281098546042003 0.03151515151515152
0 0.8134087237479806 0.40484848484848485 0.04604200323101777 0.03939393939393939
0 0.9079159935379645 0.4678787878787879 0.03877221324717286 0.03090909090909091
0 0.5339256865912763 0.06424242424242424 0.04038772213247173 0.02909090909090909
0 0.12116316639741519 0.33575757575757575 0.03715670436187399 0.027878787878787878
0 0.12197092084006463 0.5266666666666666 0.03877221324717286 0.02666666666666667
0 0.1122778675282714 0.5721212121212121 0.033925686591276254 0.02909090909090909
0 0.3570274636510501 0.6721212121212121 0.04361873990306947 0.02666666666666667
0 0.38449111470113084 0.6927272727272727 0.03796445880452343 0.03151515151515152
0 0.6906300484652665 0.706060606060606 0.04038772213247173 0.027878787878787878
0 0.8796445880452343 0.6424242424242425 0.05088852988691438 0.03090909090909091
0 0.9474959612277868 0.4715151515151515 0.0444264943457189 0.03333333333333333
0 0.8505654281098546 0.16242424242424242 0.03715670436187399 0.025454545454545455