0 0.3113354037267081 0.56146408839779 0.012939958592132506 0.015883977900552487
0 0.2349896480331263 0.5994475138121547 0.010351966873706004 0.011740331491712707
0 0.7432712215320911 0.08494475138121547 0.026915113871635612 0.031077348066298343
0 0.7950310559006211 0.056284530386740333 0.024327122153209108 0.031767955801104975
0 0.7789855072463768 0.04558011049723757 0.020186335403726708 0.026243093922651933
0 0.8915631469979296 0.7790055248618785 0.014492753623188406 0.019337016574585635
0 0.8522256728778468 0.7493093922651933 0.013457556935817806 0.015193370165745856
0 0.9394409937888198 0.7834944751381215 0.018115942028985508 0.025552486187845305
0 0.9316770186335404 0.7448204419889503 0.021221532091097308 0.026933701657458564
0 0.9301242236024845 0.824585635359116 0.020703933747412008 0.026243093922651933
0 0.9453933747412008 0.8363259668508287 0.018633540372670808 0.022099447513812154
0 0.8902691511387164 0.8425414364640884 0.019151138716356108 0.025552486187845305
0 0.9042443064182195 0.7907458563535912 0.011904761904761904 0.015883977900552487
0 0.8975155279503105 0.7679558011049724 0.013457556935817806 0.015193370165745856
0 0.9640269151138716 0.7406767955801105 0.018633540372670808 0.026243093922651933
0 0.9453933747412008 0.7648480662983426 0.018633540372670808 0.025552486187845305
0 0.9435817805383023 0.7023480662983426 0.019151138716356108 0.025552486187845305
0 0.9301242236024845 0.7227209944751382 0.020186335403726708 0.024171270718232045
0 0.9521221532091098 0.6564226519337016 0.031055900621118012 0.03729281767955801
0 0.21014492753623187 0.994475138121547 0.012422360248447204 0.011049723756906077
0 0.15372670807453417 0.9937845303867403 0.010351966873706004 0.012430939226519336
0 0.2722567287784679 0.9053867403314917 0.019151138716356108 0.023480662983425413
0 0.5406314699792961 0.888121546961326 0.016563146997929608 0.022099447513812154
0 0.5644409937888198 0.9274861878453039 0.011387163561076604 0.017265193370165747
0 0.5496894409937888 0.9433701657458563 0.012422360248447204 0.017265193370165747
0 0.6022256728778468 0.8546270718232044 0.010869565217391304 0.013121546961325966
0 0.6112836438923396 0.9064226519337016 0.012939958592132506 0.017265193370165747
0 0.6045548654244306 0.837707182320442 0.015010351966873706 0.018646408839779006
0 0.6099896480331263 0.8218232044198895 0.010869565217391304 0.014502762430939226
0 0.5980848861283644 0.8270027624309392 0.009834368530020704 0.015193370165745856
0 0.6653726708074534 0.8784530386740331 0.016045548654244308 0.019337016574585635
0 0.6381987577639752 0.8846685082872928 0.013457556935817806 0.016574585635359115
0 0.6001552795031055 0.886049723756906 0.011387163561076604 0.016574585635359115
0 0.7140269151138716 0.824585635359116 0.010869565217391304 0.014502762430939226
0 0.7158385093167702 0.7921270718232044 0.013457556935817806 0.016574585635359115
0 0.7186853002070394 0.8055939226519337 0.013975155279503106 0.018646408839779006
0 0.7326604554865425 0.8131906077348067 0.012939958592132506 0.015193370165745856
0 0.7251552795031055 0.8252762430939227 0.014492753623188406 0.019337016574585635
0 0.7217908902691511 0.8087016574585635 0.05020703933747412 0.06837016574585636
0 0.7784679089026915 0.7890193370165746 0.012422360248447204 0.015883977900552487
0 0.7642339544513458 0.8169889502762431 0.008799171842650104 0.013812154696132596
0 0.7800207039337475 0.8228591160220995 0.009834368530020704 0.012430939226519336
0 0.7952898550724637 0.8214779005524862 0.015010351966873706 0.017955801104972375
0 0.7559523809523809 0.8125 0.011387163561076604 0.015883977900552487
0 0.7717391304347826 0.7140883977900553 0.011904761904761904 0.015193370165745856
0 0.7787267080745341 0.7013121546961326 0.009834368530020704 0.013812154696132596
0 0.796583850931677 0.7651933701657458 0.011387163561076604 0.016574585635359115
0 0.8131469979296067 0.7558701657458563 0.013975155279503106 0.017955801104972375
0 0.8012422360248447 0.6871546961325967 0.012422360248447204 0.017265193370165747
0 0.7590579710144928 0.7596685082872928 0.008799171842650104 0.014502762430939226
0 0.7445652173913043 0.6246546961325967 0.013975155279503106 0.016574585635359115
0 0.8504140786749482 0.7016574585635359 0.011387163561076604 0.015883977900552487
0 0.8713768115942029 0.6933701657458563 0.016563146997929608 0.017265193370165747
0 0.890527950310559 0.8107734806629834 0.009834368530020704 0.013121546961325966
0 0.9091614906832298 0.8111187845303868 0.019668737060041408 0.023480662983425413
0 0.9143374741200828 0.8345994475138122 0.018633540372670808 0.022099447513812154
0 0.9246894409937888 0.7959254143646409 0.010351966873706004 0.015193370165745856
0 0.9153726708074534 0.7879834254143646 0.012422360248447204 0.017955801104972375
0 0.9743788819875776 0.7244475138121547 0.023291925465838508 0.031767955801104975
0 0.9919772256728778 0.762085635359116 0.016045548654244308 0.028314917127071824
0 0.8832815734989649 0.793853591160221 0.019151138716356108 0.024861878453038673
0 0.9868012422360248 0.8363259668508287 0.011904761904761904 0.017265193370165747
0 0.9935300207039337 0.819060773480663 0.012939958592132506 0.024861878453038673
0 0.9236542443064182 0.7040745856353591 0.018115942028985508 0.025552486187845305
0 0.9560041407867494 0.6799033149171271 0.022774327122153208 0.026933701657458564
0 0.906832298136646 0.625 0.024327122153209108 0.031767955801104975
0 0.9218426501035196 0.6329419889502762 0.015010351966873706 0.020027624309392266
0 0.8574016563146998 0.6308701657458563 0.011904761904761904 0.015883977900552487
0 0.9503105590062112 0.5058701657458563 0.027950310559006212 0.0324585635359116
0 0.9451345755693582 0.4720303867403315 0.022256728778467908 0.029005524861878452
0 0.843167701863354 0.4906767955801105 0.025879917184265012 0.0324585635359116
0 0.839544513457557 0.38743093922651933 0.023809523809523808 0.031077348066298343
0 0.8149585921325052 0.4164364640883978 0.025879917184265012 0.0324585635359116
0 0.912008281573499 0.3263121546961326 0.026915113871635612 0.0324585635359116
0 0.9265010351966874 0.2969613259668508 0.023291925465838508 0.029005524861878452
0 0.8385093167701864 0.2151243093922652 0.020703933747412008 0.026243093922651933
0 0.9127846790890269 0.2268646408839779 0.021221532091097308 0.027624309392265192
0 0.8597308488612836 0.14468232044198895 0.020703933747412008 0.029696132596685083
0 0.890527950310559 0.11947513812154696 0.019668737060041408 0.026243093922651933
0 0.8713768115942029 0.1225828729281768 0.017598343685300208 0.024861878453038673
0 0.6674430641821946 0.02244475138121547 0.021221532091097308 0.029005524861878452
0 0.6865942028985508 0.20925414364640885 0.011904761904761904 0.016574585635359115
0 0.7251552795031055 0.21961325966850828 0.014492753623188406 0.021408839779005526
0 0.6915113871635611 0.4558011049723757 0.011904761904761904 0.016574585635359115
0 0.7269668737060041 0.48549723756906077 0.011387163561076604 0.015193370165745856
0 0.7391304347826086 0.550414364640884 0.012939958592132506 0.016574585635359115
0 0.7875258799171843 0.5808011049723757 0.009834368530020704 0.013121546961325966
0 0.8211697722567288 0.5994475138121547 0.009834368530020704 0.013121546961325966
0 0.8152173913043478 0.6581491712707183 0.012939958592132506 0.015883977900552487
0 0.8568840579710145 0.8225138121546961 0.009316770186335404 0.012430939226519336
0 0.7763975155279503 0.8853591160220995 0.009316770186335404 0.012430939226519336
0 0.7049689440993789 0.7828038674033149 0.012422360248447204 0.016574585635359115
0 0.6193064182194618 0.6736878453038674 0.017080745341614908 0.021408839779005526
0 0.6019668737060041 0.6626381215469613 0.013975155279503106 0.017955801104972375
0 0.6428571428571429 0.6467541436464088 0.013457556935817806 0.015193370165745856
0 0.6677018633540373 0.6581491712707183 0.011387163561076604 0.013812154696132596
0 0.6239648033126294 0.5538674033149171 0.010351966873706004 0.014502762430939226
0 0.6053312629399586 0.5752762430939227 0.011904761904761904 0.013812154696132596
0 0.5696169772256728 0.46581491712707185 0.012939958592132506 0.017265193370165747
0 0.6477743271221532 0.47306629834254144 0.012939958592132506 0.017265193370165747
0 0.6128364389233955 0.28591160220994477 0.018633540372670808 0.024861878453038673
0 0.5970496894409938 0.02935082872928177 0.029503105590062112 0.031077348066298343
0 0.5188923395445134 0.05110497237569061 0.024844720496894408 0.03038674033149171
0 0.4886128364389234 0.5452348066298343 0.011904761904761904 0.016574585635359115
0 0.46506211180124224 0.5673342541436464 0.018115942028985508 0.021408839779005526
0 0.5194099378881988 0.5939226519337016 0.011387163561076604 0.015883977900552487
0 0.47903726708074534 0.7593232044198895 0.013975155279503106 0.016574585635359115
0 0.4554865424430642 0.8283839779005525 0.010351966873706004 0.015883977900552487
0 0.44332298136645965 0.8200966850828729 0.015527950310559006 0.019337016574585635
0 0.47127329192546585 0.8370165745856354 0.018633540372670808 0.021408839779005526
0 0.45367494824016563 0.9012430939226519 0.012422360248447204 0.017955801104972375
0 0.525103519668737 0.9457872928176796 0.022774327122153208 0.031077348066298343
0 0.49353002070393376 0.960635359116022 0.023291925465838508 0.03038674033149171
0 0.5838509316770186 0.914364640883978 0.012939958592132506 0.015883977900552487
0 0.5219979296066253 0.9461325966850829 0.010869565217391304 0.014502762430939226
0 0.4943064182194617 0.9547651933701657 0.009316770186335404 0.013121546961325966
0 0.327639751552795 0.7997237569060773 0.013975155279503106 0.018646408839779006
0 0.3734472049689441 0.7382596685082873 0.013975155279503106 0.016574585635359115
0 0.4174430641821946 0.7472375690607734 0.011387163561076604 0.014502762430939226
0 0.3144409937888199 0.6187845303867403 0.010869565217391304 0.014502762430939226
0 0.32867494824016563 0.6429558011049724 0.010869565217391304 0.014502762430939226
0 0.31237060041407866 0.43439226519337015 0.014492753623188406 0.019337016574585635
0 0.23628364389233955 0.1736878453038674 0.021739130434782608 0.031077348066298343
0 0.2619047619047619 0.1671270718232044 0.024844720496894408 0.03038674033149171
0 0.18840579710144928 0.17645027624309392 0.024327122153209108 0.03038674033149171
0 0.17391304347826086 0.36498618784530384 0.015010351966873706 0.021408839779005526
0 0.17650103519668736 0.38363259668508287 0.025362318840579712 0.03522099447513812
0 0.23731884057971014 0.7717541436464088 0.016045548654244308 0.020718232044198894
0 0.13975155279503104 0.9837707182320442 0.011387163561076604 0.013812154696132596
0 0.1695134575569358 0.9540745856353591 0.011387163561076604 0.016574585635359115
0 0.1234472049689441 0.8598066298342542 0.011904761904761904 0.016574585635359115
0 0.1275879917184265 0.8743093922651933 0.013457556935817806 0.017265193370165747
0 0.1286231884057971 0.8276933701657458 0.009834368530020704 0.013121546961325966
0 0.09730848861283643 0.7600138121546961 0.025879917184265012 0.034530386740331494
0 0.09109730848861283 0.6919889502762431 0.023291925465838508 0.0324585635359116
0 0.07039337474120083 0.7365331491712708 0.024327122153209108 0.0324585635359116
0 0.12784679089026915 0.7095994475138122 0.025362318840579712 0.029696132596685083
0 0.11128364389233955 0.712707182320442 0.024327122153209108 0.031767955801104975
0 0.08514492753623189 0.6439917127071824 0.017598343685300208 0.025552486187845305
0 0.06935817805383022 0.630524861878453 0.028985507246376812 0.03660220994475138
0 0.06521739130434782 0.5842541436464088 0.017598343685300208 0.022099447513812154
0 0.06832298136645963 0.5966850828729282 0.016563146997929608 0.020027624309392266
0 0.10041407867494824 0.5977209944751382 0.026397515527950312 0.03383977900552486
0 0.07298136645962733 0.5890883977900553 0.032091097308488616 0.04074585635359116
0 0.1182712215320911 0.4219613259668508 0.023291925465838508 0.029696132596685083
0 0.0986024844720497 0.3974447513812155 0.022774327122153208 0.028314917127071824
0 0.6777950310559007 0.32976519337016574 0.014492753623188406 0.019337016574585635
0 0.6638198757763976 0.2948895027624309 0.013975155279503106 0.016574585635359115
0 0.5980848861283644 0.2102900552486188 0.013975155279503106 0.018646408839779006
0 0.6436335403726708 0.4330110497237569 0.017598343685300208 0.021408839779005526
0 0.6695134575569358 0.5928867403314917 0.016563146997929608 0.018646408839779006
0 0.7057453416149069 0.5966850828729282 0.013975155279503106 0.017955801104972375
0 0.6384575569358178 0.019337016574585635 0.025362318840579712 0.03038674033149171
0 0.722567287784679 0.0856353591160221 0.026397515527950312 0.03522099447513812
0 0.8889751552795031 0.2037292817679558 0.030020703933747412 0.03867403314917127
0 0.8524844720496895 0.19095303867403315 0.027950310559006212 0.03522099447513812
0 0.8247929606625258 0.2900552486187845 0.031055900621118012 0.04005524861878453
0 0.9350414078674948 0.44129834254143646 0.025879917184265012 0.031767955801104975
0 0.9453933747412008 0.6605662983425414 0.019668737060041408 0.029005524861878452