0 0.5649819494584838 0.4229534510433387 0.01865222623345367 0.020064205457463884
0 0.5508423586040915 0.44662921348314605 0.015042117930204572 0.016051364365971106
0 0.5436221419975933 0.48314606741573035 0.016245487364620937 0.016853932584269662
0 0.5712996389891697 0.3471107544141252 0.01684717208182912 0.01765650080256822
0 0.6119133574007221 0.7696629213483146 0.01263537906137184 0.013643659711075442
0 0.5899518652226233 0.7829052969502408 0.013237063778580024 0.013643659711075442
0 0.5655836341756919 0.7504012841091493 0.015042117930204572 0.016051364365971106
0 0.5358002406738869 0.757223113964687 0.02045728038507822 0.021669341894060994
0 0.516245487364621 0.7837078651685393 0.01263537906137184 0.013643659711075442
0 0.5306859205776173 0.9269662921348315 0.01865222623345367 0.020064205457463884
0 0.5018050541516246 0.9398073836276083 0.01263537906137184 0.013643659711075442
0 0.5063176895306859 0.9321829855537721 0.013838748495788207 0.014446227929373997
0 0.532791817087846 0.9502407704654896 0.015042117930204572 0.015248796147672551
0 0.5373044524669074 0.9402086677367576 0.015042117930204572 0.016051364365971106
0 0.6143200962695547 0.8374799357945425 0.016245487364620937 0.016853932584269662
0 0.6236462093862816 0.8579454253611557 0.010830324909747292 0.011235955056179775
0 0.2981347773766546 0.7479935794542536 0.018050541516245487 0.019261637239165328
0 0.2674488567990373 0.7696629213483146 0.024067388688327317 0.025682182985553772
0 0.25541516245487367 0.7849117174959872 0.013237063778580024 0.013643659711075442
0 0.27557160048134777 0.6978330658105939 0.0246690734055355 0.025682182985553772
0 0.279482551143201 0.6813804173354735 0.02707581227436823 0.028089887640449437
0 0.28309265944645007 0.6665329052969502 0.02707581227436823 0.028892455858747994
0 0.20667870036101083 0.8045746388443018 0.021660649819494584 0.021669341894060994
0 0.18411552346570398 0.7961476725521669 0.01684717208182912 0.016853932584269662
0 0.20156438026474127 0.7885232744783307 0.030685920577617327 0.03210272873194221
0 0.2572202166064982 0.8635634028892456 0.024067388688327317 0.025682182985553772
0 0.21510228640192539 0.8643659711075441 0.0246690734055355 0.026484751203852328
0 0.21510228640192539 0.8398876404494382 0.02286401925391095 0.024077046548956663
0 0.1934416365824308 0.8198234349919743 0.023465703971119134 0.026484751203852328
0 0.18471720818291215 0.8097913322632424 0.019253910950661854 0.020064205457463884
0 0.1901323706377858 0.7162921348314607 0.02527075812274368 0.026484751203852328
0 0.2490974729241877 0.797752808988764 0.01684717208182912 0.01765650080256822
0 0.28640192539109505 0.7792937399678973 0.019855595667870037 0.02086677367576244
0 0.3408543922984356 0.7696629213483146 0.013237063778580024 0.014446227929373997
0 0.28730445246690733 0.8310593900481541 0.022262334536702767 0.023274478330658106
0 0.37815884476534295 0.8081861958266453 0.02045728038507822 0.021669341894060994
0 0.39951865222623345 0.826645264847512 0.01444043321299639 0.015248796147672551
0 0.4293020457280385 0.8198234349919743 0.01865222623345367 0.019261637239165328
0 0.43772563176895307 0.7925361155698234 0.016245487364620937 0.016853932584269662
0 0.4479542719614922 0.7941412520064205 0.01444043321299639 0.015248796147672551
0 0.36522262334536704 0.8723916532905297 0.015042117930204572 0.015248796147672551
0 0.49578820697954273 0.804975922953451 0.01865222623345367 0.019261637239165328
0 0.4536702767749699 0.8105939004815409 0.01865222623345367 0.019261637239165328
0 0.38658243080625754 0.8298555377207063 0.02286401925391095 0.024077046548956663
0 0.37906137184115524 0.7403691813804173 0.027677496991576414 0.028892455858747994
0 0.32551143200962696 0.8109951845906902 0.02888086642599278 0.02969502407704655
0 0.3101684717208183 0.8053772070626003 0.018050541516245487 0.019261637239165328
0 0.2812876052948255 0.8286516853932584 0.018050541516245487 0.018459069020866775
0 0.29001203369434414 0.8346709470304976 0.01865222623345367 0.02086677367576244
0 0.28459687123947053 0.8017656500802568 0.01684717208182912 0.01765650080256822
0 0.2184115523465704 0.8206260032102729 0.013237063778580024 0.013643659711075442
0 0.13477737665463296 0.7367576243980738 0.019855595667870037 0.02086677367576244
0 0.12815884476534295 0.663322632423756 0.018050541516245487 0.018459069020866775
0 0.10800240673886884 0.7696629213483146 0.019253910950661854 0.021669341894060994
0 0.12274368231046931 0.7981540930979133 0.02286401925391095 0.024077046548956663
0 0.12214199759326114 0.812199036918138 0.01865222623345367 0.020064205457463884
0 0.10258724428399518 0.6865971107544141 0.019253910950661854 0.021669341894060994
0 0.20306859205776173 0.5128410914927769 0.019253910950661854 0.02086677367576244
0 0.18351383874849578 0.5329052969502408 0.018050541516245487 0.018459069020866775
0 0.16425992779783394 0.5349117174959872 0.018050541516245487 0.018459069020866775
0 0.26714801444043323 0.5826645264847512 0.032490974729241874 0.033707865168539325
0 0.3173886883273165 0.5934991974317817 0.0246690734055355 0.025682182985553772
0 0.3234055354993983 0.5790529695024077 0.029482551143200964 0.03130016051364366
0 0.309265944645006 0.5630016051364366 0.01684717208182912 0.01765650080256822
0 0.2815884476534296 0.6003210272873194 0.0246690734055355 0.026484751203852328
0 0.41335740072202165 0.5878812199036918 0.01865222623345367 0.020064205457463884
0 0.3907942238267148 0.7279293739967897 0.022262334536702767 0.023274478330658106
0 0.38748495788206977 0.7114767255216693 0.029482551143200964 0.03210272873194221
0 0.42719614921780985 0.6974317817014446 0.02286401925391095 0.024879614767255216
0 0.4082430806257521 0.7359550561797753 0.02888086642599278 0.030497592295345103
0 0.49037304452466907 0.48675762439807385 0.015042117930204572 0.016051364365971106
0 0.4915764139590854 0.5052166934189406 0.015042117930204572 0.016051364365971106
0 0.39320096269554755 0.53330658105939 0.036101083032490974 0.0377207062600321
0 0.3862815884476534 0.5601926163723917 0.026474127557160047 0.028892455858747994
0 0.36341756919374246 0.5762439807383628 0.02527075812274368 0.026484751203852328
0 0.8580024067388689 0.2030497592295345 0.022262334536702767 0.024077046548956663
0 0.8447653429602888 0.228330658105939 0.01684717208182912 0.01765650080256822
0 0.8628158844765343 0.22231139646869985 0.027677496991576414 0.028892455858747994
0 0.8294223826714802 0.20585874799357945 0.023465703971119134 0.025682182985553772
0 0.8465703971119134 0.27929373996789725 0.021660649819494584 0.02247191011235955
0 0.9118531889290012 0.23274478330658105 0.0246690734055355 0.024879614767255216
0 0.8805655836341757 0.2319422150882825 0.031287605294825514 0.033707865168539325
0 0.8607099879663056 0.32624398073836275 0.02045728038507822 0.021669341894060994
0 0.818892900120337 0.2913322632423756 0.021660649819494584 0.02247191011235955
0 0.7030685920577617 0.28009630818619585 0.018050541516245487 0.018459069020866775
0 0.7030685920577617 0.3021669341894061 0.0210589651022864 0.021669341894060994
0 0.7193140794223827 0.26484751203852325 0.02527075812274368 0.026484751203852328
0 0.7349578820697954 0.2712680577849117 0.0210589651022864 0.02247191011235955
0 0.7250300842358605 0.2516051364365971 0.021660649819494584 0.02247191011235955
0 0.3426594464500602 0.6404494382022472 0.028279181708784597 0.02969502407704655
0 0.3243080625752106 0.5569823434991974 0.028279181708784597 0.02969502407704655
0 0.41064981949458484 0.38242375601926165 0.03730445246690734 0.03932584269662921
0 0.4891696750902527 0.32504012841091495 0.031889290012033694 0.033707865168539325
0 0.49458483754512633 0.3057784911717496 0.036702767749699154 0.0377207062600321