0 0.3342541436464088 0.03222836095764273 0.026243093922651933 0.027624309392265192
0 0.3383977900552486 0.11556169429097606 0.026243093922651933 0.026703499079189688
0 0.4903314917127072 0.008287292817679558 0.027624309392265192 0.016574585635359115
0 0.5980662983425414 0.42679558011049723 0.024171270718232045 0.024861878453038673
0 0.5649171270718232 0.39594843462246776 0.022790055248618785 0.02302025782688766
0 0.5441988950276243 0.4129834254143646 0.017265193370165747 0.017495395948434623
0 0.5500690607734806 0.3858195211786372 0.018646408839779006 0.01841620626151013
0 0.38950276243093923 0.7716390423572744 0.019337016574585635 0.019337016574585635
0 0.4551104972375691 0.7334254143646409 0.015883977900552487 0.01565377532228361
0 0.42886740331491713 0.6984346224677717 0.017955801104972375 0.017495395948434623
0 0.5072513812154696 0.8057090239410681 0.024171270718232045 0.024861878453038673
0 0.06560773480662983 0.4585635359116022 0.015883977900552487 0.014732965009208104
0 0.1018646408839779 0.3296500920810313 0.016574585635359115 0.016574585635359115
0 0.03970994475138122 0.5441988950276243 0.021408839779005526 0.022099447513812154
0 0.11256906077348067 0.5860957642725598 0.015883977900552487 0.01565377532228361
0 0.34357734806629836 0.2509208103130755 0.015193370165745856 0.014732965009208104
0 0.4116022099447514 0.2058011049723757 0.013812154696132596 0.013812154696132596
0 0.22548342541436464 0.20303867403314918 0.017955801104972375 0.01841620626151013
0 0.26277624309392267 0.1514732965009208 0.020718232044198894 0.02117863720073665
0 0.29178176795580113 0.1643646408839779 0.022099447513812154 0.02302025782688766
0 0.2106353591160221 0.15791896869244937 0.016574585635359115 0.016574585635359115
0 0.21892265193370167 0.12569060773480664 0.016574585635359115 0.01565377532228361
0 0.2755524861878453 0.11740331491712708 0.014502762430939226 0.014732965009208104
0 0.27486187845303867 0.13489871086556168 0.031077348066298343 0.029465930018416207
0 0.3031767955801105 0.08057090239410682 0.022790055248618785 0.02394106813996317
0 0.3049033149171271 0.1487108655616943 0.016574585635359115 0.01565377532228361
0 0.3477209944751381 0.16298342541436464 0.014502762430939226 0.014732965009208104
0 0.36464088397790057 0.13397790055248618 0.022099447513812154 0.02302025782688766
0 0.49412983425414364 0.21086556169429096 0.013812154696132596 0.013812154696132596
0 0.4930939226519337 0.20165745856353592 0.013812154696132596 0.013812154696132596
0 0.494475138121547 0.20534069981583794 0.029696132596685083 0.029465930018416207
0 0.6287983425414365 0.31123388581952116 0.015193370165745856 0.014732965009208104
0 0.5921961325966851 0.3784530386740331 0.017955801104972375 0.017495395948434623
0 0.700621546961326 0.26933701657458564 0.018646408839779006 0.01841620626151013
0 0.7054558011049724 0.19889502762430938 0.019337016574585635 0.019337016574585635
0 0.6046270718232044 0.16896869244935545 0.016574585635359115 0.016574585635359115
0 0.6602209944751382 0.12476979742173112 0.015193370165745856 0.01565377532228361
0 0.573549723756906 0.10405156537753223 0.015883977900552487 0.014732965009208104
0 0.5790745856353591 0.11832412523020258 0.016574585635359115 0.01565377532228361
0 0.48480662983425415 0.09530386740331492 0.023480662983425413 0.024861878453038673
0 0.5017265193370166 0.06537753222836096 0.015883977900552487 0.01565377532228361
0 0.4651243093922652 0.10589318600368323 0.022099447513812154 0.02302025782688766
0 0.4744475138121547 0.027624309392265192 0.026243093922651933 0.02578268876611418
0 0.3888121546961326 0.0423572744014733 0.013121546961325966 0.013812154696132596
0 0.5590469613259669 0.017495395948434623 0.026933701657458564 0.027624309392265192
0 0.6319060773480663 0.03729281767955801 0.014502762430939226 0.014732965009208104
0 0.6142955801104972 0.04742173112338858 0.015193370165745856 0.014732965009208104
0 0.7033839779005525 0.09392265193370165 0.012430939226519336 0.01289134438305709
0 0.7375690607734806 0.0363720073664825 0.015193370165745856 0.01565377532228361
0 0.7786602209944752 0.18370165745856354 0.016574585635359115 0.016574585635359115
0 0.9820441988950276 0.07320441988950276 0.004143646408839779 0.011970534069981584
0 0.9022790055248618 0.08931860036832412 0.016574585635359115 0.016574585635359115
0 0.9091850828729282 0.05478821362799263 0.015193370165745856 0.014732965009208104
0 0.4564917127071823 0.5023020257826888 0.022099447513812154 0.02117863720073665
0 0.4741022099447514 0.5082872928176796 0.019337016574585635 0.01841620626151013
0 0.24136740331491713 0.04511970534069982 0.028314917127071824 0.0285451197053407
0 0.26035911602209943 0.10267034990791897 0.020718232044198894 0.020257826887661142
0 0.25310773480662985 0.11141804788213629 0.024171270718232045 0.02394106813996317
0 0.19475138121546962 0.10911602209944751 0.022099447513812154 0.022099447513812154
0 0.3221685082872928 0.1141804788213628 0.029005524861878452 0.029465930018416207
0 0.3076657458563536 0.10865561694290976 0.03038674033149171 0.03038674033149171
0 0.42230662983425415 0.14226519337016574 0.03038674033149171 0.03038674033149171