0 0.607421875 0.4680989583333333 0.02099609375 0.020833333333333332
0 0.2099609375 0.4733072916666667 0.0166015625 0.016276041666666668
0 0.22802734375 0.4459635416666667 0.01611328125 0.015625
0 0.1875 0.490234375 0.01123046875 0.011067708333333334
0 0.19091796875 0.4986979166666667 0.00927734375 0.009765625
0 0.19091796875 0.509765625 0.01513671875 0.014973958333333334
0 0.166015625 0.474609375 0.01806640625 0.018229166666666668
0 0.3369140625 0.5579427083333334 0.00927734375 0.009765625
0 0.33056640625 0.5631510416666666 0.01513671875 0.014973958333333334
0 0.42919921875 0.56640625 0.00927734375 0.009765625
0 0.52880859375 0.6171875 0.01318359375 0.013020833333333334
0 0.54931640625 0.6412760416666666 0.01416015625 0.014322916666666666
0 0.60693359375 0.6321614583333334 0.013671875 0.013671875
0 0.6962890625 0.7161458333333334 0.01806640625 0.018229166666666668
0 0.6796875 0.69921875 0.0185546875 0.018880208333333332
0 0.638671875 0.7864583333333334 0.01904296875 0.01953125
0 0.60009765625 0.78515625 0.01123046875 0.01171875
0 0.5947265625 0.826171875 0.0166015625 0.016276041666666668
0 0.5576171875 0.83203125 0.01953125 0.01953125
0 0.53271484375 0.8268229166666666 0.02001953125 0.020182291666666668
0 0.5400390625 0.8502604166666666 0.01513671875 0.014973958333333334
0 0.5478515625 0.8450520833333334 0.0185546875 0.018229166666666668
0 0.5244140625 0.8548177083333334 0.0205078125 0.020182291666666668
0 0.5888671875 0.8658854166666666 0.01171875 0.01171875
0 0.60693359375 0.8567708333333334 0.0185546875 0.018880208333333332
0 0.57373046875 0.4485677083333333 0.02197265625 0.022135416666666668
0 0.5986328125 0.4388020833333333 0.017578125 0.017578125
0 0.59326171875 0.4622395833333333 0.02001953125 0.020182291666666668
0 0.599609375 0.4811197916666667 0.01318359375 0.013020833333333334
0 0.53662109375 0.4694010416666667 0.0126953125 0.012369791666666666
0 0.544921875 0.3776041666666667 0.0146484375 0.014973958333333334
0 0.52880859375 0.3880208333333333 0.01513671875 0.015625
0 0.4326171875 0.46484375 0.005859375 0.005859375
0 0.3212890625 0.646484375 0.0068359375 0.007161458333333333
0 0.33984375 0.673828125 0.009765625 0.009765625
0 0.361328125 0.6640625 0.0107421875 0.010416666666666666
0 0.36767578125 0.650390625 0.0087890625 0.008463541666666666
0 0.2802734375 0.5442708333333334 0.0185546875 0.018880208333333332
0 0.28466796875 0.513671875 0.01513671875 0.014973958333333334
0 0.34521484375 0.431640625 0.01806640625 0.018229166666666668
0 0.47216796875 0.2903645833333333 0.015625 0.015625
0 0.48486328125 0.25390625 0.0166015625 0.016927083333333332
0 0.47509765625 0.21484375 0.01806640625 0.017578125
0 0.45849609375 0.18684895833333334 0.01123046875 0.011067708333333334
0 0.529296875 0.22135416666666666 0.01416015625 0.014322916666666666
0 0.51171875 0.236328125 0.0166015625 0.017578125
0 0.453125 0.197265625 0.0146484375 0.014973958333333334
0 0.55029296875 0.21354166666666666 0.0126953125 0.012369791666666666
0 0.5341796875 0.19986979166666666 0.01123046875 0.01171875
0 0.53857421875 0.20638020833333334 0.01171875 0.012369791666666666
0 0.5244140625 0.19270833333333334 0.02294921875 0.022786458333333332
0 0.51904296875 0.22916666666666666 0.0166015625 0.016927083333333332
0 0.48046875 0.201171875 0.0185546875 0.018229166666666668
0 0.46728515625 0.13932291666666666 0.01416015625 0.014322916666666666
0 0.45556640625 0.14518229166666666 0.0166015625 0.016276041666666668
0 0.439453125 0.13151041666666666 0.01513671875 0.015625
0 0.42431640625 0.154296875 0.021484375 0.021484375
0 0.4892578125 0.162109375 0.015625 0.015625
0 0.47998046875 0.16796875 0.01611328125 0.015625
0 0.4013671875 0.16080729166666666 0.0185546875 0.018229166666666668
0 0.38134765625 0.16341145833333334 0.01611328125 0.015625
0 0.396484375 0.15299479166666666 0.0146484375 0.014973958333333334
0 0.4306640625 0.7005208333333334 0.02099609375 0.020833333333333332
0 0.44287109375 0.685546875 0.0205078125 0.020182291666666668
0 0.4072265625 0.6744791666666666 0.00732421875 0.007161458333333333
0 0.439453125 0.6614583333333334 0.01513671875 0.014973958333333334
0 0.53759765625 0.71875 0.01904296875 0.01953125
0 0.4892578125 0.7259114583333334 0.0224609375 0.022786458333333332
0 0.60693359375 0.884765625 0.00927734375 0.009114583333333334
0 0.5888671875 0.8548177083333334 0.005859375 0.005859375
0 0.60986328125 0.8216145833333334 0.01806640625 0.018229166666666668
0 0.6875 0.75 0.01904296875 0.018880208333333332
0 0.7119140625 0.759765625 0.02001953125 0.020182291666666668
0 0.69970703125 0.787109375 0.017578125 0.017578125
0 0.70263671875 0.6764322916666666 0.01611328125 0.016276041666666668
0 0.751953125 0.7252604166666666 0.02099609375 0.020833333333333332
0 0.744140625 0.7317708333333334 0.0166015625 0.016927083333333332
0 0.7373046875 0.6516927083333334 0.0185546875 0.018880208333333332
0 0.77099609375 0.6595052083333334 0.02001953125 0.020182291666666668
0 0.78857421875 0.6282552083333334 0.0185546875 0.018880208333333332
0 0.78173828125 0.599609375 0.0087890625 0.008463541666666666
0 0.79150390625 0.5872395833333334 0.00732421875 0.007161458333333333
0 0.85986328125 0.607421875 0.00732421875 0.007161458333333333
0 0.85595703125 0.5963541666666666 0.00927734375 0.009765625
0 0.84619140625 0.5755208333333334 0.0087890625 0.008463541666666666
0 0.857421875 0.5748697916666666 0.00537109375 0.005208333333333333
0 0.84423828125 0.583984375 0.00732421875 0.007161458333333333
0 0.861328125 0.5696614583333334 0.00927734375 0.009114583333333334
0 0.8291015625 0.5201822916666666 0.0087890625 0.008463541666666666
0 0.83837890625 0.5455729166666666 0.00732421875 0.007161458333333333
0 0.36865234375 0.583984375 0.01123046875 0.011067708333333334
0 0.35205078125 0.5748697916666666 0.015625 0.015625
0 0.35302734375 0.5260416666666666 0.0146484375 0.014973958333333334
0 0.33935546875 0.615234375 0.0146484375 0.014973958333333334
0 0.25830078125 0.5305989583333334 0.015625 0.015625
0 0.26513671875 0.4856770833333333 0.0205078125 0.020833333333333332
0 0.22705078125 0.5768229166666666 0.0234375 0.0234375
0 0.17333984375 0.41796875 0.01513671875 0.014973958333333334
0 0.16748046875 0.4244791666666667 0.017578125 0.017578125
0 0.19677734375 0.4029947916666667 0.01904296875 0.018880208333333332
0 0.5400390625 0.6796875 0.0244140625 0.024739583333333332
0 0.48046875 0.6302083333333334 0.0234375 0.024088541666666668
0 0.57958984375 0.8157552083333334 0.025390625 0.025390625
0 0.5576171875 0.880859375 0.0263671875 0.026041666666666668
0 0.66259765625 0.82421875 0.02880859375 0.029296875
0 0.66796875 0.8079427083333334 0.02783203125 0.027994791666666668
0 0.68017578125 0.6796875 0.0263671875 0.026692708333333332
0 0.703125 0.568359375 0.03173828125 0.031901041666666664
0 0.673828125 0.552734375 0.02197265625 0.022135416666666668
0 0.35888671875 0.171875 0.02099609375 0.021484375
0 0.5673828125 0.23307291666666666 0.0185546875 0.018880208333333332
0 0.51806640625 0.21223958333333334 0.01953125 0.01953125
0 0.48876953125 0.5221354166666666 0.01220703125 0.012369791666666666
0 0.50146484375 0.52734375 0.013671875 0.013671875
0 0.46533203125 0.525390625 0.01171875 0.012369791666666666
0 0.55810546875 0.5442708333333334 0.01318359375 0.013020833333333334
0 0.5595703125 0.5240885416666666 0.01318359375 0.013671875
0 0.53515625 0.244140625 0.01318359375 0.013671875
0 0.52197265625 0.25 0.01220703125 0.012369791666666666
0 0.47607421875 0.150390625 0.01318359375 0.013020833333333334
0 0.46484375 0.150390625 0.01513671875 0.014973958333333334
0 0.46240234375 0.16731770833333334 0.0126953125 0.012369791666666666
0 0.2333984375 0.431640625 0.01220703125 0.012369791666666666
0 0.19775390625 0.4830729166666667 0.013671875 0.013671875
0 0.14453125 0.5006510416666666 0.01318359375 0.013671875
0 0.13916015625 0.4921875 0.01513671875 0.014973958333333334
0 0.3994140625 0.4140625 0.009765625 0.009765625
0 0.5341796875 0.27734375 0.01220703125 0.012369791666666666
0 0.5478515625 0.251953125 0.01513671875 0.014973958333333334
0 0.57470703125 0.25 0.01171875 0.012369791666666666
0 0.56787109375 0.2643229166666667 0.01171875 0.01171875
0 0.40234375 0.44921875 0.01416015625 0.014322916666666666
0 0.39404296875 0.4537760416666667 0.013671875 0.014322916666666666
0 0.38232421875 0.5201822916666666 0.01416015625 0.014322916666666666
0 0.44677734375 0.5891927083333334 0.0146484375 0.014973958333333334