0 0.8372395833333334 0.2119140625 0.03125 0.02197265625
0 0.8391927083333334 0.2333984375 0.028645833333333332 0.0224609375
0 0.857421875 0.267578125 0.034505208333333336 0.02392578125
0 0.876953125 0.22265625 0.032552083333333336 0.0234375
0 0.8854166666666666 0.27783203125 0.028645833333333332 0.0224609375
0 0.7884114583333334 0.27294921875 0.033203125 0.02099609375
0 0.810546875 0.28173828125 0.02734375 0.02392578125
0 0.802734375 0.30615234375 0.040364583333333336 0.029296875
0 0.7421875 0.2724609375 0.032552083333333336 0.02392578125
0 0.7233072916666666 0.3388671875 0.032552083333333336 0.02490234375
0 0.7740885416666666 0.359375 0.033203125 0.02587890625
0 0.771484375 0.33251953125 0.029947916666666668 0.0205078125
0 0.7486979166666666 0.33642578125 0.027994791666666668 0.0185546875
0 0.8255208333333334 0.333984375 0.02734375 0.0205078125
0 0.8626302083333334 0.42236328125 0.042317708333333336 0.02783203125
0 0.7454427083333334 0.40625 0.034505208333333336 0.0244140625
0 0.7389322916666666 0.43212890625 0.029947916666666668 0.02294921875
0 0.8020833333333334 0.458984375 0.031901041666666664 0.02294921875
0 0.7513020833333334 0.4873046875 0.028645833333333332 0.02001953125
0 0.7981770833333334 0.48388671875 0.026692708333333332 0.0205078125
0 0.8313802083333334 0.49560546875 0.026692708333333332 0.0205078125
0 0.869140625 0.50146484375 0.033854166666666664 0.0244140625
0 0.880859375 0.5400390625 0.031901041666666664 0.02392578125
0 0.7311197916666666 0.5361328125 0.02734375 0.01953125
0 0.767578125 0.52392578125 0.022786458333333332 0.0185546875
0 0.7819010416666666 0.55712890625 0.016927083333333332 0.0126953125
0 0.8203125 0.58154296875 0.026041666666666668 0.017578125
0 0.8671875 0.61181640625 0.029296875 0.0205078125
0 0.8209635416666666 0.63720703125 0.026692708333333332 0.01953125
0 0.7740885416666666 0.662109375 0.026692708333333332 0.0185546875
0 0.8131510416666666 0.67578125 0.026692708333333332 0.01806640625
0 0.736328125 0.689453125 0.036458333333333336 0.025390625
0 0.7467447916666666 0.68310546875 0.026041666666666668 0.0185546875
0 0.7252604166666666 0.69482421875 0.026692708333333332 0.0185546875
0 0.76953125 0.70458984375 0.020833333333333332 0.01806640625
0 0.7259114583333334 0.77294921875 0.028645833333333332 0.01953125
0 0.7975260416666666 0.791015625 0.029296875 0.0205078125
0 0.8470052083333334 0.71728515625 0.024739583333333332 0.01708984375
0 0.8463541666666666 0.74072265625 0.0234375 0.01953125
0 0.8834635416666666 0.76806640625 0.025390625 0.02099609375
0 0.8912760416666666 0.74560546875 0.018880208333333332 0.0166015625
0 0.8860677083333334 0.84814453125 0.026041666666666668 0.0224609375
0 0.72265625 0.8134765625 0.028645833333333332 0.017578125
0 0.7356770833333334 0.83251953125 0.025390625 0.0166015625
0 0.712890625 0.8994140625 0.031901041666666664 0.02197265625
0 0.8033854166666666 0.87060546875 0.022786458333333332 0.0205078125
0 0.837890625 0.85498046875 0.022135416666666668 0.01708984375
0 0.4231770833333333 0.8779296875 0.026692708333333332 0.01953125
0 0.3131510416666667 0.76953125 0.026041666666666668 0.01953125
0 0.291015625 0.775390625 0.02734375 0.0185546875
0 0.2786458333333333 0.677734375 0.026041666666666668 0.02001953125
0 0.22200520833333334 0.70458984375 0.021484375 0.02099609375
0 0.3626302083333333 0.6513671875 0.028645833333333332 0.02099609375
0 0.4270833333333333 0.58544921875 0.027994791666666668 0.0224609375
0 0.4544270833333333 0.54541015625 0.031901041666666664 0.0234375
0 0.455078125 0.5478515625 0.01953125 0.01611328125
0 0.3802083333333333 0.40625 0.029296875 0.02197265625
0 0.3567708333333333 0.40185546875 0.022135416666666668 0.015625
0 0.4036458333333333 0.353515625 0.02734375 0.01953125
0 0.2591145833333333 0.3603515625 0.024088541666666668 0.017578125
0 0.19140625 0.38671875 0.02734375 0.02001953125
0 0.2884114583333333 0.32177734375 0.029296875 0.01904296875
0 0.3255208333333333 0.3408203125 0.028645833333333332 0.0185546875
0 0.2545572916666667 0.5390625 0.045572916666666664 0.03515625
0 0.2630208333333333 0.53076171875 0.018880208333333332 0.01318359375
0 0.244140625 0.53173828125 0.020182291666666668 0.013671875
0 0.2630208333333333 0.5478515625 0.020182291666666668 0.01416015625
0 0.21223958333333334 0.56591796875 0.02734375 0.0185546875
0 0.1015625 0.650390625 0.026692708333333332 0.01953125
0 0.16015625 0.619140625 0.026041666666666668 0.0185546875
0 0.189453125 0.5625 0.022786458333333332 0.01513671875
0 0.0859375 0.4677734375 0.028645833333333332 0.0234375
0 0.109375 0.369140625 0.027994791666666668 0.02099609375
0 0.10416666666666667 0.38671875 0.03125 0.0205078125
0 0.08072916666666667 0.4052734375 0.022786458333333332 0.0185546875
0 0.10091145833333333 0.41259765625 0.027994791666666668 0.02294921875
0 0.53125 0.7802734375 0.031901041666666664 0.0244140625
0 0.2747395833333333 0.8154296875 0.027994791666666668 0.021484375
0 0.6549479166666666 0.57275390625 0.034505208333333336 0.0244140625
0 0.6393229166666666 0.55224609375 0.029296875 0.0205078125
0 0.6432291666666666 0.51220703125 0.0234375 0.0205078125