0 0.37372708757637474 0.5876358695652174 0.012219959266802444 0.012907608695652174
0 0.33223014256619143 0.6351902173913043 0.009674134419551934 0.010190217391304348
0 0.529786150712831 0.17900815217391305 0.02494908350305499 0.025815217391304348
0 0.5570264765784114 0.14470108695652173 0.023930753564154784 0.025135869565217392
0 0.5422606924643585 0.14470108695652173 0.01985743380855397 0.020380434782608696
0 0.8393584521384929 0.4938858695652174 0.014256619144602852 0.014266304347826086
0 0.8029531568228105 0.49252717391304346 0.012219959266802444 0.012907608695652174
0 0.8734725050916496 0.4789402173913043 0.018329938900203666 0.01970108695652174
0 0.8566700610997964 0.46127717391304346 0.020366598778004074 0.021739130434782608
0 0.879582484725051 0.5040760869565217 0.01985743380855397 0.020380434782608696
0 0.8938391038696538 0.5050951086956522 0.017311608961303463 0.018342391304347828
0 0.8574338085539714 0.5281929347826086 0.019348268839103868 0.020380434782608696
0 0.8513238289205702 0.4952445652173913 0.012219959266802444 0.012228260869565218
0 0.8403767820773931 0.4857336956521739 0.012219959266802444 0.012907608695652174
0 0.8775458248472505 0.44735054347826086 0.019348268839103868 0.020380434782608696
0 0.8721995926680245 0.4670516304347826 0.018329938900203666 0.01970108695652174
0 0.8523421588594705 0.43410326086956524 0.019348268839103868 0.020380434782608696
0 0.8487780040733197 0.4500679347826087 0.019348268839103868 0.020380434782608696
0 0.8439409368635438 0.40726902173913043 0.029022403258655804 0.030570652173913044
0 0.43126272912423624 0.8794157608695652 0.014256619144602852 0.014266304347826086
0 0.4429735234215886 0.8855298913043478 0.01120162932790224 0.012228260869565218
0 0.42464358452138495 0.9018342391304348 0.01120162932790224 0.012228260869565218
0 0.43380855397148677 0.8549592391304348 0.011710794297352342 0.012228260869565218
0 0.39460285132382894 0.875 0.01120162932790224 0.01154891304347826
0 0.44908350305498984 0.7846467391304348 0.018329938900203666 0.01970108695652174
0 0.42820773930753564 0.8933423913043478 0.016293279022403257 0.016983695652173912
0 0.6293279022403259 0.6779891304347826 0.01680244399185336 0.017663043478260868
0 0.6578411405295316 0.6902173913043478 0.012219959266802444 0.012907608695652174
0 0.6517311608961304 0.7038043478260869 0.012729124236252547 0.01358695652173913
0 0.6621690427698574 0.6382472826086957 0.010183299389002037 0.010869565217391304
0 0.6835539714867617 0.662703804347826 0.012729124236252547 0.01358695652173913
0 0.6586048879837068 0.6290760869565217 0.014765784114052953 0.014945652173913044
0 0.6573319755600815 0.6178668478260869 0.010692464358452138 0.01154891304347826
0 0.6507128309572301 0.6253396739130435 0.010183299389002037 0.010869565217391304
0 0.7128309572301426 0.6283967391304348 0.015274949083503055 0.015625
0 0.6957739307535642 0.6416440217391305 0.012729124236252547 0.01358695652173913
0 0.669806517311609 0.6555706521739131 0.011710794297352342 0.012228260869565218
0 0.730142566191446 0.5822010869565217 0.010692464358452138 0.01154891304347826
0 0.7217413441955194 0.5641983695652174 0.012729124236252547 0.01358695652173913
0 0.7278513238289206 0.5703125 0.014256619144602852 0.014266304347826086
0 0.7398167006109979 0.5696331521739131 0.011710794297352342 0.012907608695652174
0 0.7380346232179226 0.578125 0.014256619144602852 0.014266304347826086
0 0.7309063136456212 0.5706521739130435 0.050407331975560084 0.052309782608695655
0 0.7642566191446029 0.5397418478260869 0.011710794297352342 0.012228260869565218
0 0.7624745417515275 0.5597826086956522 0.009674134419551934 0.010190217391304348
0 0.77520366598778 0.5574048913043478 0.009674134419551934 0.010190217391304348
0 0.7853869653767821 0.5509510869565217 0.014256619144602852 0.014266304347826086
0 0.755091649694501 0.5604619565217391 0.01120162932790224 0.01154891304347826
0 0.7370162932790224 0.5023777173913043 0.01120162932790224 0.01154891304347826
0 0.7380346232179226 0.492866847826087 0.010183299389002037 0.010869565217391304
0 0.7696028513238289 0.5207201086956522 0.011710794297352342 0.012228260869565218
0 0.7785132382892057 0.5098505434782609 0.01374745417515275 0.014266304347826086
0 0.7494908350305499 0.477241847826087 0.012219959266802444 0.012907608695652174
0 0.7418533604887984 0.5309103260869565 0.009674134419551934 0.010190217391304348
0 0.6914460285132383 0.46433423913043476 0.012219959266802444 0.01358695652173913
0 0.7874236252545825 0.4673913043478261 0.01120162932790224 0.01154891304347826
0 0.7998981670061099 0.45584239130434784 0.014765784114052953 0.014945652173913044
0 0.8477596741344195 0.5105298913043478 0.010183299389002037 0.010869565217391304
0 0.8609979633401222 0.5047554347826086 0.018329938900203666 0.01970108695652174
0 0.8716904276985743 0.5146059782608695 0.017311608961303463 0.018342391304347828
0 0.8671079429735234 0.49116847826086957 0.010692464358452138 0.01154891304347826
0 0.8579429735234216 0.4898097826086957 0.012729124236252547 0.01358695652173913
0 0.880346232179226 0.43546195652173914 0.023930753564154784 0.025135869565217392
0 0.9055498981670062 0.4476902173913043 0.02240325865580448 0.02309782608695652
0 0.8380855397148677 0.5047554347826086 0.01883910386965377 0.01970108695652174
0 0.9223523421588594 0.4898097826086957 0.012219959266802444 0.012907608695652174
0 0.9236252545824847 0.477241847826087 0.01883910386965377 0.01970108695652174
0 0.8385947046843177 0.44191576086956524 0.018329938900203666 0.01970108695652174
0 0.8538696537678208 0.41779891304347827 0.020875763747454174 0.022418478260869564
0 0.8037169042769857 0.40658967391304346 0.024439918533604887 0.025135869565217392
0 0.8164460285132383 0.40523097826086957 0.015274949083503055 0.015625
0 0.7711303462321792 0.4273097826086957 0.011710794297352342 0.012228260869565218
0 0.7986252545824847 0.327445652173913 0.025967413441955193 0.02717391304347826
0 0.784877800407332 0.31148097826086957 0.02240325865580448 0.02309782608695652
0 0.719959266802444 0.3580163043478261 0.02494908350305499 0.025815217391304348
0 0.6866089613034623 0.30502717391304346 0.023930753564154784 0.025135869565217392
0 0.6784623217922607 0.32846467391304346 0.025458248472505093 0.026494565217391304
0 0.7179226069246436 0.24592391304347827 0.025458248472505093 0.026494565217391304
0 0.7194501018329938 0.22554347826086957 0.02240325865580448 0.02309782608695652
0 0.6341649694501018 0.21365489130434784 0.020366598778004074 0.021059782608695652
0 0.6889002036659878 0.19259510869565216 0.020366598778004074 0.021739130434782608
0 0.6280549898167006 0.16847826086956522 0.021384928716904276 0.022418478260869564
0 0.6412932790224033 0.14402173913043478 0.01985743380855397 0.020380434782608696
0 0.6290733197556008 0.15217391304347827 0.018329938900203666 0.019021739130434784
0 0.4585030549898167 0.17255434782608695 0.020875763747454174 0.021739130434782608
0 0.5277494908350305 0.26528532608695654 0.011710794297352342 0.012228260869565218
0 0.5567718940936863 0.2564538043478261 0.015274949083503055 0.015625
0 0.6046334012219959 0.39436141304347827 0.012219959266802444 0.012907608695652174
0 0.6374745417515275 0.39741847826086957 0.01120162932790224 0.01154891304347826
0 0.6657331975560081 0.4273097826086957 0.012219959266802444 0.01358695652173913
0 0.7077393075356415 0.42595108695652173 0.009674134419551934 0.010869565217391304
0 0.7370162932790224 0.42391304347826086 0.010183299389002037 0.010869565217391304
0 0.7502545824847251 0.45686141304347827 0.012219959266802444 0.012907608695652174
0 0.8281568228105907 0.5295516304347826 0.009164969450101833 0.008831521739130434
0 0.7914969450101833 0.5920516304347826 0.009164969450101833 0.008831521739130434
0 0.7115580448065173 0.5628396739130435 0.012219959266802444 0.012907608695652174
0 0.619653767820774 0.5363451086956522 0.016293279022403257 0.017663043478260868
0 0.6043788187372708 0.5360054347826086 0.01374745417515275 0.014266304347826086
0 0.6280549898167006 0.5129076086956522 0.012219959266802444 0.012907608695652174
0 0.6486761710794298 0.5105298913043478 0.010692464358452138 0.01154891304347826
0 0.5873217922606925 0.47078804347826086 0.010692464358452138 0.01154891304347826
0 0.5809572301425662 0.4891304347826087 0.01120162932790224 0.01154891304347826
0 0.5231670061099797 0.44327445652173914 0.012729124236252547 0.01358695652173913
0 0.5794297352342159 0.41915760869565216 0.012729124236252547 0.01358695652173913
0 0.49974541751527496 0.3328804347826087 0.018329938900203666 0.019021739130434784
0 0.41216904276985744 0.20210597826086957 0.026476578411405296 0.027853260869565216
0 0.3645621181262729 0.24150815217391305 0.023930753564154784 0.025135869565217392
0 0.49134419551934827 0.5146059782608695 0.012219959266802444 0.012907608695652174
0 0.4814154786150713 0.5353260869565217 0.01680244399185336 0.017663043478260868
0 0.5272403258655805 0.529891304347826 0.011710794297352342 0.012228260869565218
0 0.5486252545824847 0.6317934782608695 0.013238289205702648 0.01358695652173913
0 0.5526985743380856 0.6773097826086957 0.01120162932790224 0.01154891304347826
0 0.5414969450101833 0.6773097826086957 0.015274949083503055 0.014945652173913044
0 0.5661914460285132 0.6762907608695652 0.017311608961303463 0.018342391304347828
0 0.5733197556008147 0.7163722826086957 0.012729124236252547 0.01358695652173913
0 0.6356924643584522 0.7143342391304348 0.022912423625254582 0.02377717391304348
0 0.6181262729124236 0.7333559782608695 0.023421588594704685 0.024456521739130436
0 0.6667515274949084 0.6769701086956522 0.012219959266802444 0.012907608695652174
0 0.6341649694501018 0.7153532608695652 0.010692464358452138 0.01154891304347826
0 0.6173625254582484 0.7306385869565217 0.009674134419551934 0.010190217391304348
0 0.45621181262729127 0.7082201086956522 0.014256619144602852 0.014266304347826086
0 0.46919551934826886 0.6586277173913043 0.012729124236252547 0.01358695652173913
0 0.5020366598778004 0.6480978260869565 0.01120162932790224 0.01154891304347826
0 0.39282077393075354 0.6165081521739131 0.010692464358452138 0.01154891304347826
0 0.4096232179226069 0.6243206521739131 0.010692464358452138 0.01154891304347826
0 0.3360488798370672 0.5197010869565217 0.014765784114052953 0.014945652173913044
0 0.2059572301425662 0.40896739130434784 0.022912423625254582 0.02377717391304348
0 0.22174134419551936 0.3960597826086957 0.023930753564154784 0.025135869565217392
0 0.17362525458248473 0.42697010869565216 0.023421588594704685 0.024456521739130436
0 0.21970468431771895 0.532608695652174 0.015274949083503055 0.015625
0 0.22734215885947046 0.5417798913043478 0.025967413441955193 0.026494565217391304
0 0.384928716904277 0.7258831521739131 0.015784114052953158 0.016304347826086956
0 0.5089103869653768 0.8325407608695652 0.017820773930753563 0.018342391304347828
0 0.48574338085539714 0.8488451086956522 0.012729124236252547 0.01358695652173913
0 0.4791242362525458 0.8576766304347826 0.017311608961303463 0.018342391304347828
0 0.38085539714867617 0.8739809782608695 0.010692464358452138 0.01154891304347826
0 0.39282077393075354 0.8474864130434783 0.011710794297352342 0.012228260869565218
0 0.33324847250509165 0.813858695652174 0.012219959266802444 0.012228260869565218
0 0.34012219959266804 0.8196331521739131 0.013238289205702648 0.01358695652173913
0 0.3268839103869654 0.7948369565217391 0.010183299389002037 0.010869565217391304
0 0.28487780040733196 0.7700407608695652 0.025967413441955193 0.02717391304347826
0 0.26018329938900203 0.7360733695652174 0.023930753564154784 0.025135869565217392
0 0.2591649694501018 0.7673233695652174 0.024439918533604887 0.025135869565217392
0 0.2909877800407332 0.7319972826086957 0.023421588594704685 0.024456521739130436
0 0.28080448065173114 0.7398097826086957 0.024439918533604887 0.025135869565217392
0 0.24185336048879838 0.7126358695652174 0.018329938900203666 0.019021739130434784
0 0.22708757637474541 0.7109375 0.0280040733197556 0.029211956521739132
0 0.210030549898167 0.6885190217391305 0.017311608961303463 0.017663043478260868
0 0.2158859470468432 0.693953804347826 0.016293279022403257 0.016983695652173912
0 0.2385437881873727 0.6830842391304348 0.025967413441955193 0.026494565217391304
0 0.21664969450101834 0.6885190217391305 0.031568228105906315 0.03260869565217391
0 0.1985743380855397 0.5828804347826086 0.022912423625254582 0.02377717391304348
0 0.1774439918533605 0.576766304347826 0.02240325865580448 0.02309782608695652
0 0.5570264765784114 0.33220108695652173 0.014765784114052953 0.014945652173913044
0 0.5374236252545825 0.3189538043478261 0.012729124236252547 0.01358695652173913
0 0.46664969450101834 0.297554347826087 0.014256619144602852 0.014266304347826086
0 0.564918533604888 0.3997961956521739 0.01680244399185336 0.017663043478260868
0 0.630346232179226 0.4748641304347826 0.015274949083503055 0.015625
0 0.6568228105906314 0.46365489130434784 0.01374745417515275 0.014266304347826086
0 0.4371181262729124 0.18172554347826086 0.024439918533604887 0.025135869565217392
0 0.5155295315682281 0.18614130434782608 0.026476578411405296 0.02717391304347826
0 0.6654786150712831 0.18919836956521738 0.029022403258655804 0.030570652173913044
0 0.6364562118126272 0.1953125 0.0269857433808554 0.028532608695652172
0 0.6471486761710794 0.25815217391304346 0.03004073319755601 0.03192934782608696
0 0.7683299389002036 0.29891304347826086 0.02494908350305499 0.025815217391304348
0 0.8411405295315683 0.4116847826086957 0.020875763747454174 0.021739130434782608