0 0.22129946262823644 0.6653645833333334 0.049829018075232046 0.060546875
0 0.26477772349780165 0.62109375 0.04103566194430874 0.06315104166666667
0 0.2623351245725452 0.6692708333333334 0.03761602344894968 0.05078125
0 0.24084025403028822 0.720703125 0.045432340009770394 0.051432291666666664
0 0.18368343917928676 0.7213541666666666 0.045432340009770394 0.060546875
0 0.1538837322911578 0.75390625 0.0356619443087445 0.03515625
0 0.33170493404982904 0.8294270833333334 0.04592085979482169 0.07161458333333333
0 0.2804103566194431 0.8639322916666666 0.043478260869565216 0.0546875
0 0.2950659501709819 0.7721354166666666 0.03957010258915486 0.044270833333333336
0 0.26819736199316074 0.8131510416666666 0.06985832926233512 0.057942708333333336
0 0.25061064973131414 0.8046875 0.0449438202247191 0.07291666666666667
0 0.21250610649731314 0.787109375 0.04298974108451392 0.055989583333333336
0 0.21055202735710796 0.8385416666666666 0.04152418172936004 0.06770833333333333
0 0.17733268197361993 0.5481770833333334 0.043478260869565216 0.047526041666666664
0 0.13678553981436248 0.48046875 0.046409379579872984 0.06510416666666667
0 0.18319491939423546 0.49609375 0.048851978505129456 0.06510416666666667
0 0.3238886174890083 0.5279947916666666 0.04152418172936004 0.068359375
0 0.32828529555446995 0.5774739583333334 0.043478260869565216 0.052734375
0 0.3356130923302394 0.638671875 0.0356619443087445 0.060546875
0 0.30874450415241816 0.6438802083333334 0.03175378602833415 0.0546875
0 0.26673180263800683 0.3587239583333333 0.05764533463605276 0.064453125
0 0.2066438690766976 0.3990885416666667 0.05471421592574499 0.06575520833333333
0 0.1431362970200293 0.3828125 0.0449438202247191 0.068359375
0 0.24425989252564728 0.4453125 0.05813385442110405 0.07682291666666667
0 0.38348803126526626 0.4889322916666667 0.05227161700048852 0.07552083333333333
0 0.49731314118221787 0.3092447916666667 0.040058622374206154 0.052734375
0 0.36443575964826574 0.19075520833333334 0.045432340009770394 0.072265625
0 0.32877381533952127 0.220703125 0.04103566194430874 0.06640625
0 0.42598925256472886 0.06510416666666667 0.048851978505129456 0.06966145833333333
0 0.4860771861260381 0.11263020833333333 0.04054714215925745 0.046223958333333336
0 0.3341475329750855 0.022786458333333332 0.03957010258915486 0.04296875
0 0.39423546653639474 0.017578125 0.03712750366389839 0.029296875
0 0.3888617489008305 0.035807291666666664 0.043478260869565216 0.0625
0 0.4255007327796776 0.6204427083333334 0.04201270151441133 0.059244791666666664
0 0.45334636052760136 0.716796875 0.038104543234000976 0.046223958333333336
0 0.43771372740595993 0.8639322916666666 0.03224230581338544 0.052734375
0 0.3971665852467025 0.7643229166666666 0.06106497313141182 0.08854166666666667
0 0.39228138739618956 0.7936197916666666 0.0449438202247191 0.060546875
0 0.6238397655105031 0.7682291666666666 0.04396678065461651 0.06315104166666667
0 0.7220322423058134 0.7076822916666666 0.04201270151441133 0.052734375
0 0.7674645823155838 0.73828125 0.05227161700048852 0.06510416666666667
0 0.706399609184172 0.8860677083333334 0.04054714215925745 0.053385416666666664
0 0.5388373229115779 0.5891927083333334 0.043478260869565216 0.06575520833333333
0 0.7391304347826086 0.4641927083333333 0.05764533463605276 0.06575520833333333
0 0.6770884220810943 0.4765625 0.050806057645334635 0.068359375
0 0.6775769418661456 0.16145833333333334 0.04689789936492428 0.059895833333333336
0 0.6414264777723497 0.17252604166666666 0.033707865168539325 0.064453125
0 0.7249633610161211 0.041666666666666664 0.056179775280898875 0.07291666666666667
0 0.6648754274548119 0.07421875 0.03957010258915486 0.06510416666666667
0 0.9066927210552027 0.6705729166666666 0.04934049829018075 0.06901041666666667
0 0.8895945285784074 0.5130208333333334 0.043478260869565216 0.052734375
0 0.89057156814851 0.37109375 0.048851978505129456 0.0625