0 0.5086436170212766 0.11835106382978723 0.02726063829787234 0.031914893617021274
0 0.9966755319148937 0.7938829787234043 0.006648936170212766 0.020390070921985817
0 0.7636303191489362 0.6644503546099291 0.011968085106382979 0.015957446808510637
0 0.7662898936170213 0.6817375886524822 0.02327127659574468 0.01773049645390071
0 0.6349734042553191 0.5452127659574468 0.012632978723404254 0.015070921985815602
0 0.45113031914893614 0.4862588652482269 0.015957446808510637 0.02127659574468085
0 0.3982712765957447 0.4977836879432624 0.016622340425531915 0.023936170212765957
0 0.33311170212765956 0.39849290780141844 0.015957446808510637 0.024822695035460994
0 0.12632978723404256 0.412677304964539 0.023936170212765957 0.0274822695035461
0 0.16622340425531915 0.40824468085106386 0.023936170212765957 0.02925531914893617
0 0.12632978723404256 0.6156914893617021 0.024601063829787235 0.030141843971631204
0 0.1778590425531915 0.6702127659574468 0.015957446808510637 0.016843971631205674
0 0.140625 0.74822695035461 0.02127659574468085 0.024822695035460994
0 0.18351063829787234 0.8120567375886525 0.026595744680851064 0.028368794326241134
0 0.22074468085106383 0.8395390070921985 0.02327127659574468 0.034574468085106384
0 0.18617021276595744 0.8683510638297872 0.02127659574468085 0.02127659574468085
0 0.18184840425531915 0.8475177304964538 0.026595744680851064 0.023936170212765957
0 0.20179521276595744 0.8980496453900709 0.025930851063829786 0.031914893617021274
0 0.10538563829787234 0.8235815602836879 0.015292553191489361 0.018617021276595744
0 0.0920877659574468 0.7814716312056738 0.02526595744680851 0.028368794326241134
0 0.5728058510638298 0.1347517730496454 0.025930851063829786 0.03723404255319149
0 0.551529255319149 0.08156028368794327 0.02327127659574468 0.0274822695035461
0 0.5342420212765957 0.12854609929078015 0.026595744680851064 0.02925531914893617
0 0.5049867021276596 0.15115248226950354 0.015957446808510637 0.02127659574468085
0 0.598404255319149 0.22384751773049646 0.01795212765957447 0.01773049645390071
0 0.6871675531914894 0.0549645390070922 0.018617021276595744 0.023936170212765957
0 0.6964760638297872 0.09618794326241134 0.01928191489361702 0.024822695035460994
0 0.7393617021276596 0.36657801418439717 0.006648936170212766 0.00975177304964539
0 0.6884973404255319 0.838209219858156 0.007313829787234043 0.01152482269503546
0 0.6356382978723404 0.8572695035460993 0.013962765957446808 0.014184397163120567
0 0.6186835106382979 0.8102836879432624 0.015292553191489361 0.015070921985815602
0 0.6243351063829787 0.7770390070921985 0.010638297872340425 0.015070921985815602
0 0.8517287234042553 0.7238475177304965 0.025930851063829786 0.026595744680851064
0 0.8789893617021277 0.6640070921985816 0.0199468085106383 0.023936170212765957
0 0.8889627659574468 0.436613475177305 0.02327127659574468 0.028368794326241134
0 0.8743351063829787 0.012411347517730497 0.02127659574468085 0.023936170212765957
0 0.48836436170212766 0.7712765957446809 0.02992021276595745 0.02925531914893617
0 0.4886968085106383 0.7287234042553191 0.026595744680851064 0.03102836879432624
0 0.5482047872340425 0.7610815602836879 0.00997340425531915 0.010638297872340425
0 0.5189494680851063 0.6923758865248227 0.020611702127659573 0.02127659574468085
0 0.33011968085106386 0.6480496453900709 0.023936170212765957 0.030141843971631204
0 0.38563829787234044 0.7296099290780141 0.028590425531914893 0.03546099290780142
0 0.06216755319148936 0.8289007092198581 0.014627659574468085 0.010638297872340425
0 0.11735372340425532 0.8054078014184397 0.007313829787234043 0.00975177304964539
0 0.12566489361702127 0.7180851063829787 0.024601063829787235 0.026595744680851064
0 0.1023936170212766 0.48315602836879434 0.025930851063829786 0.0274822695035461
0 0.06050531914893617 0.4645390070921986 0.025930851063829786 0.030141843971631204
0 0.046210106382978726 0.5283687943262412 0.023936170212765957 0.025709219858156027
0 0.16156914893617022 0.3346631205673759 0.02127659574468085 0.024822695035460994
0 0.04488031914893617 0.3475177304964539 0.025930851063829786 0.034574468085106384
0 0.047539893617021274 0.3692375886524823 0.02127659574468085 0.026595744680851064
0 0.14261968085106383 0.24335106382978725 0.02327127659574468 0.030141843971631204
0 0.09042553191489362 0.2078900709219858 0.02526595744680851 0.031914893617021274
0 0.10172872340425532 0.12810283687943264 0.02327127659574468 0.02925531914893617
0 0.14128989361702127 0.08909574468085106 0.011303191489361703 0.014184397163120567
0 0.14162234042553193 0.05452127659574468 0.00997340425531915 0.010638297872340425
0 0.6944813829787234 0.6631205673758865 0.013962765957446808 0.018617021276595744
0 0.726063829787234 0.6706560283687943 0.01928191489361702 0.024822695035460994
0 0.7762632978723404 0.586436170212766 0.017287234042553192 0.024822695035460994
0 0.6991356382978723 0.7584219858156028 0.018617021276595744 0.023936170212765957
0 0.895279255319149 0.7327127659574468 0.01928191489361702 0.024822695035460994
0 0.9348404255319149 0.6449468085106383 0.024601063829787235 0.034574468085106384
0 0.8866356382978723 0.8563829787234043 0.031914893617021274 0.03546099290780142
0 0.3690159574468085 0.5780141843971631 0.031914893617021274 0.03723404255319149
0 0.49933510638297873 0.5789007092198581 0.030585106382978722 0.03723404255319149
0 0.171875 0.7513297872340425 0.03324468085106383 0.03900709219858156
0 0.13031914893617022 0.8940602836879432 0.036569148936170214 0.03723404255319149
0 0.0555186170212766 0.6458333333333334 0.03523936170212766 0.04875886524822695
0 0.06515957446808511 0.6099290780141844 0.03590425531914894 0.04343971631205674
0 0.18683510638297873 0.3745567375886525 0.03590425531914894 0.040780141843971635
0 0.2765957446808511 0.1502659574468085 0.0425531914893617 0.04875886524822695
0 0.3314494680851064 0.16622340425531915 0.028590425531914893 0.03368794326241135
0 0.604720744680851 0.3825354609929078 0.015957446808510637 0.020390070921985817
0 0.5824468085106383 0.3727836879432624 0.01795212765957447 0.022163120567375887
0 0.6309840425531915 0.4228723404255319 0.015292553191489361 0.01950354609929078
0 0.49069148936170215 0.3204787234042553 0.018617021276595744 0.01950354609929078
0 0.510970744680851 0.28324468085106386 0.01795212765957447 0.02127659574468085
0 0.8374335106382979 0.3280141843971631 0.013297872340425532 0.015957446808510637
0 0.7948803191489362 0.38342198581560283 0.01795212765957447 0.02304964539007092
0 0.8008643617021277 0.40425531914893614 0.015957446808510637 0.024822695035460994
0 0.7456781914893617 0.5336879432624113 0.018617021276595744 0.022163120567375887
0 0.5874335106382979 0.5589539007092199 0.017287234042553192 0.024822695035460994