0 0.2381516587677725 0.3321484992101106 0.01481042654028436 0.02132701421800948
0 0.2245260663507109 0.367693522906793 0.012440758293838863 0.019747235387045814
0 0.32109004739336494 0.39257503949447076 0.018364928909952605 0.022116903633491312
0 0.24259478672985782 0.21406003159557663 0.018364928909952605 0.02843601895734597
0 0.3752962085308057 0.23380726698262244 0.020734597156398103 0.02448657187993681
0 0.384478672985782 0.1402053712480253 0.018364928909952605 0.022906793048973143
0 0.39543838862559244 0.24644549763033174 0.01066350710900474 0.015007898894154818
0 0.3634478672985782 0.25 0.017772511848341232 0.019747235387045814
0 0.24170616113744076 0.15086887835703003 0.026066350710900472 0.03238546603475513
0 0.3240521327014218 0.15086887835703003 0.019549763033175356 0.022906793048973143
0 0.22393364928909953 0.27764612954186413 0.027251184834123223 0.03238546603475513
0 0.20527251184834122 0.2353870458135861 0.018364928909952605 0.02448657187993681
0 0.14603080568720378 0.21484992101105846 0.03613744075829384 0.035545023696682464
0 0.1528436018957346 0.3977093206951027 0.0231042654028436 0.02843601895734597
0 0.1501777251184834 0.4411532385466035 0.0231042654028436 0.0315955766192733
0 0.4395734597156398 0.46445497630331756 0.024881516587677725 0.02843601895734597
0 0.3175355450236967 0.5154028436018957 0.022511848341232227 0.02527646129541864
0 0.23459715639810427 0.4901263823064771 0.018364928909952605 0.023696682464454975
0 0.26273696682464454 0.453001579778831 0.027843601895734597 0.035545023696682464
0 0.2014218009478673 0.49960505529225907 0.027251184834123223 0.026856240126382307
0 0.17150473933649288 0.5624012638230648 0.019549763033175356 0.026856240126382307
0 0.16617298578199052 0.608609794628752 0.02665876777251185 0.035545023696682464
0 0.12114928909952606 0.6105845181674565 0.022511848341232227 0.030015797788309637
0 0.15669431279620852 0.6477093206951027 0.02428909952606635 0.02843601895734597
0 0.37885071090047395 0.31911532385466035 0.022511848341232227 0.03475513428120063
0 0.4392772511848341 0.25434439178515006 0.02843601895734597 0.035545023696682464
0 0.43631516587677727 0.2804107424960506 0.020734597156398103 0.02448657187993681
0 0.4487559241706161 0.1646919431279621 0.022511848341232227 0.0339652448657188
0 0.4146919431279621 0.15086887835703003 0.0231042654028436 0.02843601895734597
0 0.14099526066350712 0.1481042654028436 0.02428909952606635 0.02764612954186414
0 0.1110781990521327 0.1990521327014218 0.024881516587677725 0.03238546603475513
0 0.09300947867298578 0.21406003159557663 0.017772511848341232 0.02448657187993681
0 0.2265995260663507 0.867693522906793 0.013625592417061612 0.018957345971563982
0 0.19786729857819904 0.8740126382306477 0.013033175355450236 0.016587677725118485
0 0.28613744075829384 0.8214849921011058 0.013033175355450236 0.016587677725118485
0 0.1783175355450237 0.9162717219589257 0.0231042654028436 0.029225908372827805
0 0.3584123222748815 0.9146919431279621 0.02014218009478673 0.02764612954186414
0 0.22630331753554503 0.9901263823064771 0.016587677725118485 0.019747235387045814
0 0.3563388625592417 0.47669826224328593 0.020734597156398103 0.030015797788309637
0 0.3427132701421801 0.4324644549763033 0.018364928909952605 0.02448657187993681
0 0.44786729857819907 0.3613744075829384 0.023696682464454975 0.02843601895734597
0 0.3610781990521327 0.2871248025276461 0.02665876777251185 0.035545023696682464
0 0.7932464454976303 0.1646919431279621 0.020734597156398103 0.02764612954186414
0 0.7369668246445498 0.1627172195892575 0.02428909952606635 0.03238546603475513
0 0.8341232227488151 0.089652448657188 0.019549763033175356 0.02448657187993681
0 0.6531398104265402 0.10821484992101106 0.015995260663507108 0.020537124802527645
0 0.639218009478673 0.1773301737756714 0.019549763033175356 0.026856240126382307
0 0.6513625592417062 0.16074249605055294 0.017772511848341232 0.026066350710900472
0 0.5897511848341233 0.21800947867298578 0.019549763033175356 0.02527646129541864
0 0.6220379146919431 0.21248025276461296 0.019549763033175356 0.02448657187993681
0 0.6264810426540285 0.2796208530805687 0.017180094786729858 0.020537124802527645
0 0.5017772511848341 0.11848341232227488 0.02132701421800948 0.029225908372827805
0 0.5177725118483413 0.11018957345971564 0.015402843601895734 0.02132701421800948
0 0.529324644549763 0.13941548183254343 0.019549763033175356 0.029225908372827805
0 0.544431279620853 0.14652448657187994 0.018364928909952605 0.022906793048973143
0 0.4982227488151659 0.1749605055292259 0.017772511848341232 0.02448657187993681
0 0.5195497630331753 0.2334123222748815 0.017180094786729858 0.023696682464454975
0 0.5319905213270142 0.19233807266982622 0.019549763033175356 0.023696682464454975
0 0.5174763033175356 0.2950236966824645 0.02014218009478673 0.026856240126382307
0 0.5740521327014217 0.28791469194312796 0.02014218009478673 0.026856240126382307
0 0.518957345971564 0.4332543443917852 0.017772511848341232 0.026856240126382307
0 0.5556872037914692 0.4822274881516588 0.016587677725118485 0.02527646129541864
0 0.6368483412322274 0.457740916271722 0.017772511848341232 0.02448657187993681
0 0.5079976303317536 0.6919431279620853 0.015995260663507108 0.023696682464454975
0 0.5284360189573459 0.7231437598736177 0.016587677725118485 0.023696682464454975
0 0.6623222748815166 0.5959715639810427 0.019549763033175356 0.02527646129541864
0 0.6359597156398105 0.590047393364929 0.016587677725118485 0.023696682464454975
0 0.7565165876777251 0.6018957345971564 0.019549763033175356 0.026856240126382307