0 0.4934292866082603 0.27629382303839733 0.01376720901126408 0.015025041736227046
0 0.48466833541927407 0.27003338898163604 0.013141426783479349 0.014190317195325543
0 0.43147684605757197 0.3126043405676127 0.025657071339173967 0.028380634390651086
0 0.422090112640801 0.3877295492487479 0.025657071339173967 0.027545909849749584
0 0.630162703379224 0.24499165275459098 0.01877346683354193 0.019198664440734557
0 0.5741551939924906 0.32929883138564275 0.02690863579474343 0.02921535893155259
0 0.5738423028785983 0.20951585976627712 0.015018773466833541 0.015859766277128547
0 0.5597622027534418 0.2157762938230384 0.016896120150187734 0.017529215358931552
0 0.5341051314142679 0.2174457429048414 0.01939924906132666 0.020868113522537562
0 0.5901126408010012 0.17946577629382304 0.02065081351689612 0.022537562604340568
0 0.6345431789737171 0.15943238731218698 0.015644555694618274 0.017529215358931552
0 0.6320400500625782 0.18280467445742904 0.01877346683354193 0.02003338898163606
0 0.6429912390488111 0.20742904841402338 0.015644555694618274 0.01669449081803005
0 0.6367334167709637 0.21160267111853087 0.023153942428035045 0.025041736227045076
0 0.6038798498122653 0.7328881469115192 0.023779724655819776 0.02587646076794658
0 0.5794743429286608 0.6965776293823038 0.02252816020025031 0.02337228714524207
0 0.5585106382978723 0.7061769616026711 0.016896120150187734 0.018363939899833055
0 0.5678973717146433 0.6836393989983306 0.018147684605757195 0.019198664440734557
0 0.36764705882352944 0.9745409015025042 0.016896120150187734 0.008347245409015025
0 0.4308510638297872 0.9653589315525877 0.015018773466833541 0.01669449081803005
0 0.4130162703379224 0.9269616026711185 0.017521902377972465 0.018363939899833055
0 0.12891113892365458 0.6160267111853088 0.015018773466833541 0.015859766277128547
0 0.18053817271589487 0.5121035058430717 0.016270337922403004 0.017529215358931552
0 0.06633291614518148 0.5538397328881469 0.015018773466833541 0.015859766277128547
0 0.04693366708385482 0.6385642737896494 0.015018773466833541 0.01669449081803005
0 0.02471839799749687 0.6206176961602671 0.015018773466833541 0.015859766277128547
0 0.09292866082603254 0.6848914858096828 0.02065081351689612 0.022537562604340568
0 0.15081351689612016 0.741652754590985 0.015018773466833541 0.01669449081803005
0 0.40613266583229035 0.508347245409015 0.014392991239048811 0.015025041736227046
0 0.47309136420525655 0.4870617696160267 0.013141426783479349 0.014190317195325543
0 0.3091364205256571 0.4340567612687813 0.017521902377972465 0.019198664440734557
0 0.350125156445557 0.39858096828046746 0.02002503128911139 0.022537562604340568
0 0.37359198998748433 0.417779632721202 0.02190237797246558 0.02337228714524207
0 0.30287859824780977 0.3902337228714524 0.016270337922403004 0.017529215358931552
0 0.31539424280350437 0.36435726210350583 0.015644555694618274 0.01669449081803005
0 0.36639549436795993 0.3718697829716194 0.01376720901126408 0.015025041736227046
0 0.36295369211514394 0.38731218697829717 0.030037546933667083 0.030884808013355594
0 0.39643304130162704 0.3468280467445743 0.02252816020025031 0.024207011686143573
0 0.3876720901126408 0.4073455759599332 0.015644555694618274 0.01669449081803005
0 0.42334167709637044 0.43196994991652754 0.01376720901126408 0.015025041736227046
0 0.44242803504380473 0.41110183639399 0.02190237797246558 0.02337228714524207
0 0.5450563204005007 0.5141903171953256 0.013141426783479349 0.014190317195325543
0 0.5456821026282853 0.5058430717863105 0.013141426783479349 0.014190317195325543
0 0.5463078848560701 0.5091819699499165 0.028785982478097622 0.030884808013355594
0 0.6486232790988736 0.6393989983305509 0.014392991239048811 0.015025041736227046
0 0.6060700876095119 0.6886477462437396 0.017521902377972465 0.018363939899833055
0 0.718397997496871 0.6218697829716193 0.018147684605757195 0.019198664440734557
0 0.7334167709637046 0.5609348914858097 0.01877346683354193 0.02003338898163606
0 0.648936170212766 0.5070951585976627 0.016270337922403004 0.017529215358931552
0 0.7049436795994993 0.4828881469115192 0.014392991239048811 0.015859766277128547
0 0.6317271589486858 0.4411519198664441 0.015018773466833541 0.015859766277128547
0 0.6342302878598248 0.45534223706176963 0.015644555694618274 0.01669449081803005
0 0.5544430538172715 0.40943238731218695 0.023153942428035045 0.025041736227045076
0 0.5738423028785983 0.3877295492487479 0.015018773466833541 0.01669449081803005
0 0.5356695869837297 0.4136060100166945 0.02190237797246558 0.02337228714524207
0 0.5556946182728411 0.3468280467445743 0.025657071339173967 0.02671118530884808
0 0.5050062578222778 0.2604340567612688 0.013141426783479349 0.015025041736227046
0 0.47778473091364204 0.3363939899833055 0.012515644555694618 0.014190317195325543
0 0.3688986232790989 0.26252086811352254 0.025031289111389236 0.02671118530884808
0 0.3811013767209011 0.25918196994991655 0.023153942428035045 0.024207011686143573
0 0.3839173967459324 0.24791318864774625 0.023779724655819776 0.02587646076794658
0 0.47309136420525655 0.2028380634390651 0.015644555694618274 0.01669449081803005
0 0.4740300375469337 0.2157762938230384 0.016896120150187734 0.018363939899833055
0 0.5262828535669587 0.14691151919866444 0.015644555694618274 0.01669449081803005
0 0.5394242803504381 0.14816360601001669 0.011889862327909888 0.012520868113522538
0 0.548811013767209 0.18864774624373956 0.011264080100125156 0.012520868113522538
0 0.554755944931164 0.1873956594323873 0.011264080100125156 0.011686143572621035
0 0.5644555694618273 0.19407345575959933 0.011264080100125156 0.012520868113522538
0 0.5647684605757196 0.1873956594323873 0.008760951188986232 0.009181969949916527
0 0.509386733416771 0.14941569282136896 0.01376720901126408 0.014190317195325543
0 0.5028160200250313 0.15651085141903173 0.011889862327909888 0.012520868113522538
0 0.49436795994993743 0.15776293823038398 0.014392991239048811 0.015025041736227046
0 0.5944931163954944 0.2942404006677796 0.030663329161451813 0.0333889816360601
0 0.6320400500625782 0.3606010016694491 0.026282853566958697 0.028380634390651086
0 0.6658322903629537 0.3134390651085142 0.013141426783479349 0.014190317195325543
0 0.6661451814768461 0.30425709515859767 0.010638297872340425 0.010851419031719533
0 0.6933667083854819 0.3981636060100167 0.01376720901126408 0.015025041736227046
0 0.6761576971214017 0.4023372287145242 0.014392991239048811 0.015025041736227046
0 0.7478097622027534 0.4674457429048414 0.011889862327909888 0.01335559265442404
0 0.7869211514392991 0.4257095158597663 0.014392991239048811 0.015859766277128547
0 0.8006883604505632 0.5671953255425709 0.016270337922403004 0.017529215358931552
0 0.9974968710888611 0.5254590984974958 0.0050062578222778474 0.012520868113522538
0 0.9987484355444305 0.5171118530884808 0.0025031289111389237 0.014190317195325543
0 0.9239674593241552 0.5175292153589316 0.016270337922403004 0.017529215358931552
0 0.9355444305381727 0.4887312186978297 0.014392991239048811 0.015025041736227046
0 0.8000625782227785 0.38898163606010017 0.016270337922403004 0.017529215358931552
0 0.811639549436796 0.3731218697829716 0.011889862327909888 0.01335559265442404
0 0.8113266583229036 0.33681135225375625 0.013141426783479349 0.015025041736227046
0 0.8338548185231539 0.3868948247078464 0.01877346683354193 0.02003338898163606
0 0.7906758448060075 0.3063439065108514 0.016270337922403004 0.017529215358931552
0 0.7365456821026283 0.29799666110183637 0.013141426783479349 0.014190317195325543
0 0.727784730913642 0.3297161936560935 0.014392991239048811 0.015025041736227046
0 0.6911764705882353 0.19741235392320533 0.01939924906132666 0.020868113522537562
0 0.6770963704630788 0.1898998330550918 0.012515644555694618 0.01335559265442404
0 0.6655193992490613 0.17195325542570952 0.010638297872340425 0.010851419031719533
0 0.6576971214017522 0.18196994991652754 0.011889862327909888 0.01335559265442404
0 0.6589486858573217 0.17612687813021702 0.012515644555694618 0.01335559265442404
0 0.6207759699624531 0.12562604340567612 0.041927409261576974 0.045075125208681135
0 0.6013767209011264 0.10684474123539232 0.03879849812265332 0.041736227045075125
0 0.5876095118898623 0.10517529215358931 0.03504380475594493 0.037562604340567615
0 0.5826032540675845 0.1498330550918197 0.015018773466833541 0.01669449081803005
0 0.5775969962453066 0.1343906510851419 0.016896120150187734 0.017529215358931552
0 0.5528785982478097 0.1285475792988314 0.010638297872340425 0.010851419031719533
0 0.6120150187734669 0.1669449081803005 0.014392991239048811 0.015025041736227046
0 0.6038798498122653 0.1523372287145242 0.015644555694618274 0.01669449081803005
0 0.6120150187734669 0.15275459098497496 0.01376720901126408 0.015025041736227046
0 0.6126408010012515 0.14273789649415694 0.014392991239048811 0.015025041736227046
0 0.467459324155194 0.7608514190317195 0.02127659574468085 0.021702838063439065
0 0.4818523153942428 0.7712854757929883 0.01877346683354193 0.019198664440734557
0 0.34730913642052563 0.2988313856427379 0.02753441802252816 0.03005008347245409
0 0.3551314142678348 0.3547579298831386 0.02002503128911139 0.021702838063439065
0 0.347622027534418 0.3606010016694491 0.023779724655819776 0.025041736227045076
0 0.29662077596996245 0.3426544240400668 0.02127659574468085 0.022537562604340568
0 0.40832290362953694 0.38188647746243737 0.028160200250312892 0.03005008347245409
0 0.39612015018773467 0.3731218697829716 0.029411764705882353 0.03171953255425709
0 0.49217772215269084 0.43363939899833054 0.029411764705882353 0.03171953255425709
0 0.6317271589486858 0.32679465776293826 0.02690863579474343 0.028380634390651086
0 0.6508135168961201 0.335559265442404 0.030663329161451813 0.0325542570951586