0 0.8047533092659447 0.5168539325842697 0.01444043321299639 0.01765650080256822
0 0.8992178098676293 0.5132423756019262 0.012033694344163659 0.012841091492776886
0 0.1838146811070999 0.2540128410914928 0.030084235860409144 0.03451043338683788
0 0.11853188929001203 0.2532102728731942 0.026474127557160047 0.03531300160513644
0 0.13267148014440433 0.23234349919743177 0.022262334536702767 0.028892455858747994
0 0.14500601684717207 0.9851524879614767 0.03489771359807461 0.02969502407704655
0 0.9593862815884476 0.8643659711075441 0.021660649819494584 0.025682182985553772
0 0.5782190132370638 0.9827447833065811 0.016245487364620937 0.016853932584269662
0 0.5679903730445247 0.9707062600321027 0.012033694344163659 0.016051364365971106
0 0.5824308062575211 0.9691011235955056 0.010830324909747292 0.016853932584269662
0 0.4443441636582431 0.9951845906902087 0.015042117930204572 0.009630818619582664
0 0.440734055354994 0.9915730337078652 0.05114320096269555 0.016853932584269662
0 0.3583032490974729 0.9482343499197432 0.013237063778580024 0.016853932584269662
0 0.34687123947051746 0.9386035313001605 0.010830324909747292 0.015248796147672551
0 0.31799037304452465 0.9365971107544141 0.013838748495788207 0.019261637239165328
0 0.3871841155234657 0.9903691813804173 0.009626955475330927 0.016853932584269662
0 0.3583032490974729 0.8362760834670947 0.015643802647412757 0.01765650080256822
0 0.2695547533092659 0.9811396468699839 0.01263537906137184 0.01765650080256822
0 0.24428399518652227 0.9839486356340289 0.01865222623345367 0.018459069020866775
0 0.1838146811070999 0.9309791332263242 0.026474127557160047 0.03531300160513644
0 0.16997593261131166 0.9482343499197432 0.016245487364620937 0.021669341894060994
0 0.23916967509025272 0.9085072231139647 0.013237063778580024 0.01765650080256822
0 0.09777376654632973 0.8278491171749599 0.031287605294825514 0.03531300160513644
0 0.09265944645006016 0.7885232744783307 0.0246690734055355 0.03210272873194221
0 0.20848375451263537 0.7491974317817014 0.02888086642599278 0.036115569823434994
0 0.17870036101083034 0.6360353130016051 0.026474127557160047 0.03451043338683788
0 0.2148014440433213 0.6528892455858748 0.02888086642599278 0.03531300160513644
0 0.0809265944645006 0.6119582664526485 0.030084235860409144 0.036115569823434994
0 0.05565583634175692 0.5890850722311396 0.025872442839951864 0.03210272873194221
0 0.12364620938628158 0.449438202247191 0.02286401925391095 0.028892455858747994
0 0.04753309265944645 0.5056179775280899 0.023465703971119134 0.030497592295345103
0 0.0776173285198556 0.38603531300160515 0.02286401925391095 0.03290529695024077
0 0.03640192539109507 0.37680577849117175 0.022262334536702767 0.02969502407704655
0 0.05806257521058965 0.36918138041733545 0.019253910950661854 0.027287319422150885
0 0.24488567990373045 0.14285714285714285 0.023465703971119134 0.03210272873194221
0 0.2854993983152828 0.35513643659711075 0.013237063778580024 0.018459069020866775
0 0.24729241877256317 0.3884430176565008 0.016245487364620937 0.023274478330658106
0 0.36070998796630566 0.6235955056179775 0.013237063778580024 0.018459069020866775
0 0.33212996389891697 0.6761637239165329 0.01263537906137184 0.016853932584269662
0 0.33995186522262333 0.7532102728731942 0.01444043321299639 0.018459069020866775
0 0.29783393501805056 0.8142054574638844 0.010830324909747292 0.014446227929373997
0 0.2677496991576414 0.8539325842696629 0.010830324909747292 0.014446227929373997
0 0.2933212996389892 0.913322632423756 0.01444043321299639 0.01765650080256822
0 0.4527677496991576 0.9835473515248796 0.013838748495788207 0.018459069020866775
0 0.5096269554753309 0.8166131621187801 0.019253910950661854 0.023274478330658106
0 0.5246690734055355 0.7945425361155698 0.015643802647412757 0.019261637239165328
0 0.4753309265944645 0.8009630818619583 0.015042117930204572 0.016051364365971106
0 0.45246690734055356 0.8278491171749599 0.01263537906137184 0.015248796147672551
0 0.46540312876052947 0.6902086677367576 0.011432009626955475 0.016051364365971106
0 0.4924789410348977 0.702247191011236 0.013237063778580024 0.015248796147672551
0 0.4954873646209386 0.5634028892455859 0.01444043321299639 0.019261637239165328
0 0.41335740072202165 0.6167736757624398 0.01444043321299639 0.019261637239165328
0 0.39019253910950663 0.39486356340288925 0.02045728038507822 0.027287319422150885
0 0.3231046931407942 0.10914927768860354 0.03309265944645006 0.033707865168539325
0 0.41456077015643805 0.08747993579454254 0.027677496991576414 0.033707865168539325
0 0.6083032490974729 0.6023274478330658 0.013237063778580024 0.018459069020866775
0 0.641395908543923 0.6123595505617978 0.02045728038507822 0.023274478330658106
0 0.5911552346570397 0.6725521669341894 0.01263537906137184 0.01765650080256822
0 0.6886281588447654 0.8274478330658106 0.015643802647412757 0.01765650080256822
0 0.73676293622142 0.8880417335473515 0.011432009626955475 0.01765650080256822
0 0.7469915764139591 0.8719903691813804 0.01684717208182912 0.021669341894060994
0 0.7226233453670277 0.9065008025682183 0.0210589651022864 0.024077046548956663
0 0.864921780986763 0.7829052969502408 0.015643802647412757 0.020064205457463884
0 0.7957280385078219 0.7431781701444623 0.015643802647412757 0.01765650080256822
0 0.7512033694344163 0.7784911717495987 0.01263537906137184 0.016051364365971106
0 0.8200962695547533 0.5802568218298555 0.012033694344163659 0.016051364365971106
0 0.812575210589651 0.6143659711075441 0.012033694344163659 0.016051364365971106
0 0.7623345367027677 0.38041733547351525 0.015643802647412757 0.02086677367576244
0 0.7590252707581228 0.05537720706260032 0.024067388688327317 0.03451043338683788
0 0.7295427196149218 0.0630016051364366 0.027677496991576414 0.033707865168539325
0 0.8116726835138387 0.030497592295345103 0.02707581227436823 0.033707865168539325
0 0.8889891696750902 0.22512038523274477 0.01684717208182912 0.023274478330658106
0 0.8919975932611311 0.2463884430176565 0.027677496991576414 0.03932584269662921
0 0.9533694344163658 0.6998394863563403 0.018050541516245487 0.023274478330658106
0 0.9663056558363418 0.2540128410914928 0.024067388688327317 0.03210272873194221
0 0.3342358604091456 0.4799357945425361 0.015643802647412757 0.02086677367576244
0 0.3381468110709988 0.43418940609951845 0.015643802647412757 0.01765650080256822
0 0.38116726835138387 0.30497592295345105 0.015643802647412757 0.020064205457463884
0 0.4049338146811071 0.5714285714285714 0.019855595667870037 0.023274478330658106
0 0.4290012033694344 0.7588282504012841 0.01865222623345367 0.020064205457463884
0 0.3910950661853189 0.7837078651685393 0.015643802647412757 0.019261637239165328
0 0.27557160048134777 0.1223916532905297 0.028279181708784597 0.03290529695024077
0 0.20637785800240674 0.242776886035313 0.02888086642599278 0.03932584269662921
0 0.06528279181708785 0.46669341894060995 0.03369434416365824 0.04253611556982344
0 0.10078219013237064 0.4313804173354735 0.031287605294825514 0.03932584269662921
0 0.16275571600481348 0.5224719101123596 0.03429602888086643 0.044141252006420544
0 0.09356197352587245 0.7491974317817014 0.02888086642599278 0.03451043338683788
0 0.15342960288808663 0.9875601926163724 0.021660649819494584 0.024879614767255216