0 0.45637785800240677 0.9871589085072231 0.01263537906137184 0.018459069020866775
0 0.09957882069795428 0.908908507223114 0.025872442839951864 0.03130016051364366
0 0.09687123947051744 0.8848314606741573 0.010830324909747292 0.016853932584269662
0 0.12484957882069796 0.956661316211878 0.019253910950661854 0.021669341894060994
0 0.14681107099879662 0.9654895666131621 0.0210589651022864 0.024077046548956663
0 0.16636582430806257 0.8651685393258427 0.016245487364620937 0.018459069020866775
0 0.17539109506618533 0.9478330658105939 0.01263537906137184 0.018459069020866775
0 0.5351985559566786 0.978330658105939 0.013838748495788207 0.019261637239165328
0 0.5442238267148014 0.9875601926163724 0.01263537906137184 0.016051364365971106
0 0.5595667870036101 0.9879614767255217 0.007821901323706379 0.011235955056179775
0 0.6110108303249098 0.9562600321027287 0.015643802647412757 0.019261637239165328
0 0.42117930204572807 0.901685393258427 0.01684717208182912 0.02247191011235955
0 0.3910950661853189 0.5922953451043339 0.019855595667870037 0.02969502407704655