0 0.9767376681614349 0.4383408071748879 0.02522421524663677 0.030642750373692077
0 0.8901345291479821 0.46038863976083705 0.02858744394618834 0.03811659192825112
0 0.9341367713004485 0.2952167414050822 0.028026905829596414 0.032137518684603884
0 0.9854260089686099 0.3538863976083707 0.02298206278026906 0.029895366218236172
0 0.7480381165919282 0.20029895366218237 0.023542600896860985 0.03139013452914798
0 0.07875560538116592 0.5855754857997011 0.02298206278026906 0.028400597907324365
0 0.03923766816143498 0.5586696562032885 0.023542600896860985 0.02914798206278027
0 0.03139013452914798 0.5855754857997011 0.027466367713004484 0.030642750373692077
0 0.7306614349775785 0.4289985052316891 0.016255605381165918 0.020179372197309416
0 0.945627802690583 0.3329596412556054 0.020739910313901346 0.02914798206278027
0 0.9719730941704036 0.37630792227204785 0.01233183856502242 0.014200298953662182
0 0.9335762331838565 0.3542600896860987 0.024103139013452915 0.029895366218236172
0 0.9632847533632287 0.38863976083707025 0.010089686098654708 0.014947683109118086
0 0.9941143497757847 0.3901345291479821 0.011771300448430493 0.016442451420029897
0 0.9901905829596412 0.2798953662182362 0.01961883408071749 0.030642750373692077
0 0.9873878923766816 0.3523916292974589 0.010650224215246636 0.014947683109118086
0 0.9761771300448431 0.3546337817638266 0.01233183856502242 0.01943198804185351
0 0.7365470852017937 0.13863976083707025 0.024103139013452915 0.02914798206278027
0 0.7292600896860987 0.16890881913303438 0.021300448430493273 0.028400597907324365
0 0.2673766816143498 0.20814648729446936 0.013452914798206279 0.01569506726457399
0 0.19282511210762332 0.13863976083707025 0.011771300448430493 0.014200298953662182
0 0.2040358744394619 0.13303437967115098 0.014013452914798207 0.0171898355754858
0 0.9557174887892377 0.5145739910313901 0.02242152466367713 0.02765321375186846
0 0.851457399103139 0.24402092675635276 0.021300448430493273 0.02914798206278027
0 0.00616591928251121 0.7694319880418535 0.01233183856502242 0.03811659192825112
0 0.4195627802690583 0.48692077727952165 0.03139013452914798 0.04484304932735426
0 0.843890134529148 0.6165919282511211 0.027466367713004484 0.03587443946188341
0 0.7216928251121076 0.49514200298953664 0.034192825112107625 0.04110612855007474
0 0.8382847533632287 0.31427503736920775 0.021860986547085202 0.030642750373692077