0 0.6875 0.291886195995785 0.02598314606741573 0.02423603793466807
0 0.7061095505617978 0.35985247629083245 0.026685393258426966 0.02792413066385669
0 0.547752808988764 0.28609062170706007 0.027387640449438203 0.02160168598524763
0 0.5979634831460674 0.2505268703898841 0.023174157303370788 0.0273972602739726
0 0.6478230337078652 0.23709167544783982 0.020365168539325844 0.026343519494204427
0 0.5512640449438202 0.1232876712328767 0.02247191011235955 0.026870389884088516
0 0.6509831460674157 0.15384615384615385 0.020365168539325844 0.02528977871443625
0 0.5881320224719101 0.20442571127502634 0.018258426966292134 0.020021074815595362
0 0.7254213483146067 0.17070600632244468 0.02598314606741573 0.02107481559536354
0 0.5660112359550562 0.21180189673340358 0.016853932584269662 0.0184404636459431
0 0.23139044943820225 0.15727081138040042 0.025280898876404494 0.02054794520547945
0 0.3476123595505618 0.1791359325605901 0.023876404494382022 0.020021074815595362
0 0.386938202247191 0.09114857744994731 0.020365168539325844 0.02370916754478398
0 0.25140449438202245 0.19204425711275025 0.02457865168539326 0.02160168598524763
0 0.29950842696629215 0.2452581664910432 0.028792134831460675 0.019494204425711276
0 0.32689606741573035 0.3103266596417281 0.021769662921348316 0.015806111696522657
0 0.2580758426966292 0.3566912539515279 0.021769662921348316 0.0184404636459431
0 0.24157303370786518 0.3292939936775553 0.021769662921348316 0.02054794520547945
0 0.3181179775280899 0.4083245521601686 0.028089887640449437 0.02160168598524763
0 0.2324438202247191 0.404899894625922 0.021067415730337078 0.022655426765015807
0 0.3862359550561798 0.42017913593256057 0.02598314606741573 0.018967334035827187
0 0.34620786516853935 0.571917808219178 0.016151685393258428 0.02160168598524763
0 0.2633426966292135 0.6193361433087461 0.01544943820224719 0.022655426765015807
0 0.18433988764044945 0.6683350895679663 0.021067415730337078 0.022128556375131718
0 0.2482443820224719 0.8245521601685986 0.023876404494382022 0.022655426765015807
0 0.20049157303370788 0.8996311907270811 0.0175561797752809 0.01685985247629083
0 0.34655898876404495 0.8703898840885143 0.020365168539325844 0.02845100105374078
0 0.5867275280898876 0.8998946259220232 0.021769662921348316 0.02845100105374078
0 0.48349719101123595 0.8706533192834562 0.016151685393258428 0.019494204425711276
0 0.6478230337078652 0.8556375131717597 0.018960674157303372 0.02370916754478398
0 0.5410814606741573 0.9027924130663857 0.014747191011235955 0.02160168598524763
0 0.5491573033707865 0.7452581664910432 0.016151685393258428 0.020021074815595362
0 0.5421348314606742 0.6688619599578504 0.023876404494382022 0.018967334035827187
0 0.6383426966292135 0.5484720758693361 0.02247191011235955 0.01791359325605901
0 0.5122893258426966 0.46390937829293993 0.021067415730337078 0.02370916754478398
0 0.4691011235955056 0.4533719704952582 0.020365168539325844 0.02160168598524763
0 0.4905196629213483 0.45864067439409906 0.023174157303370788 0.02423603793466807
0 0.617626404494382 0.464172813487882 0.018258426966292134 0.02054794520547945
0 0.45365168539325845 0.4243940990516333 0.016853932584269662 0.02054794520547945
0 0.49473314606741575 0.37170706006322446 0.01544943820224719 0.019494204425711276
0 0.6776685393258427 0.12723919915700738 0.014747191011235955 0.02160168598524763
0 0.668188202247191 0.1506849315068493 0.018960674157303372 0.026343519494204427
0 0.7517556179775281 0.1322444678609062 0.016151685393258428 0.02160168598524763
0 0.7542134831460674 0.15279241306638566 0.018258426966292134 0.022655426765015807
0 0.8686797752808989 0.26396206533192834 0.019662921348314606 0.023182297154899896
0 0.9030898876404494 0.3677555321390938 0.028089887640449437 0.02370916754478398
0 0.7742275280898876 0.4238672286617492 0.030196629213483147 0.02476290832455216
0 0.8953651685393258 0.4412539515279241 0.023174157303370788 0.02107481559536354
0 0.8827247191011236 0.6275026343519494 0.025280898876404494 0.020021074815595362
0 0.8367275280898876 0.6896733403582719 0.02598314606741573 0.026343519494204427
0 0.8398876404494382 0.7586933614330874 0.019662921348314606 0.02476290832455216
0 0.8841292134831461 0.8532665964172813 0.014044943820224719 0.019494204425711276
0 0.7229634831460674 0.8743414120126449 0.014747191011235955 0.02054794520547945
0 0.9048455056179775 0.630927291886196 0.021067415730337078 0.025816649104320338
0 0.8806179775280899 0.18888303477344573 0.018258426966292134 0.02160168598524763
0 0.5017556179775281 0.09931506849315068 0.02247191011235955 0.026870389884088516
0 0.45365168539325845 0.13408851422550053 0.021769662921348316 0.0184404636459431
0 0.5905898876404494 0.4891991570073762 0.03160112359550562 0.022128556375131718
0 0.5533707865168539 0.49973656480505796 0.030196629213483147 0.02054794520547945
0 0.36060393258426965 0.48998946259220233 0.03089887640449438 0.02423603793466807
0 0.2615870786516854 0.4773445732349842 0.026685393258426966 0.018967334035827187
0 0.37956460674157305 0.5184404636459431 0.027387640449438203 0.02054794520547945
0 0.31917134831460675 0.7463119072708114 0.023876404494382022 0.018967334035827187
0 0.3374297752808989 0.7339304531085353 0.019662921348314606 0.01685985247629083
0 0.09901685393258428 0.5221285563751317 0.02457865168539326 0.022655426765015807
0 0.12254213483146068 0.458377239199157 0.02949438202247191 0.025816649104320338
0 0.16713483146067415 0.46285563751317177 0.027387640449438203 0.023182297154899896
0 0.3128511235955056 0.2963645943097998 0.027387640449438203 0.02160168598524763
0 0.37991573033707865 0.22787144362486828 0.04073033707865169 0.0273972602739726
0 0.6320224719101124 0.26264488935721814 0.03300561797752809 0.026870389884088516
0 0.7433286516853933 0.26765015806111697 0.038623595505617975 0.02897787144362487
0 0.9445224719101124 0.10985247629083246 0.028792134831460675 0.02107481559536354
0 0.8995786516853933 0.20152792413066387 0.023876404494382022 0.02107481559536354
0 0.8328651685393258 0.26580611169652263 0.023174157303370788 0.02107481559536354
0 0.9241573033707865 0.4125395152792413 0.028089887640449437 0.025816649104320338
0 0.6674859550561798 0.6335616438356164 0.028089887640449437 0.023182297154899896
0 0.735252808988764 0.6354056902002108 0.027387640449438203 0.02160168598524763
0 0.738061797752809 0.6522655426765016 0.027387640449438203 0.02107481559536354
0 0.11200842696629214 0.6812434141201265 0.020365168539325844 0.022655426765015807
0 0.12289325842696629 0.7531612223393045 0.025280898876404494 0.025816649104320338
0 0.5256320224719101 0.7763435194942044 0.025280898876404494 0.0184404636459431
0 0.670997191011236 0.8883034773445733 0.028792134831460675 0.0273972602739726
0 0.714185393258427 0.7597471022128557 0.03932584269662921 0.030031612223393046