0 0.6070412517780939 0.7409381663113006 0.041963015647226175 0.03251599147121535
0 0.5152916073968705 0.7531982942430704 0.03840682788051209 0.03411513859275053
0 0.8296586059743954 0.7817164179104478 0.03840682788051209 0.026652452025586353
0 0.8097439544807966 0.8304904051172708 0.041251778093883355 0.02931769722814499
0 0.8399715504978663 0.8248933901918977 0.03556187766714083 0.026652452025586353
0 0.8214793741109531 0.8232942430703625 0.0561877667140825 0.03891257995735608
0 0.8694879089615932 0.7364072494669509 0.032005689900426744 0.0255863539445629
0 0.9231863442389758 0.6695095948827292 0.03698435277382646 0.03304904051172708
0 0.932076813655761 0.5607675906183369 0.03840682788051209 0.029850746268656716
0 0.9317211948790897 0.5983475479744137 0.034139402560455195 0.030383795309168442
0 0.9583926031294452 0.45362473347547977 0.033428165007112376 0.027185501066098083
0 0.9559032716927454 0.47761194029850745 0.03058321479374111 0.026119402985074626
0 0.7375533428165008 0.43283582089552236 0.04267425320056899 0.02931769722814499
0 0.8673541963015647 0.4400319829424307 0.034139402560455195 0.028251599147121536
0 0.9619487908961594 0.2918443496801706 0.03058321479374111 0.028251599147121536
0 0.8026315789473685 0.26066098081023453 0.032716927453769556 0.026119402985074626
0 0.8001422475106685 0.2878464818763326 0.03698435277382646 0.03091684434968017
0 0.8755334281650071 0.28038379530916846 0.033428165007112376 0.028251599147121536
0 0.9697724039829303 0.2550639658848614 0.03769559032716927 0.03571428571428571
0 0.968705547652916 0.2470682302771855 0.03627311522048364 0.03091684434968017
0 0.9324324324324325 0.15884861407249468 0.03982930298719772 0.03091684434968017
0 0.9231863442389758 0.14952025586353945 0.03556187766714083 0.02398720682302772
0 0.9402560455192034 0.16551172707889125 0.033428165007112376 0.026652452025586353
0 0.8392603129445235 0.07862473347547974 0.04054054054054054 0.0314498933901919
0 0.9167852062588905 0.09275053304904052 0.03485064011379801 0.03091684434968017
0 0.8648648648648649 0.06449893390191898 0.032716927453769556 0.022921108742004266
0 0.69950213371266 0.062366737739872065 0.04480796586059744 0.029850746268656716
0 0.781294452347084 0.11593816631130063 0.03485064011379801 0.026119402985074626
0 0.6447368421052632 0.20149253731343283 0.03556187766714083 0.026652452025586353
0 0.6283783783783784 0.05943496801705757 0.032716927453769556 0.022388059701492536
0 0.645448079658606 0.07409381663113006 0.033428165007112376 0.019189765458422176
0 0.6330014224751067 0.08821961620469083 0.02631578947368421 0.01812366737739872
0 0.6475817923186344 0.09461620469083155 0.021337126600284494 0.017590618336886993
0 0.5757467994310099 0.047707889125799575 0.031294452347083924 0.02185501066098081
0 0.5508534850640113 0.08049040511727079 0.04054054054054054 0.028784648187633263
0 0.5352062588904695 0.10554371002132196 0.03769559032716927 0.027185501066098083
0 0.560099573257468 0.1433901918976546 0.03698435277382646 0.030383795309168442
0 0.4142958748221906 0.08208955223880597 0.03627311522048364 0.030383795309168442
0 0.4139402560455192 0.07249466950959488 0.03485064011379801 0.028784648187633263
0 0.44345661450924606 0.09728144989339019 0.03982930298719772 0.023454157782515993
0 0.3413940256045519 0.13219616204690832 0.03485064011379801 0.022921108742004266
0 0.45554765291607396 0.1652452025586354 0.03911806543385491 0.03304904051172708
0 0.3609530583214794 0.031982942430703626 0.029160739687055477 0.018656716417910446
0 0.3669985775248933 0.060767590618336885 0.0476529160739687 0.0314498933901919
0 0.33890469416785207 0.05863539445628998 0.03769559032716927 0.028251599147121536
0 0.35241820768136556 0.062366737739872065 0.020625889046941678 0.03091684434968017
0 0.2411095305832148 0.1441897654584222 0.029160739687055477 0.02398720682302772
0 0.23897581792318634 0.16204690831556504 0.033428165007112376 0.027185501066098083
0 0.2798719772403983 0.1878997867803838 0.033428165007112376 0.025053304904051173
0 0.17567567567567569 0.2060234541577825 0.03485064011379801 0.029850746268656716
0 0.27667140825035563 0.2777185501066098 0.034139402560455195 0.026119402985074626
0 0.05512091038406828 0.21455223880597016 0.024893314366998577 0.02398720682302772
0 0.15825035561877668 0.1417910447761194 0.03840682788051209 0.022388059701492536
0 0.10810810810810811 0.26119402985074625 0.023470839260312945 0.019189765458422176
0 0.17603129445234708 0.28624733475479747 0.03769559032716927 0.0255863539445629
0 0.10988620199146515 0.4064498933901919 0.03058321479374111 0.02398720682302772
0 0.16358463726884778 0.4203091684434968 0.032716927453769556 0.02771855010660981
0 0.12019914651493599 0.4701492537313433 0.031294452347083924 0.02931769722814499
0 0.0021337126600284497 0.5602345415778252 0.004267425320056899 0.026652452025586353
0 0.10064011379800854 0.6921641791044776 0.03982930298719772 0.028251599147121536
0 0.162873399715505 0.8126332622601279 0.029160739687055477 0.025053304904051173
0 0.00604551920341394 0.7449360341151386 0.01209103840682788 0.026119402985074626
0 0.40718349928876246 0.8459488272921108 0.03698435277382646 0.026652452025586353
0 0.501778093883357 0.8544776119402985 0.029871977240398292 0.026119402985074626
0 0.4007823613086771 0.7745202558635395 0.03769559032716927 0.026119402985074626
0 0.34246088193456614 0.7667910447761194 0.03698435277382646 0.026119402985074626
0 0.3157894736842105 0.7164179104477612 0.034139402560455195 0.028251599147121536
0 0.4349217638691323 0.47388059701492535 0.03556187766714083 0.028784648187633263
0 0.43776671408250356 0.5042643923240938 0.03698435277382646 0.029850746268656716
0 0.46799431009957326 0.5290511727078892 0.03698435277382646 0.030383795309168442
0 0.48862019914651494 0.3875266524520256 0.031294452347083924 0.026119402985074626
0 0.6319345661450925 0.13139658848614072 0.02844950213371266 0.0255863539445629
0 0.6394025604551921 0.22468017057569295 0.02844950213371266 0.028784648187633263
0 0.6795874822190612 0.2484008528784648 0.033428165007112376 0.026119402985074626
0 0.6596728307254623 0.27878464818763327 0.03485064011379801 0.025053304904051173
0 0.6621621621621622 0.2977078891257996 0.031294452347083924 0.02398720682302772
0 0.6806543385490754 0.29717484008528783 0.024893314366998577 0.02185501066098081
0 0.8705547652916074 0.34754797441364604 0.02844950213371266 0.025053304904051173
0 0.816145092460882 0.39312366737739873 0.031294452347083924 0.024520255863539446
0 0.8125889046941679 0.43789978678038377 0.03058321479374111 0.027185501066098083
0 0.7162162162162162 0.3352878464818763 0.017069701280227598 0.028251599147121536
0 0.8506401137980085 0.18310234541577824 0.031294452347083924 0.024520255863539446
0 0.732574679943101 0.13779317697228144 0.03058321479374111 0.024520255863539446
0 0.45803698435277385 0.7281449893390192 0.03840682788051209 0.02771855010660981
0 0.5135135135135135 0.6833688699360341 0.02631578947368421 0.022921108742004266
0 0.5526315789473685 0.6799040511727079 0.041963015647226175 0.0314498933901919
0 0.37339971550497864 0.8206289978678039 0.03485064011379801 0.026119402985074626
0 0.34637268847795166 0.7998400852878464 0.034139402560455195 0.0255863539445629
0 0.6952347083926032 0.9040511727078892 0.032005689900426744 0.023454157782515993
0 0.8744665718349929 0.9008528784648188 0.027738264580369845 0.02185501066098081
0 0.8982930298719772 0.810501066098081 0.041963015647226175 0.02931769722814499
0 0.9210526315789473 0.771588486140725 0.029160739687055477 0.023454157782515993