0 0.79248046875 0.6555989583333334 0.01416015625 0.017578125
0 0.77587890625 0.6490885416666666 0.01708984375 0.018229166666666668
0 0.80615234375 0.626953125 0.01611328125 0.018880208333333332
0 0.8427734375 0.6490885416666666 0.01611328125 0.020182291666666668
0 0.78466796875 0.7115885416666666 0.01708984375 0.016927083333333332
0 0.705078125 0.8079427083333334 0.013671875 0.020833333333333332
0 0.7421875 0.6901041666666666 0.01806640625 0.020182291666666668
0 0.36669921875 0.748046875 0.01708984375 0.020182291666666668
0 0.38818359375 0.6712239583333334 0.017578125 0.018880208333333332
0 0.15673828125 0.8209635416666666 0.01513671875 0.017578125
0 0.1279296875 0.8580729166666666 0.015625 0.01953125
0 0.103515625 0.83984375 0.0166015625 0.018880208333333332
0 0.13671875 0.8092447916666666 0.01953125 0.021484375
0 0.14013671875 0.6653645833333334 0.01953125 0.018229166666666668
0 0.12109375 0.5963541666666666 0.0185546875 0.017578125
0 0.09765625 0.5924479166666666 0.01953125 0.021484375
0 0.1630859375 0.5514322916666666 0.01904296875 0.022786458333333332
0 0.13818359375 0.4759114583333333 0.01708984375 0.017578125
0 0.20556640625 0.5305989583333334 0.0205078125 0.020182291666666668
0 0.15234375 0.3834635416666667 0.017578125 0.020833333333333332
0 0.22314453125 0.3444010416666667 0.0205078125 0.020833333333333332
0 0.10791015625 0.3359375 0.02099609375 0.02734375
0 0.50048828125 0.3020833333333333 0.0224609375 0.026692708333333332
0 0.4833984375 0.3600260416666667 0.02197265625 0.02734375
0 0.4794921875 0.21158854166666666 0.02001953125 0.0234375
0 0.5166015625 0.20963541666666666 0.01806640625 0.020182291666666668
0 0.4775390625 0.24934895833333334 0.02392578125 0.02734375
0 0.5888671875 0.267578125 0.0234375 0.026692708333333332
0 0.6513671875 0.294921875 0.021484375 0.020833333333333332
0 0.662109375 0.24348958333333334 0.021484375 0.024739583333333332
0 0.58349609375 0.3365885416666667 0.0234375 0.01953125
0 0.6318359375 0.3430989583333333 0.017578125 0.021484375
0 0.63330078125 0.3958333333333333 0.01806640625 0.022135416666666668
0 0.640625 0.4205729166666667 0.017578125 0.020182291666666668