0 0.6555989583333334 0.72802734375 0.034505208333333336 0.02734375
0 0.5735677083333334 0.74560546875 0.03125 0.02880859375
0 0.86328125 0.7490234375 0.032552083333333336 0.02197265625
0 0.8515625 0.794921875 0.034505208333333336 0.0244140625
0 0.8782552083333334 0.78759765625 0.029296875 0.0224609375
0 0.861328125 0.78759765625 0.046875 0.0322265625
0 0.8938802083333334 0.705078125 0.026692708333333332 0.021484375
0 0.9342447916666666 0.64013671875 0.029947916666666668 0.0283203125
0 0.9283854166666666 0.54052734375 0.031901041666666664 0.02490234375
0 0.9329427083333334 0.57470703125 0.027994791666666668 0.02587890625
0 0.9388020833333334 0.44091796875 0.02734375 0.02294921875
0 0.939453125 0.462890625 0.025390625 0.02197265625
0 0.7350260416666666 0.43798828125 0.035807291666666664 0.0244140625
0 0.8541666666666666 0.43505859375 0.027994791666666668 0.02392578125
0 0.9212239583333334 0.29345703125 0.024739583333333332 0.02392578125
0 0.7721354166666666 0.2763671875 0.02734375 0.02197265625
0 0.7734375 0.30126953125 0.030598958333333332 0.02587890625
0 0.8411458333333334 0.2890625 0.02734375 0.02392578125
0 0.923828125 0.25927734375 0.030598958333333332 0.0302734375
0 0.921875 0.251953125 0.029947916666666668 0.02587890625
0 0.8776041666666666 0.17431640625 0.033203125 0.02587890625
0 0.8678385416666666 0.16650390625 0.029947916666666668 0.01953125
0 0.8854166666666666 0.1796875 0.02734375 0.0224609375
0 0.7825520833333334 0.10791015625 0.033854166666666664 0.0263671875
0 0.8548177083333334 0.115234375 0.028645833333333332 0.0263671875
0 0.8040364583333334 0.09326171875 0.02734375 0.01904296875
0 0.6529947916666666 0.10302734375 0.037760416666666664 0.0244140625
0 0.734375 0.14599609375 0.029296875 0.02197265625
0 0.62109375 0.23388671875 0.029947916666666668 0.02197265625
0 0.587890625 0.10546875 0.02734375 0.0185546875
0 0.60546875 0.11767578125 0.028645833333333332 0.015625
0 0.595703125 0.13134765625 0.022135416666666668 0.01513671875
0 0.6100260416666666 0.13623046875 0.017578125 0.0146484375
0 0.5384114583333334 0.0986328125 0.026041666666666668 0.01806640625
0 0.5201822916666666 0.13037109375 0.033854166666666664 0.02392578125
0 0.5091145833333334 0.154296875 0.03125 0.0224609375
0 0.5364583333333334 0.18701171875 0.030598958333333332 0.025390625
0 0.3958333333333333 0.1416015625 0.029947916666666668 0.025390625
0 0.39453125 0.1328125 0.028645833333333332 0.0244140625
0 0.4244791666666667 0.1533203125 0.033854166666666664 0.01904296875
0 0.3359375 0.1923828125 0.029296875 0.01904296875
0 0.4440104166666667 0.21435546875 0.031901041666666664 0.02783203125
0 0.3411458333333333 0.099609375 0.024739583333333332 0.01513671875
0 0.3502604166666667 0.12548828125 0.040364583333333336 0.02587890625
0 0.32421875 0.12548828125 0.03125 0.0234375
0 0.3372395833333333 0.1279296875 0.014973958333333334 0.02734375
0 0.24609375 0.21044921875 0.024088541666666668 0.02001953125
0 0.24674479166666666 0.22705078125 0.02734375 0.02294921875
0 0.287109375 0.24755859375 0.027994791666666668 0.02099609375
0 0.19466145833333334 0.271484375 0.028645833333333332 0.025390625
0 0.2955729166666667 0.32958984375 0.028645833333333332 0.02197265625
0 0.0859375 0.2880859375 0.020182291666666668 0.0205078125
0 0.17057291666666666 0.21435546875 0.032552083333333336 0.01806640625
0 0.13997395833333334 0.32666015625 0.01953125 0.01611328125
0 0.205078125 0.3447265625 0.031901041666666664 0.02099609375
0 0.16015625 0.458984375 0.025390625 0.02001953125
0 0.2109375 0.4677734375 0.026692708333333332 0.0234375
0 0.177734375 0.51611328125 0.025390625 0.02490234375
0 0.06705729166666667 0.607421875 0.029947916666666668 0.0234375
0 0.18815104166666666 0.7197265625 0.033203125 0.0234375
0 0.2604166666666667 0.8251953125 0.024088541666666668 0.02099609375
0 0.099609375 0.775390625 0.027994791666666668 0.02197265625
0 0.4869791666666667 0.837890625 0.03125 0.02197265625
0 0.57421875 0.8388671875 0.024088541666666668 0.02197265625
0 0.4720052083333333 0.7734375 0.031901041666666664 0.021484375
0 0.41796875 0.7705078125 0.03125 0.021484375
0 0.3873697916666667 0.7265625 0.027994791666666668 0.02392578125
0 0.46484375 0.4970703125 0.029296875 0.0244140625
0 0.4713541666666667 0.5244140625 0.030598958333333332 0.02490234375
0 0.501953125 0.544921875 0.030598958333333332 0.025390625
0 0.5026041666666666 0.41455078125 0.026041666666666668 0.02197265625
0 0.6002604166666666 0.1708984375 0.0234375 0.021484375
0 0.619140625 0.25537109375 0.022786458333333332 0.02490234375
0 0.6588541666666666 0.27392578125 0.027994791666666668 0.02197265625
0 0.64453125 0.30322265625 0.029296875 0.02099609375
0 0.6490885416666666 0.3203125 0.026041666666666668 0.02001953125
0 0.666015625 0.318359375 0.020182291666666668 0.0185546875
0 0.8450520833333334 0.3505859375 0.0234375 0.02099609375
0 0.8014322916666666 0.39599609375 0.026041666666666668 0.0205078125
0 0.8040364583333334 0.43701171875 0.024739583333333332 0.02294921875
0 0.703125 0.3505859375 0.012369791666666666 0.02490234375
0 0.8059895833333334 0.2021484375 0.026041666666666668 0.0205078125
0 0.6927083333333334 0.16943359375 0.025390625 0.0205078125
0 0.5182291666666666 0.72705078125 0.031901041666666664 0.02294921875
0 0.5631510416666666 0.68212890625 0.021484375 0.01953125
0 0.5983072916666666 0.67626953125 0.03515625 0.0263671875
0 0.453125 0.8173828125 0.029296875 0.02197265625
0 0.42578125 0.80029296875 0.028645833333333332 0.021484375
0 0.7565104166666666 0.8701171875 0.026692708333333332 0.01953125
0 0.9192708333333334 0.8544921875 0.022786458333333332 0.0185546875
0 0.9296875 0.7705078125 0.03515625 0.0244140625
0 0.9453125 0.7333984375 0.024088541666666668 0.01953125