0 0.8922651933701657 0.43370165745856354 0.0432780847145488 0.028314917127071824
0 0.9507366482504604 0.6287983425414365 0.03314917127071823 0.024171270718232045
0 0.9921731123388582 0.44613259668508287 0.01565377532228361 0.03038674033149171
0 0.6210865561694291 0.7054558011049724 0.04511970534069982 0.03660220994475138
0 0.43692449355432783 0.7254834254143646 0.0423572744014733 0.031767955801104975
0 0.5202578268876611 0.7524171270718232 0.0423572744014733 0.03729281767955801
0 0.4677716390423573 0.6080801104972375 0.04143646408839779 0.03729281767955801
0 0.4976979742173112 0.631560773480663 0.03406998158379374 0.023480662983425413
0 0.391804788213628 0.6823204419889503 0.04788213627992634 0.029696132596685083
0 0.320902394106814 0.5921961325966851 0.037753222836095765 0.023480662983425413
0 0.4194290976058932 0.8273480662983426 0.03222836095764273 0.025552486187845305
0 0.5395948434622467 0.8352900552486188 0.029465930018416207 0.024861878453038673
0 0.36187845303867405 0.8604972375690608 0.04604051565377532 0.031077348066298343
0 0.35773480662983426 0.8159530386740331 0.04788213627992634 0.0324585635359116
0 0.39226519337016574 0.7959254143646409 0.03314917127071823 0.027624309392265192
0 0.5115101289134438 0.8459944751381215 0.034990791896869246 0.026243093922651933
0 0.248158379373849 0.8988259668508287 0.03591160220994475 0.026243093922651933
0 0.05847145488029466 0.8473756906077348 0.037753222836095765 0.026933701657458564
0 0.07458563535911603 0.793853591160221 0.03038674033149171 0.021408839779005526
0 0.03268876611418048 0.8138812154696132 0.040515653775322284 0.029005524861878452
0 0.04143646408839779 0.8712016574585635 0.03314917127071823 0.022790055248618785
0 0.09208103130755065 0.9454419889502762 0.03130755064456722 0.024171270718232045
0 0.058931860036832415 0.7082182320441989 0.03867403314917127 0.028314917127071824
0 0.061694290976058934 0.7299723756906077 0.03867403314917127 0.027624309392265192
0 0.0432780847145488 0.7479281767955801 0.0285451197053407 0.022099447513812154
0 0.2578268876611418 0.7130524861878453 0.034990791896869246 0.031077348066298343
0 0.2472375690607735 0.630524861878453 0.04419889502762431 0.03314917127071823
0 0.17081031307550645 0.6591850828729282 0.03406998158379374 0.024171270718232045
0 0.15930018416206262 0.5117403314917127 0.04419889502762431 0.031767955801104975
0 0.2302025782688766 0.5134668508287292 0.03959484346224678 0.029005524861878452
0 0.2946593001841621 0.4713397790055249 0.034990791896869246 0.027624309392265192
0 0.16022099447513813 0.46581491712707185 0.03406998158379374 0.022790055248618785
0 0.1832412523020258 0.4513121546961326 0.04143646408839779 0.026933701657458564
0 0.17449355432780847 0.44613259668508287 0.03314917127071823 0.026933701657458564
0 0.2638121546961326 0.3708563535911602 0.037753222836095765 0.026933701657458564
0 0.28406998158379376 0.33045580110497236 0.03038674033149171 0.023480662983425413
0 0.1408839779005525 0.3473756906077348 0.03314917127071823 0.023480662983425413
0 0.27348066298342544 0.24654696132596685 0.03222836095764273 0.025552486187845305
0 0.251841620626151 0.20441988950276244 0.03038674033149171 0.020718232044198894
0 0.3328729281767956 0.18888121546961326 0.037753222836095765 0.026243093922651933
0 0.15883977900552487 0.06526243093922653 0.03591160220994475 0.026243093922651933
0 0.18370165745856354 0.16160220994475138 0.04419889502762431 0.03038674033149171
0 0.2094843462246777 0.1294889502762431 0.03867403314917127 0.026243093922651933
0 0.2067219152854512 0.09116022099447514 0.0285451197053407 0.022099447513812154
0 0.2845303867403315 0.04903314917127072 0.037753222836095765 0.027624309392265192
0 0.1878453038674033 0.07596685082872928 0.026703499079189688 0.017955801104972375
0 0.5069060773480663 0.09288674033149172 0.037753222836095765 0.027624309392265192
0 0.5446593001841621 0.14951657458563536 0.03130755064456722 0.024861878453038673
0 0.38627992633517494 0.10220994475138122 0.03130755064456722 0.017955801104972375
0 0.39042357274401474 0.11705801104972376 0.03591160220994475 0.018646408839779006
0 0.38812154696132595 0.13777624309392264 0.04143646408839779 0.027624309392265192
0 0.5202578268876611 0.19854972375690608 0.034990791896869246 0.021408839779005526
0 0.36095764272559855 0.162292817679558 0.027624309392265192 0.025552486187845305
0 0.7117863720073665 0.19095303867403315 0.03406998158379374 0.024861878453038673
0 0.6933701657458563 0.23756906077348067 0.037753222836095765 0.022790055248618785
0 0.7688766114180479 0.30421270718232046 0.037753222836095765 0.028314917127071824
0 0.6574585635359116 0.2907458563535912 0.03959484346224678 0.025552486187845305
0 0.7269797421731123 0.29592541436464087 0.03130755064456722 0.024171270718232045
0 0.9806629834254144 0.22306629834254144 0.037753222836095765 0.024171270718232045
0 0.893646408839779 0.2534530386740331 0.03406998158379374 0.024861878453038673
0 0.9871086556169429 0.09185082872928177 0.02578268876611418 0.027624309392265192
0 0.9562615101289135 0.7420580110497238 0.03867403314917127 0.031077348066298343
0 0.8793738489871087 0.9858425414364641 0.04419889502762431 0.026933701657458564