0 0.8017492711370262 0.4603825136612022 0.02988338192419825 0.023497267759562842
0 0.6610787172011662 0.31721311475409836 0.03279883381924198 0.021311475409836064
0 0.8010204081632653 0.3038251366120219 0.018950437317784258 0.01639344262295082
0 0.875728862973761 0.5262295081967213 0.023323615160349854 0.017486338797814208
0 0.799198250728863 0.4371584699453552 0.024052478134110787 0.018032786885245903
0 0.717930029154519 0.46967213114754097 0.02478134110787172 0.018032786885245903
0 0.7547376093294461 0.32404371584699454 0.037900874635568516 0.024043715846994537
0 0.461734693877551 0.5404371584699453 0.034256559766763846 0.027868852459016394
0 0.3170553935860058 0.5620218579234972 0.03134110787172012 0.024043715846994537
0 0.3848396501457726 0.5806010928961749 0.03206997084548105 0.02841530054644809
0 0.33527696793002915 0.46830601092896174 0.03134110787172012 0.02841530054644809
0 0.36005830903790087 0.4860655737704918 0.025510204081632654 0.017486338797814208
0 0.2791545189504373 0.5292349726775957 0.03644314868804665 0.022404371584699455
0 0.21829446064139943 0.4603825136612022 0.028425655976676383 0.017486338797814208
0 0.3086734693877551 0.6431693989071038 0.024052478134110787 0.01912568306010929
0 0.4041545189504373 0.6456284153005465 0.021865889212827987 0.01912568306010929
0 0.2653061224489796 0.6710382513661202 0.03498542274052478 0.023497267759562842
0 0.2594752186588921 0.635792349726776 0.03571428571428571 0.02459016393442623
0 0.2857142857142857 0.6191256830601093 0.02478134110787172 0.020765027322404372
0 0.3826530612244898 0.6549180327868852 0.026239067055393587 0.019672131147540985
0 0.17747813411078717 0.7049180327868853 0.02696793002915452 0.019672131147540985
0 0.024416909620991252 0.6702185792349726 0.028425655976676383 0.020218579234972677
0 0.03462099125364432 0.6273224043715847 0.023323615160349854 0.015846994535519125
0 0.008746355685131196 0.6442622950819672 0.01749271137026239 0.02185792349726776
0 0.012755102040816327 0.6896174863387978 0.025510204081632654 0.016939890710382512
0 0.08163265306122448 0.8221311475409836 0.03571428571428571 0.024043715846994537
0 0.12062682215743441 0.8980874316939891 0.02478134110787172 0.019672131147540985
0 0.056851311953352766 0.746448087431694 0.023323615160349854 0.018032786885245903
0 0.01749271137026239 0.5601092896174863 0.029154518950437316 0.021311475409836064
0 0.02077259475218659 0.5770491803278689 0.029154518950437316 0.020765027322404372
0 0.008746355685131196 0.5920765027322404 0.01749271137026239 0.016939890710382512
0 0.1749271137026239 0.5576502732240437 0.025510204081632654 0.023497267759562842
0 0.1618075801749271 0.492896174863388 0.033527696793002916 0.025136612021857924
0 0.10313411078717201 0.5180327868852459 0.025510204081632654 0.018032786885245903
0 0.08600583090379009 0.4016393442622951 0.033527696793002916 0.024043715846994537
0 0.14212827988338192 0.4010928961748634 0.02988338192419825 0.02185792349726776
0 0.19059766763848396 0.3655737704918033 0.026239067055393587 0.020765027322404372
0 0.08381924198250729 0.3655737704918033 0.026239067055393587 0.016939890710382512
0 0.10131195335276968 0.35327868852459016 0.03134110787172012 0.019672131147540985
0 0.09438775510204081 0.3494535519125683 0.02478134110787172 0.020218579234972677
0 0.16071428571428573 0.2871584699453552 0.028425655976676383 0.020218579234972677
0 0.17456268221574345 0.2546448087431694 0.02259475218658892 0.018032786885245903
0 0.0619533527696793 0.2726775956284153 0.02478134110787172 0.017486338797814208
0 0.16144314868804666 0.18879781420765027 0.024052478134110787 0.01912568306010929
0 0.14176384839650147 0.15601092896174865 0.023323615160349854 0.015300546448087432
0 0.20517492711370264 0.1412568306010929 0.028425655976676383 0.019672131147540985
0 0.0608600583090379 0.04890710382513661 0.02696793002915452 0.019672131147540985
0 0.08564139941690962 0.12431693989071038 0.033527696793002916 0.022950819672131147
0 0.10459183673469388 0.09808743169398908 0.029154518950437316 0.019672131147540985
0 0.10021865889212828 0.0680327868852459 0.021137026239067054 0.016939890710382512
0 0.15925655976676384 0.03224043715846994 0.028425655976676383 0.020765027322404372
0 0.08454810495626822 0.056557377049180325 0.02040816326530612 0.01366120218579235
0 0.33746355685131196 0.05983606557377049 0.028425655976676383 0.020765027322404372
0 0.37026239067055394 0.10355191256830601 0.023323615160349854 0.018579234972677595
0 0.24271137026239067 0.07103825136612021 0.024052478134110787 0.013114754098360656
0 0.2467201166180758 0.08278688524590164 0.027696793002915453 0.01366120218579235
0 0.24599125364431487 0.09918032786885246 0.03134110787172012 0.020218579234972677
0 0.35386297376093295 0.142896174863388 0.02696793002915452 0.015846994535519125
0 0.2259475218658892 0.11939890710382514 0.02040816326530612 0.019672131147540985
0 0.5047376093294461 0.13114754098360656 0.025510204081632654 0.018579234972677595
0 0.49271137026239065 0.1685792349726776 0.029154518950437316 0.016939890710382512
0 0.5561224489795918 0.21885245901639344 0.028425655976676383 0.021311475409836064
0 0.4675655976676385 0.21147540983606558 0.02988338192419825 0.01912568306010929
0 0.5229591836734694 0.21366120218579235 0.023323615160349854 0.018032786885245903
0 0.7190233236151603 0.14808743169398908 0.028425655976676383 0.018032786885245903
0 0.7587463556851312 0.15792349726775956 0.03206997084548105 0.022404371584699455
0 0.652332361516035 0.17486338797814208 0.025510204081632654 0.018579234972677595
0 0.7255830903790087 0.043989071038251365 0.03571428571428571 0.020765027322404372
0 0.732871720116618 0.559016393442623 0.03644314868804665 0.024043715846994537
0 0.6814868804664723 0.7540983606557377 0.033527696793002916 0.020218579234972677
0 0.8833819241982507 0.8363387978142076 0.023323615160349854 0.015846994535519125
0 0.864067055393586 0.8448087431693989 0.02478134110787172 0.01912568306010929
0 0.891399416909621 0.6786885245901639 0.014577259475218658 0.012568306010928962
0 0.8899416909620991 0.6655737704918033 0.01749271137026239 0.014754098360655738
0 0.8666180758017493 0.583879781420765 0.021137026239067054 0.01639344262295082
0 0.7864431486880467 0.29863387978142075 0.015306122448979591 0.023497267759562842
0 0.8123177842565598 0.07622950819672131 0.018221574344023325 0.019672131147540985