0 0.8261612021857924 0.5496926229508197 0.03278688524590164 0.025614754098360656
0 0.7308743169398907 0.399077868852459 0.03483606557377049 0.0235655737704918
0 0.8627049180327869 0.40548155737704916 0.02117486338797814 0.017418032786885244
0 0.8787568306010929 0.6201331967213115 0.025273224043715847 0.018954918032786885
0 0.8292349726775956 0.5281762295081968 0.025956284153005466 0.0194672131147541
0 0.7469262295081968 0.546875 0.02663934426229508 0.019979508196721313
0 0.8155737704918032 0.4180327868852459 0.040300546448087435 0.02663934426229508
0 0.49419398907103823 0.5778688524590164 0.03756830601092896 0.02971311475409836
0 0.3562158469945355 0.578125 0.03483606557377049 0.02612704918032787
0 0.4139344262295082 0.6045081967213115 0.03551912568306011 0.030225409836065573
0 0.3951502732240437 0.49436475409836067 0.03483606557377049 0.030225409836065573
0 0.4135928961748634 0.5140881147540983 0.0273224043715847 0.0194672131147541
0 0.32889344262295084 0.5430327868852459 0.0389344262295082 0.025102459016393443
0 0.289275956284153 0.4713114754098361 0.030054644808743168 0.019979508196721313
0 0.3292349726775956 0.6518954918032787 0.02663934426229508 0.020491803278688523
0 0.41632513661202186 0.6670081967213115 0.02459016393442623 0.020491803278688523
0 0.28244535519125685 0.6716188524590164 0.03756830601092896 0.02612704918032787
0 0.2855191256830601 0.6385758196721312 0.03825136612021858 0.027151639344262294
0 0.31386612021857924 0.6265368852459017 0.0273224043715847 0.022028688524590164
0 0.3944672131147541 0.6726434426229508 0.028688524590163935 0.02151639344262295
0 0.19364754098360656 0.6908299180327869 0.029371584699453553 0.02151639344262295
0 0.061133879781420764 0.6385758196721312 0.030737704918032786 0.022540983606557378
0 0.08060109289617487 0.6004098360655737 0.025273224043715847 0.017418032786885244
0 0.0471311475409836 0.6119364754098361 0.03346994535519126 0.024077868852459015
0 0.045765027322404374 0.6547131147540983 0.0273224043715847 0.018954918032786885
0 0.07752732240437159 0.7858606557377049 0.03825136612021858 0.02663934426229508
0 0.09528688524590163 0.8609118852459017 0.0273224043715847 0.02151639344262295
0 0.07274590163934426 0.7131147540983607 0.025273224043715847 0.0194672131147541
0 0.08094262295081968 0.5363729508196722 0.03210382513661202 0.0235655737704918
0 0.07991803278688525 0.5525102459016393 0.031420765027322405 0.02305327868852459
0 0.06386612021857924 0.5642930327868853 0.023224043715846996 0.018442622950819672
0 0.22643442622950818 0.5550717213114754 0.029371584699453553 0.025102459016393443
0 0.22984972677595628 0.49359631147540983 0.036202185792349725 0.027151639344262294
0 0.16974043715846995 0.5089651639344263 0.0273224043715847 0.019979508196721313
0 0.18169398907103826 0.39959016393442626 0.036202185792349725 0.02612704918032787
0 0.2336065573770492 0.40650614754098363 0.03278688524590164 0.024077868852459015
0 0.28654371584699456 0.38037909836065575 0.028688524590163935 0.022540983606557378
0 0.1885245901639344 0.36603483606557374 0.028005464480874317 0.018954918032786885
0 0.2073087431693989 0.3573258196721312 0.03346994535519126 0.022540983606557378
0 0.20184426229508196 0.35271516393442626 0.0273224043715847 0.022028688524590164
0 0.2776639344262295 0.3043032786885246 0.030737704918032786 0.022540983606557378
0 0.29815573770491804 0.27638319672131145 0.02459016393442623 0.0194672131147541
0 0.19057377049180327 0.2776639344262295 0.02663934426229508 0.0194672131147541
0 0.30191256830601093 0.21388319672131148 0.02663934426229508 0.020491803278688523
0 0.2916666666666667 0.18109631147540983 0.02459016393442623 0.016905737704918034
0 0.35382513661202186 0.1759733606557377 0.030737704918032786 0.022028688524590164
0 0.24282786885245902 0.07172131147540983 0.029371584699453553 0.02151639344262295
0 0.24760928961748635 0.1444672131147541 0.036202185792349725 0.025102459016393443
0 0.27117486338797814 0.12295081967213115 0.031420765027322405 0.022028688524590164
0 0.27424863387978143 0.09451844262295082 0.023224043715846996 0.018442622950819672
0 0.337431693989071 0.06967213114754098 0.030737704918032786 0.02305327868852459
0 0.2626366120218579 0.08196721311475409 0.02185792349726776 0.01485655737704918
0 0.49453551912568305 0.11885245901639344 0.030737704918032786 0.02305327868852459
0 0.5146857923497268 0.16342213114754098 0.025956284153005466 0.019979508196721313
0 0.40505464480874315 0.11654713114754098 0.02459016393442623 0.015368852459016393
0 0.4057377049180328 0.12781762295081966 0.028005464480874317 0.01639344262295082
0 0.40095628415300544 0.14267418032786885 0.03346994535519126 0.02305327868852459
0 0.4900956284153005 0.19748975409836064 0.028005464480874317 0.017930327868852458
0 0.3780737704918033 0.15855532786885246 0.023224043715846996 0.020491803278688523
0 0.6314890710382514 0.2067110655737705 0.028005464480874317 0.020491803278688523
0 0.6116803278688525 0.23975409836065573 0.030737704918032786 0.0194672131147541
0 0.6577868852459017 0.2943135245901639 0.031420765027322405 0.0235655737704918
0 0.5782103825136612 0.27587090163934425 0.03210382513661202 0.02151639344262295
0 0.6284153005464481 0.2850922131147541 0.025273224043715847 0.0194672131147541
0 0.8247950819672131 0.25128073770491804 0.030054644808743168 0.020491803278688523
0 0.858948087431694 0.265625 0.03483606557377049 0.025102459016393443
0 0.7568306010928961 0.26690573770491804 0.028005464480874317 0.020491803278688523
0 0.8555327868852459 0.15625 0.03756830601092896 0.0235655737704918
0 0.7394125683060109 0.6314036885245902 0.0389344262295082 0.02663934426229508
0 0.6454918032786885 0.8037909836065574 0.03551912568306011 0.022540983606557378
0 0.8114754098360656 0.9067622950819673 0.025273224043715847 0.017418032786885244
0 0.7916666666666666 0.9116290983606558 0.0273224043715847 0.021004098360655737
0 0.8565573770491803 0.7625512295081968 0.015710382513661202 0.01331967213114754
0 0.8582650273224044 0.7502561475409836 0.01912568306010929 0.015881147540983607
0 0.8565573770491803 0.6721311475409836 0.023224043715846996 0.017930327868852458
0 0.8507513661202186 0.3988217213114754 0.01980874316939891 0.02305327868852459
0 0.9275956284153005 0.19748975409836064 0.02117486338797814 0.020491803278688523