0 0.5952743902439024 0.5540617848970252 0.03277439024390244 0.029748283752860413
0 0.540015243902439 0.5909610983981693 0.036585365853658534 0.03260869565217391
0 0.5769817073170732 0.46281464530892447 0.03201219512195122 0.029748283752860413
0 0.6158536585365854 0.48140732265446223 0.03429878048780488 0.03032036613272311
0 0.6360518292682927 0.5082951945080092 0.03277439024390244 0.02803203661327231
0 0.71875 0.4047482837528604 0.03353658536585366 0.02917620137299771
0 0.7088414634146342 0.47911899313501144 0.03125 0.02688787185354691
0 0.6543445121951219 0.4579519450800915 0.025914634146341462 0.02288329519450801
0 0.7065548780487805 0.5328947368421053 0.03048780487804878 0.028604118993135013
0 0.6444359756097561 0.4470823798627002 0.024390243902439025 0.02116704805491991
0 0.6349085365853658 0.2133867276887872 0.03048780487804878 0.02803203661327231
0 0.635670731707317 0.2951945080091533 0.028963414634146343 0.02688787185354691
0 0.7195121951219512 0.2877574370709382 0.02972560975609756 0.02631578947368421
0 0.6082317073170732 0.23941647597254004 0.03048780487804878 0.02803203661327231
0 0.5701219512195121 0.2897597254004577 0.03125 0.029748283752860413
0 0.5182926829268293 0.33123569794050345 0.023628048780487805 0.02288329519450801
0 0.46684451219512196 0.30463386727688785 0.026676829268292682 0.02402745995423341
0 0.4874237804878049 0.283466819221968 0.028201219512195123 0.02574370709382151
0 0.4321646341463415 0.3621281464530893 0.03277439024390244 0.029748283752860413
0 0.42035060975609756 0.30663615560640733 0.02972560975609756 0.02631578947368421
0 0.4336890243902439 0.4104691075514874 0.028963414634146343 0.02688787185354691
0 0.29535060975609756 0.44107551487414187 0.025914634146341462 0.02231121281464531
0 0.23971036585365854 0.40560640732265446 0.026676829268292682 0.02231121281464531
0 0.18445121951219512 0.37356979405034324 0.028963414634146343 0.02631578947368421
0 0.05945121951219512 0.47254004576659037 0.03048780487804878 0.02803203661327231
0 0.036585365853658534 0.5517734553775744 0.03353658536585366 0.028604118993135013
0 0.051829268292682924 0.7165331807780321 0.03429878048780488 0.029748283752860413
0 0.05945121951219512 0.6398741418764302 0.025152439024390245 0.021739130434782608
0 0.10022865853658537 0.7388443935926774 0.028963414634146343 0.02517162471395881
0 0.040777439024390245 0.6882151029748284 0.025914634146341462 0.02116704805491991
0 0.17873475609756098 0.6344393592677345 0.025152439024390245 0.021739130434782608
0 0.24428353658536586 0.6018306636155606 0.027439024390243903 0.02574370709382151
0 0.36509146341463417 0.6175629290617849 0.026676829268292682 0.02459954233409611
0 0.4165396341463415 0.506578947368421 0.02972560975609756 0.02631578947368421
0 0.4184451219512195 0.4748283752860412 0.028201219512195123 0.02517162471395881
0 0.4176829268292683 0.49084668192219677 0.03201219512195122 0.02803203661327231
0 0.4344512195121951 0.5737986270022883 0.025914634146341462 0.02288329519450801
0 0.4413109756097561 0.45394736842105265 0.025914634146341462 0.02231121281464531
0 0.49390243902439024 0.46081235697940504 0.023628048780487805 0.020594965675057208
0 0.7366615853658537 0.4856979405034325 0.025914634146341462 0.021739130434782608
0 0.7145579268292683 0.4891304347826087 0.03125 0.02631578947368421
0 0.745045731707317 0.5354691075514875 0.025914634146341462 0.02231121281464531
0 0.7271341463414634 0.5446224256292906 0.028201219512195123 0.02459954233409611
0 0.6505335365853658 0.6587528604118993 0.02972560975609756 0.02574370709382151
0 0.5663109756097561 0.7193935926773455 0.03429878048780488 0.031464530892448515
0 0.4958079268292683 0.6584668192219679 0.0350609756097561 0.03260869565217391
0 0.5015243902439024 0.7422768878718535 0.028963414634146343 0.02688787185354691
0 0.33803353658536583 0.8029176201372997 0.02972560975609756 0.02745995423340961
0 0.27553353658536583 0.7969107551487414 0.0350609756097561 0.031464530892448515
0 0.21608231707317074 0.8249427917620137 0.03048780487804878 0.02574370709382151
0 0.14214939024390244 0.8878718535469108 0.022865853658536585 0.02002288329519451
0 0.09679878048780488 0.7929061784897025 0.024390243902439025 0.020594965675057208
0 0.33765243902439024 0.8189359267734554 0.03277439024390244 0.02803203661327231
0 0.7172256097560976 0.6387299771167048 0.026676829268292682 0.02345537757437071
0 0.7313262195121951 0.36384439359267734 0.03353658536585366 0.029748283752860413
0 0.6928353658536586 0.34610983981693366 0.026676829268292682 0.02459954233409611
0 0.40777439024390244 0.5655034324942791 0.03353658536585366 0.032036613272311214
0 0.39291158536585363 0.5460526315789473 0.03277439024390244 0.030892448512585814
0 0.36890243902439024 0.41962242562929064 0.035823170731707314 0.033752860411899316
0 0.3631859756097561 0.35183066361556065 0.02972560975609756 0.02803203661327231
0 0.3471798780487805 0.44250572082379863 0.03048780487804878 0.02917620137299771
0 0.13986280487804878 0.488558352402746 0.027439024390243903 0.02574370709382151
0 0.15358231707317074 0.49513729977116705 0.023628048780487805 0.02231121281464531
0 0.2961128048780488 0.2651601830663616 0.03125 0.028604118993135013
0 0.3559451219512195 0.25600686498855835 0.036585365853658534 0.03318077803203661
0 0.3601371951219512 0.28604118993135014 0.03353658536585366 0.03032036613272311
0 0.5289634146341463 0.31721967963386727 0.03201219512195122 0.029748283752860413
0 0.598704268292683 0.3338100686498856 0.042682926829268296 0.041189931350114416
0 0.6120426829268293 0.5077231121281465 0.038109756097560975 0.03546910755148741
0 0.6261432926829268 0.5806636155606407 0.04344512195121951 0.04061784897025172
0 0.7964939024390244 0.6498855835240275 0.03277439024390244 0.03032036613272311
0 0.7096036585365854 0.6556064073226545 0.02972560975609756 0.02745995423340961
0 0.6425304878048781 0.6367276887871853 0.028963414634146343 0.02688787185354691
0 0.53125 0.7497139588100686 0.0350609756097561 0.03260869565217391
0 0.29573170731707316 0.6681922196796338 0.03353658536585366 0.031464530892448515
0 0.30564024390243905 0.7122425629290617 0.03201219512195122 0.029748283752860413
0 0.2915396341463415 0.7205377574370709 0.03201219512195122 0.029748283752860413
0 0.16120426829268292 0.3326659038901602 0.02972560975609756 0.02631578947368421
0 0.10060975609756098 0.36613272311212813 0.03429878048780488 0.030892448512585814
0 0.1482469512195122 0.631578947368421 0.028201219512195123 0.02631578947368421
0 0.07583841463414634 0.7651601830663616 0.037347560975609755 0.033752860411899316
0 0.19474085365853658 0.7454233409610984 0.04496951219512195 0.04233409610983982