0 0.6405529953917051 0.6647465437788018 0.04838709677419355 0.03686635944700461
0 0.48310291858678955 0.6782834101382489 0.06682027649769585 0.04723502304147465
0 0.488863287250384 0.6895161290322581 0.042242703533026116 0.02880184331797235
0 0.4754224270353303 0.6638824884792627 0.04377880184331797 0.03398617511520737
0 0.14746543778801843 0.38911290322580644 0.0314900153609831 0.022465437788018433
0 0.21466973886328725 0.4009216589861751 0.0314900153609831 0.02534562211981567
0 0.1639784946236559 0.5069124423963134 0.03456221198156682 0.028225806451612902
0 0.097926267281106 0.3248847926267281 0.05069124423963134 0.03456221198156682
0 0.7430875576036866 0.8467741935483871 0.041474654377880185 0.03456221198156682
0 0.9112903225806451 0.396889400921659 0.053763440860215055 0.032834101382488476
0 0.9619815668202765 0.18289170506912442 0.042242703533026116 0.03225806451612903
0 0.988863287250384 0.17684331797235023 0.02227342549923195 0.03341013824884793
0 0.9715821812596006 0.22955069124423963 0.041474654377880185 0.027649769585253458
0 0.9861751152073732 0.25921658986175117 0.027649769585253458 0.03456221198156682
0 0.8360215053763441 0.20852534562211983 0.04838709677419355 0.03225806451612903
0 0.7584485407066052 0.2661290322580645 0.0445468509984639 0.032834101382488476
0 0.9166666666666666 0.16129032258064516 0.03379416282642089 0.026497695852534562
0 0.8982334869431644 0.10800691244239631 0.0445468509984639 0.03341013824884793
0 0.9324116743471582 0.10397465437788019 0.03533026113671275 0.028225806451612902
0 0.9262672811059908 0.1313364055299539 0.03763440860215054 0.028225806451612902
0 0.9754224270353302 0.11952764976958526 0.040706605222734255 0.03398617511520737
0 0.7377112135176651 0.11491935483870967 0.043010752688172046 0.03052995391705069
0 0.6881720430107527 0.1480414746543779 0.047619047619047616 0.03513824884792627
0 0.7331029185867896 0.14112903225806453 0.04531490015360983 0.03571428571428571
0 0.7269585253456221 0.1350806451612903 0.03609831029185868 0.025921658986175114
0 0.6274961597542242 0.14170506912442396 0.03763440860215054 0.03052995391705069
0 0.6255760368663594 0.11722350230414746 0.03533026113671275 0.026497695852534562
0 0.6505376344086021 0.12701612903225806 0.03533026113671275 0.0293778801843318
0 0.6378648233486943 0.13076036866359447 0.05913978494623656 0.048963133640553
0 0.4969278033794163 0.12154377880184332 0.03917050691244239 0.03052995391705069
0 0.6658986175115207 0.02044930875576037 0.043010752688172046 0.02534562211981567
0 0.49615975422427033 0.014112903225806451 0.03840245775729647 0.028225806451612902
0 0.25806451612903225 0.023329493087557603 0.04992319508448541 0.03744239631336405
0 0.2519201228878648 0.012672811059907835 0.03533026113671275 0.02534562211981567
0 0.24500768049155147 0.03513824884792627 0.04915514592933948 0.03341013824884793
0 0.1009984639016897 0.07546082949308756 0.04377880184331797 0.03341013824884793
0 0.17511520737327188 0.10455069124423963 0.04915514592933948 0.03686635944700461
0 0.33640552995391704 0.15725806451612903 0.040706605222734255 0.028225806451612902
0 0.11712749615975422 0.1811635944700461 0.041474654377880185 0.03110599078341014
0 0.17972350230414746 0.2252304147465438 0.05069124423963134 0.03341013824884793
0 0.07411674347158217 0.02793778801843318 0.04531490015360983 0.03398617511520737
0 0.04992319508448541 0.5913018433179723 0.03225806451612903 0.03225806451612903
0 0.10906298003072197 0.5918778801843319 0.03917050691244239 0.03110599078341014
0 0.1923963133640553 0.8168202764976958 0.03763440860215054 0.03052995391705069