0 0.5347334410339257 0.7836363636363637 0.03150242326332795 0.03212121212121212
0 0.37318255250403876 0.753030303030303 0.02988691437802908 0.03272727272727273
0 0.4123586429725363 0.8536363636363636 0.0210016155088853 0.020606060606060607
0 0.6126817447495961 0.8042424242424242 0.023424878836833602 0.024242424242424242
0 0.5157512116316639 0.7924242424242425 0.024232633279483037 0.02484848484848485
0 0.5125201938610663 0.7227272727272728 0.024232633279483037 0.025454545454545455
0 0.4115508885298869 0.813030303030303 0.034733441033925685 0.038181818181818185
0 0.4765751211631664 0.5175757575757576 0.036348949919224556 0.03636363636363636
0 0.4418416801292407 0.4093939393939394 0.03231017770597738 0.03272727272727273
0 0.4806138933764136 0.44727272727272727 0.035541195476575124 0.03515151515151515
0 0.37479806138933763 0.46424242424242423 0.035541195476575124 0.03515151515151515
0 0.39781906300484654 0.47333333333333333 0.024232633279483037 0.025454545454545455
0 0.40306946688206785 0.3990909090909091 0.03231017770597738 0.03515151515151515
0 0.32673667205169626 0.3887878787878788 0.025040387722132473 0.028484848484848484
0 0.5020193861066236 0.36818181818181817 0.025040387722132473 0.026060606060606062
0 0.5383683360258481 0.4312121212121212 0.024232633279483037 0.024242424242424242
0 0.5088852988691438 0.32636363636363636 0.03231017770597738 0.034545454545454546
0 0.4789983844911147 0.3378787878787879 0.033925686591276254 0.03575757575757576
0 0.47495961227786754 0.36303030303030304 0.02665589660743134 0.02727272727272727
0 0.537156704361874 0.4124242424242424 0.02665589660743134 0.02727272727272727
0 0.5032310177705978 0.2512121212121212 0.02665589660743134 0.027878787878787878
0 0.42205169628432954 0.16363636363636364 0.02827140549273021 0.02909090909090909
0 0.3921647819063005 0.1890909090909091 0.021809369951534735 0.02303030303030303
0 0.3945880452342488 0.1596969696969697 0.02988691437802908 0.03151515151515152
0 0.4325525040387722 0.14636363636363636 0.023424878836833602 0.02484848484848485
0 0.5617932148626817 0.13363636363636364 0.033925686591276254 0.03575757575757576
0 0.6344911147011308 0.12545454545454546 0.025848142164781908 0.02666666666666667
0 0.4931340872374798 0.1506060606060606 0.024232633279483037 0.02484848484848485
0 0.3340064620355412 0.20787878787878789 0.029079159935379646 0.030303030303030304
0 0.34773828756058156 0.20303030303030303 0.029079159935379646 0.029696969696969697
0 0.3546042003231018 0.18666666666666668 0.021809369951534735 0.02181818181818182
0 0.38812600969305333 0.31575757575757574 0.02988691437802908 0.02909090909090909
0 0.3323909531502423 0.33575757575757575 0.033117932148626815 0.03393939393939394
0 0.3315831987075929 0.28484848484848485 0.025040387722132473 0.02666666666666667
0 0.23424878836833601 0.32545454545454544 0.03150242326332795 0.03393939393939394
0 0.25363489499192243 0.36393939393939395 0.02988691437802908 0.03090909090909091
0 0.2431340872374798 0.4124242424242424 0.02665589660743134 0.027878787878787878
0 0.20476575121163165 0.3406060606060606 0.023424878836833602 0.025454545454545455
0 0.20234248788368336 0.3575757575757576 0.02827140549273021 0.03090909090909091
0 0.1962843295638126 0.35454545454545455 0.025848142164781908 0.02666666666666667
0 0.17124394184168013 0.42727272727272725 0.02827140549273021 0.02909090909090909
0 0.15145395799676897 0.45181818181818184 0.024232633279483037 0.024242424242424242
0 0.12479806138933765 0.36757575757575756 0.023424878836833602 0.02484848484848485
0 0.09491114701130857 0.4721212121212121 0.025040387722132473 0.025454545454545455
0 0.061793214862681745 0.47363636363636363 0.021809369951534735 0.02303030303030303
0 0.07269789983844911 0.5233333333333333 0.02827140549273021 0.029696969696969697
0 0.016962843295638127 0.4496969696969697 0.03150242326332795 0.03333333333333333
0 0.008481421647819063 0.47424242424242424 0.016962843295638127 0.029696969696969697
0 0.05735056542810985 0.6493939393939394 0.029079159935379646 0.029696969696969697
0 0.10218093699515347 0.6521212121212121 0.024232633279483037 0.02484848484848485
0 0.03231017770597738 0.5809090909090909 0.020193861066235864 0.022424242424242423
0 0.04240710823909531 0.5781818181818181 0.021809369951534735 0.025454545454545455
0 0.05492730210016155 0.5696969696969697 0.029079159935379646 0.03090909090909091
0 0.12722132471728595 0.6233333333333333 0.023424878836833602 0.026060606060606062
0 0.0630048465266559 0.5472727272727272 0.025040387722132473 0.023636363636363636
0 0.17245557350565427 0.7306060606060606 0.025040387722132473 0.02666666666666667
0 0.19668820678513732 0.7054545454545454 0.025040387722132473 0.028484848484848484
0 0.2588852988691438 0.7263636363636363 0.029079159935379646 0.029696969696969697
0 0.22132471728594508 0.6687878787878788 0.027463651050080775 0.029696969696969697
0 0.24192245557350567 0.7054545454545454 0.024232633279483037 0.02484848484848485
0 0.2617124394184168 0.8684848484848485 0.025040387722132473 0.028484848484848484
0 0.2835218093699515 0.8906060606060606 0.030694668820678513 0.03272727272727273
0 0.25848142164781907 0.8109090909090909 0.025040387722132473 0.02666666666666667
0 0.1825525040387722 0.9193939393939394 0.02988691437802908 0.034545454545454546
0 0.5872374798061389 0.6924242424242424 0.033925686591276254 0.03636363636363636
0 0.7217285945072698 0.5703030303030303 0.029079159935379646 0.03272727272727273
0 0.8574313408723748 0.67 0.021809369951534735 0.02303030303030303
0 0.8570274636510501 0.6527272727272727 0.025040387722132473 0.026060606060606062
0 0.7374798061389337 0.7457575757575757 0.015347334410339256 0.01575757575757576
0 0.7269789983844911 0.7509090909090909 0.018578352180936994 0.018787878787878787
0 0.654281098546042 0.7718181818181818 0.0210016155088853 0.02181818181818182
0 0.40306946688206785 0.8457575757575757 0.025040387722132473 0.02181818181818182
0 0.2382875605815832 0.9636363636363636 0.023424878836833602 0.022424242424242423