0 0.673828125 0.58251953125 0.037760416666666664 0.02880859375
0 0.5423177083333334 0.6025390625 0.052734375 0.03662109375
0 0.5481770833333334 0.61181640625 0.033203125 0.0224609375
0 0.5345052083333334 0.5908203125 0.033854166666666664 0.02685546875
0 0.23046875 0.376953125 0.024739583333333332 0.017578125
0 0.2884114583333333 0.38330078125 0.024739583333333332 0.02001953125
0 0.255859375 0.4755859375 0.026692708333333332 0.0224609375
0 0.18229166666666666 0.32568359375 0.039713541666666664 0.02685546875
0 0.026692708333333332 0.41015625 0.026692708333333332 0.0244140625
0 0.054036458333333336 0.4248046875 0.031901041666666664 0.0263671875
0 0.044270833333333336 0.6953125 0.030598958333333332 0.03125
0 0.4596354166666667 0.95849609375 0.034505208333333336 0.02783203125
0 0.7786458333333334 0.73046875 0.031901041666666664 0.02734375
0 0.9811197916666666 0.3720703125 0.031901041666666664 0.02587890625
0 0.8763020833333334 0.34130859375 0.04296875 0.02490234375
0 0.9596354166666666 0.294921875 0.026692708333333332 0.02783203125
0 0.8977864583333334 0.15771484375 0.033203125 0.025390625
0 0.9303385416666666 0.15087890625 0.036458333333333336 0.02587890625
0 0.9108072916666666 0.19677734375 0.032552083333333336 0.021484375
0 0.9348958333333334 0.22021484375 0.038411458333333336 0.02685546875
0 0.7942708333333334 0.1865234375 0.038411458333333336 0.02490234375
0 0.734375 0.2392578125 0.03515625 0.025390625
0 0.857421875 0.14208984375 0.026041666666666668 0.02099609375
0 0.8365885416666666 0.09814453125 0.034505208333333336 0.0263671875
0 0.865234375 0.0927734375 0.02734375 0.0224609375
0 0.8626302083333334 0.1162109375 0.029296875 0.02197265625
0 0.9029947916666666 0.103515625 0.03125 0.02685546875
0 0.7018229166666666 0.11279296875 0.033854166666666664 0.02392578125
0 0.6634114583333334 0.1435546875 0.037109375 0.02734375
0 0.7005208333333334 0.13525390625 0.03515625 0.0283203125
0 0.6946614583333334 0.13037109375 0.028645833333333332 0.02001953125
0 0.611328125 0.1416015625 0.029296875 0.02392578125
0 0.607421875 0.12109375 0.02734375 0.02099609375
0 0.6295572916666666 0.1279296875 0.02734375 0.0234375
0 0.619140625 0.1318359375 0.045572916666666664 0.03857421875
0 0.4993489583333333 0.1318359375 0.030598958333333332 0.02392578125
0 0.6321614583333334 0.0361328125 0.034505208333333336 0.021484375
0 0.48828125 0.0400390625 0.029947916666666668 0.0244140625
0 0.2877604166666667 0.06201171875 0.0390625 0.029296875
0 0.28125 0.0517578125 0.02734375 0.0234375
0 0.2779947916666667 0.07275390625 0.0390625 0.02587890625
0 0.16015625 0.11474609375 0.033854166666666664 0.0263671875
0 0.22591145833333334 0.13525390625 0.038411458333333336 0.02880859375
0 0.3671875 0.1708984375 0.031901041666666664 0.02197265625
0 0.18424479166666666 0.203125 0.032552083333333336 0.0244140625
0 0.24153645833333334 0.23681640625 0.040364583333333336 0.02587890625
0 0.10221354166666667 0.1396484375 0.033203125 0.0224609375
0 0.13216145833333334 0.076171875 0.036458333333333336 0.0263671875
0 0.16796875 0.55322265625 0.024739583333333332 0.02587890625
0 0.21809895833333334 0.55029296875 0.030598958333333332 0.0244140625
0 0.310546875 0.73583984375 0.029296875 0.02392578125