0 0.6290087463556852 0.5480874316939891 0.03134110787172012 0.020765027322404372
0 0.5393586005830904 0.7147540983606557 0.027696793002915453 0.021311475409836064
0 0.6669096209912536 0.6475409836065574 0.03206997084548105 0.020765027322404372
0 0.6144314868804664 0.8431693989071039 0.03498542274052478 0.02622950819672131
0 0.39067055393586003 0.846448087431694 0.030612244897959183 0.025136612021857924
0 0.4176384839650146 0.8256830601092896 0.02696793002915452 0.022950819672131147
0 0.4322157434402332 0.8704918032786885 0.03134110787172012 0.022404371584699455
0 0.36588921282798836 0.8191256830601092 0.027696793002915453 0.01912568306010929
0 0.2033527696793003 0.7857923497267759 0.02040816326530612 0.013114754098360656
0 0.20481049562682216 0.8038251366120218 0.027696793002915453 0.015300546448087432
0 0.26676384839650147 0.8240437158469945 0.02040816326530612 0.01639344262295082
0 0.27405247813411077 0.8415300546448088 0.025510204081632654 0.016939890710382512
0 0.3010204081632653 0.8672131147540983 0.029154518950437316 0.022404371584699455
0 0.14650145772594753 0.7907103825136612 0.023323615160349854 0.021311475409836064
0 0.08017492711370262 0.6710382513661202 0.029154518950437316 0.022404371584699455
0 0.1588921282798834 0.578688524590164 0.018950437317784258 0.01639344262295082
0 0.11734693877551021 0.46885245901639344 0.02478134110787172 0.018032786885245903
0 0.35058309037900875 0.5311475409836065 0.026239067055393587 0.019672131147540985
0 0.47667638483965014 0.5224043715846994 0.02259475218658892 0.017486338797814208
0 0.4613702623906705 0.4459016393442623 0.02988338192419825 0.020765027322404372
0 0.3848396501457726 0.3830601092896175 0.02259475218658892 0.017486338797814208
0 0.37973760932944606 0.34918032786885245 0.025510204081632654 0.015846994535519125
0 0.43658892128279886 0.2540983606557377 0.023323615160349854 0.018032786885245903
0 0.4198250728862974 0.2677595628415301 0.023323615160349854 0.018579234972677595
0 0.32142857142857145 0.24262295081967214 0.027696793002915453 0.014754098360655738
0 0.2747813411078717 0.27759562841530055 0.021137026239067054 0.015300546448087432
0 0.2725947521865889 0.21693989071038253 0.01967930029154519 0.018579234972677595
0 0.23104956268221574 0.2273224043715847 0.02988338192419825 0.01912568306010929
0 0.17857142857142858 0.20273224043715846 0.02259475218658892 0.017486338797814208
0 0.13119533527696792 0.17814207650273223 0.026239067055393587 0.019672131147540985
0 0.22959183673469388 0.17158469945355193 0.033527696793002916 0.02185792349726776
0 0.32142857142857145 0.16612021857923498 0.025510204081632654 0.018032786885245903
0 0.2886297376093295 0.18032786885245902 0.025510204081632654 0.020765027322404372
0 0.35276967930029157 0.21967213114754097 0.02478134110787172 0.018579234972677595
0 0.5612244897959183 0.15683060109289618 0.02696793002915452 0.016939890710382512
0 0.49416909620991256 0.1431693989071038 0.024052478134110787 0.015846994535519125
0 0.49927113702623904 0.23005464480874316 0.02259475218658892 0.022950819672131147
0 0.5204081632653061 0.22568306010928962 0.021137026239067054 0.01639344262295082
0 0.5597667638483965 0.25081967213114753 0.02259475218658892 0.018579234972677595
0 0.4161807580174927 0.1819672131147541 0.02988338192419825 0.02185792349726776
0 0.5787172011661808 0.22459016393442624 0.028425655976676383 0.025136612021857924
0 0.5838192419825073 0.21366120218579235 0.018221574344023325 0.015300546448087432
0 0.47594752186588923 0.2715846994535519 0.016763848396501458 0.014754098360655738
0 0.49489795918367346 0.28852459016393445 0.02259475218658892 0.01639344262295082
0 0.4978134110787172 0.3218579234972678 0.02696793002915452 0.020218579234972677
0 0.5298833819241983 0.32349726775956283 0.01967930029154519 0.018579234972677595
0 0.5364431486880467 0.3519125683060109 0.021865889212827987 0.016939890710382512
0 0.576530612244898 0.3437158469945355 0.018950437317784258 0.016939890710382512
0 0.2791545189504373 0.3524590163934426 0.02696793002915452 0.018579234972677595
0 0.2660349854227405 0.4081967213114754 0.02040816326530612 0.01639344262295082
0 0.12755102040816327 0.3120218579234973 0.026239067055393587 0.02185792349726776
0 0.13192419825072887 0.2633879781420765 0.02478134110787172 0.016939890710382512
0 0.17711370262390672 0.2185792349726776 0.018950437317784258 0.014754098360655738
0 0.6938775510204082 0.45737704918032784 0.024052478134110787 0.017486338797814208
0 0.6268221574344023 0.47978142076502733 0.02478134110787172 0.01639344262295082
0 0.7033527696793003 0.4814207650273224 0.025510204081632654 0.018579234972677595
0 0.6967930029154519 0.5584699453551912 0.02478134110787172 0.01912568306010929
0 0.6479591836734694 0.5781420765027322 0.026239067055393587 0.014207650273224045
0 0.608600583090379 0.5562841530054645 0.02478134110787172 0.014754098360655738
0 0.6144314868804664 0.571584699453552 0.021865889212827987 0.01366120218579235
0 0.5991253644314869 0.5841530054644809 0.028425655976676383 0.016939890710382512
0 0.5094752186588921 0.5830601092896175 0.023323615160349854 0.018032786885245903
0 0.4897959183673469 0.6027322404371585 0.03279883381924198 0.020218579234972677
0 0.41253644314868804 0.573224043715847 0.02040816326530612 0.013114754098360656
0 0.4329446064139942 0.5387978142076503 0.029154518950437316 0.024043715846994537
0 0.27113702623906705 0.5633879781420765 0.024052478134110787 0.01639344262295082
0 0.27769679300291544 0.594535519125683 0.02696793002915452 0.018579234972677595
0 0.2543731778425656 0.5540983606557377 0.02259475218658892 0.01366120218579235
0 0.28352769679300294 0.6404371584699453 0.02259475218658892 0.014754098360655738
0 0.48542274052478135 0.6672131147540984 0.028425655976676383 0.019672131147540985
0 0.8119533527696793 0.646448087431694 0.03206997084548105 0.019672131147540985
0 0.8236151603498543 0.6688524590163935 0.03644314868804665 0.019672131147540985
0 0.8775510204081632 0.6508196721311476 0.02478134110787172 0.017486338797814208
0 0.869533527696793 0.6814207650273224 0.02478134110787172 0.017486338797814208
0 0.89067055393586 0.6207650273224044 0.03279883381924198 0.021311475409836064
0 0.8986880466472303 0.6398907103825137 0.027696793002915453 0.020218579234972677
0 0.782798833819242 0.807103825136612 0.027696793002915453 0.016939890710382512
0 0.7310495626822158 0.7819672131147541 0.02040816326530612 0.022404371584699455
0 0.8097667638483965 0.8306010928961749 0.018221574344023325 0.018032786885245903
0 0.5962099125364432 0.7672131147540984 0.028425655976676383 0.018032786885245903
0 0.576530612244898 0.7300546448087432 0.02259475218658892 0.018032786885245903
0 0.5677842565597667 0.8098360655737705 0.02696793002915452 0.01912568306010929
0 0.5072886297376094 0.846448087431694 0.028425655976676383 0.019672131147540985
0 0.38556851311953355 0.7442622950819672 0.02478134110787172 0.01912568306010929
0 0.2747813411078717 0.7218579234972677 0.02696793002915452 0.022404371584699455
0 0.22886297376093295 0.8213114754098361 0.024052478134110787 0.018032786885245903
0 0.3360058309037901 0.8579234972677595 0.02478134110787172 0.020218579234972677
0 0.21720116618075802 0.8825136612021858 0.02259475218658892 0.016939890710382512
0 0.1239067055393586 0.8546448087431694 0.024052478134110787 0.014754098360655738
0 0.10349854227405247 0.8644808743169399 0.021137026239067054 0.015846994535519125
0 0.09329446064139942 0.8945355191256831 0.025510204081632654 0.016939890710382512
0 0.1989795918367347 0.9551912568306011 0.024052478134110787 0.020218579234972677
0 0.19606413994169097 0.9185792349726776 0.027696793002915453 0.016939890710382512
0 0.33819241982507287 0.933879781420765 0.023323615160349854 0.017486338797814208
0 0.3206997084548105 0.985792349726776 0.025510204081632654 0.018579234972677595
0 0.28753644314868804 0.9937158469945355 0.02259475218658892 0.012568306010928962
0 0.36370262390670555 0.973224043715847 0.024052478134110787 0.018032786885245903
0 0.4030612244897959 0.9743169398907103 0.02988338192419825 0.021311475409836064
0 0.5189504373177842 0.9579234972677596 0.03279883381924198 0.02185792349726776
0 0.543731778425656 0.9710382513661202 0.025510204081632654 0.016939890710382512
0 0.7397959183673469 0.9245901639344263 0.021865889212827987 0.013114754098360656
0 0.7055393586005831 0.9327868852459016 0.021137026239067054 0.014207650273224045
0 0.6603498542274052 0.9355191256830601 0.02478134110787172 0.015300546448087432
0 0.7026239067055393 0.9967213114754099 0.021865889212827987 0.006557377049180328
0 0.7332361516034985 0.9890710382513661 0.025510204081632654 0.020218579234972677
0 0.9088921282798834 0.8912568306010928 0.026239067055393587 0.016939890710382512
0 0.9059766763848397 0.9229508196721311 0.03206997084548105 0.017486338797814208
0 0.7769679300291545 0.9349726775956284 0.027696793002915453 0.018579234972677595
0 0.2325072886297376 0.9546448087431694 0.021137026239067054 0.017486338797814208