0 0.3307291666666667 0.68408203125 0.032552083333333336 0.0283203125
0 0.3938802083333333 0.708984375 0.030598958333333332 0.029296875
0 0.158203125 0.67919921875 0.029947916666666668 0.02294921875
0 0.15885416666666666 0.72119140625 0.032552083333333336 0.02587890625
0 0.138671875 0.71142578125 0.027994791666666668 0.0234375
0 0.15234375 0.71337890625 0.044270833333333336 0.03369140625
0 0.14127604166666666 0.63671875 0.025390625 0.02197265625
0 0.12044270833333333 0.57470703125 0.029947916666666668 0.0283203125
0 0.14388020833333334 0.48681640625 0.030598958333333332 0.02587890625
0 0.13411458333333334 0.5166015625 0.02734375 0.0263671875
0 0.154296875 0.3974609375 0.026692708333333332 0.0234375
0 0.14908854166666666 0.4169921875 0.024739583333333332 0.0224609375
0 0.3209635416666667 0.41845703125 0.033854166666666664 0.02587890625
0 0.22395833333333334 0.40185546875 0.02734375 0.0244140625
0 0.19596354166666666 0.2685546875 0.024739583333333332 0.0244140625
0 0.3203125 0.27099609375 0.026692708333333332 0.0224609375
0 0.314453125 0.29296875 0.029947916666666668 0.0263671875
0 0.26171875 0.2744140625 0.02734375 0.0244140625
0 0.19986979166666666 0.23828125 0.030598958333333332 0.0302734375
0 0.203125 0.23193359375 0.029296875 0.0263671875
0 0.25390625 0.16845703125 0.031901041666666664 0.02685546875
0 0.2630208333333333 0.16259765625 0.02734375 0.0205078125
0 0.24609375 0.171875 0.026692708333333332 0.02294921875
0 0.3430989583333333 0.12060546875 0.032552083333333336 0.02734375
0 0.283203125 0.11865234375 0.027994791666666668 0.0263671875
0 0.3287760416666667 0.10498046875 0.025390625 0.02001953125
0 0.44921875 0.130859375 0.03515625 0.02587890625
0 0.3756510416666667 0.15966796875 0.02734375 0.0224609375
0 0.451171875 0.25048828125 0.028645833333333332 0.0224609375
0 0.501953125 0.140625 0.026041666666666668 0.01953125
0 0.4856770833333333 0.1494140625 0.026041666666666668 0.01708984375
0 0.4908854166666667 0.16259765625 0.020833333333333332 0.015625
0 0.478515625 0.16552734375 0.017578125 0.01513671875
0 0.5436197916666666 0.14013671875 0.024739583333333332 0.0185546875
0 0.552734375 0.17041015625 0.031901041666666664 0.02490234375
0 0.556640625 0.19287109375 0.029947916666666668 0.0234375
0 0.5286458333333334 0.21875 0.029947916666666668 0.0263671875
0 0.6516927083333334 0.1943359375 0.028645833333333332 0.02587890625
0 0.654296875 0.18701171875 0.02734375 0.02490234375
0 0.6263020833333334 0.20166015625 0.03125 0.02099609375
0 0.6907552083333334 0.24609375 0.02734375 0.0205078125
0 0.5989583333333334 0.25341796875 0.03125 0.0283203125
0 0.7037760416666666 0.1630859375 0.0234375 0.01611328125
0 0.6920572916666666 0.18505859375 0.037760416666666664 0.02783203125
0 0.712890625 0.1884765625 0.029947916666666668 0.0244140625
0 0.7018229166666666 0.18896484375 0.016927083333333332 0.02587890625
0 0.7610677083333334 0.2724609375 0.0234375 0.0205078125
0 0.7571614583333334 0.287109375 0.026692708333333332 0.0234375
0 0.7200520833333334 0.30078125 0.026692708333333332 0.02197265625
0 0.791015625 0.33251953125 0.027994791666666668 0.02587890625
0 0.6979166666666666 0.3720703125 0.02734375 0.02294921875
0 0.876953125 0.359375 0.020182291666666668 0.0205078125
0 0.8216145833333334 0.28466796875 0.029947916666666668 0.01953125
0 0.8255208333333334 0.3876953125 0.018880208333333332 0.0166015625
0 0.7688802083333334 0.396484375 0.029947916666666668 0.0224609375
0 0.7845052083333334 0.50244140625 0.024739583333333332 0.0205078125
0 0.7408854166666666 0.50439453125 0.026041666666666668 0.02392578125
0 0.7591145833333334 0.55078125 0.025390625 0.02490234375
0 0.8326822916666666 0.64501953125 0.028645833333333332 0.0244140625
0 0.712890625 0.72998046875 0.031901041666666664 0.0244140625
0 0.6341145833333334 0.8154296875 0.0234375 0.021484375
0 0.7747395833333334 0.78955078125 0.026692708333333332 0.0224609375
0 0.4479166666666667 0.80078125 0.029296875 0.02294921875
0 0.3763020833333333 0.79150390625 0.024088541666666668 0.0224609375
0 0.4713541666666667 0.74560546875 0.029947916666666668 0.0224609375
0 0.5162760416666666 0.7490234375 0.029296875 0.0224609375
0 0.5494791666666666 0.71337890625 0.02734375 0.0244140625
0 0.529296875 0.50146484375 0.028645833333333332 0.02490234375
0 0.5188802083333334 0.52490234375 0.029296875 0.02587890625
0 0.4895833333333333 0.53955078125 0.029947916666666668 0.02587890625
0 0.513671875 0.423828125 0.025390625 0.0224609375
0 0.4798177083333333 0.197265625 0.0234375 0.02197265625
0 0.4485677083333333 0.26953125 0.0234375 0.0244140625
0 0.4127604166666667 0.28125 0.026692708333333332 0.0224609375
0 0.4192708333333333 0.30908203125 0.02734375 0.02197265625
0 0.412109375 0.32373046875 0.024739583333333332 0.0205078125
0 0.3990885416666667 0.3203125 0.020182291666666668 0.01904296875
0 0.24739583333333334 0.328125 0.022786458333333332 0.02099609375
0 0.2740885416666667 0.373046875 0.024739583333333332 0.021484375
0 0.2643229166666667 0.40966796875 0.024739583333333332 0.02294921875
0 0.3626302083333333 0.3447265625 0.014973958333333334 0.0234375
0 0.306640625 0.201171875 0.024739583333333332 0.02099609375
0 0.4049479166666667 0.185546875 0.024739583333333332 0.02099609375
0 0.443359375 0.69873046875 0.029947916666666668 0.0244140625
0 0.4147135416666667 0.654296875 0.021484375 0.01953125
0 0.3873697916666667 0.64453125 0.033854166666666664 0.02783203125
0 0.478515625 0.7861328125 0.02734375 0.02294921875
0 0.50390625 0.7744140625 0.02734375 0.0224609375
0 0.22265625 0.798828125 0.024739583333333332 0.0205078125
0 0.09309895833333333 0.76611328125 0.022135416666666668 0.01904296875
0 0.10026041666666667 0.6904296875 0.033203125 0.02587890625
0 0.09375 0.65576171875 0.022786458333333332 0.02001953125