0 0.631560773480663 0.682712215320911 0.03038674033149171 0.028985507246376812
0 0.48998618784530384 0.6695134575569358 0.029696132596685083 0.029503105590062112
0 0.537292817679558 0.7518115942028986 0.020718232044198894 0.018633540372670808
0 0.7002762430939227 0.6943581780538303 0.022790055248618785 0.022256728778467908
0 0.6163674033149171 0.6917701863354038 0.023480662983425413 0.022256728778467908
0 0.6039364640883977 0.6327639751552795 0.023480662983425413 0.022774327122153208
0 0.5307320441988951 0.7171325051759835 0.03383977900552486 0.034161490683229816
0 0.544889502762431 0.46195652173913043 0.03522099447513812 0.03260869565217391
0 0.5006906077348067 0.3729296066252588 0.031767955801104975 0.030020703933747412
0 0.5386740331491713 0.4019151138716356 0.034530386740331494 0.03157349896480331
0 0.4513121546961326 0.4244306418219462 0.034530386740331494 0.03157349896480331
0 0.4720303867403315 0.4303830227743271 0.023480662983425413 0.023291925465838508
0 0.4661602209944751 0.3672360248447205 0.031767955801104975 0.03157349896480331
0 0.400207182320442 0.36438923395445133 0.024861878453038673 0.025362318840579712
0 0.5455801104972375 0.3333333333333333 0.024171270718232045 0.023291925465838508
0 0.5852900552486188 0.3837991718426501 0.023480662983425413 0.021739130434782608
0 0.5459254143646409 0.2971014492753623 0.031767955801104975 0.031055900621118012
0 0.5220994475138122 0.30926501035196685 0.03314917127071823 0.03260869565217391
0 0.5224447513812155 0.3310041407867495 0.026243093922651933 0.024327122153209108
0 0.5818370165745856 0.36801242236024845 0.026243093922651933 0.024327122153209108
0 0.5307320441988951 0.23395445134575568 0.026243093922651933 0.024844720496894408
0 0.449585635359116 0.16614906832298137 0.026933701657458564 0.026397515527950312
0 0.4278314917127072 0.18995859213250518 0.021408839779005526 0.020703933747412008
0 0.4257596685082873 0.16485507246376813 0.029005524861878452 0.028467908902691512
0 0.456146408839779 0.15062111801242237 0.022790055248618785 0.022774327122153208
0 0.5638812154696132 0.12991718426501034 0.03314917127071823 0.03260869565217391
0 0.6246546961325967 0.1172360248447205 0.025552486187845305 0.023809523809523808
0 0.5082872928176796 0.14958592132505175 0.023480662983425413 0.022256728778467908
0 0.38087016574585636 0.21040372670807453 0.028314917127071824 0.027432712215320912
0 0.39226519337016574 0.20522774327122154 0.028314917127071824 0.026915113871635612
0 0.39571823204419887 0.19073498964803312 0.021408839779005526 0.020186335403726708
0 0.4419889502762431 0.2976190476190476 0.028314917127071824 0.026397515527950312
0 0.3974447513812155 0.3190993788819876 0.0324585635359116 0.031055900621118012
0 0.38984806629834257 0.275879917184265 0.024861878453038673 0.023809523809523808
0 0.31284530386740333 0.31780538302277433 0.031077348066298343 0.030538302277432712
0 0.33459944751381215 0.349120082815735 0.029005524861878452 0.027950310559006212
0 0.33252762430939226 0.39078674948240166 0.026243093922651933 0.024844720496894408
0 0.28970994475138123 0.33281573498964806 0.022790055248618785 0.023291925465838508
0 0.2900552486187845 0.34782608695652173 0.027624309392265192 0.027950310559006212
0 0.2845303867403315 0.3454968944099379 0.025552486187845305 0.023809523809523808
0 0.27348066298342544 0.4091614906832298 0.026933701657458564 0.026397515527950312
0 0.26001381215469616 0.43167701863354035 0.023480662983425413 0.021739130434782608
0 0.22582872928176795 0.3620600414078675 0.022790055248618785 0.022774327122153208
0 0.21477900552486187 0.4531573498964803 0.024171270718232045 0.022774327122153208
0 0.18680939226519336 0.45703933747412007 0.021408839779005526 0.020703933747412008
0 0.20303867403314918 0.49818840579710144 0.027624309392265192 0.026915113871635612
0 0.09081491712707182 0.46040372670807456 0.026243093922651933 0.024844720496894408
0 0.1457182320441989 0.44021739130434784 0.031077348066298343 0.030020703933747412
0 0.13743093922651933 0.46221532091097306 0.027624309392265192 0.026915113871635612
0 0.11740331491712708 0.47334368530020704 0.021408839779005526 0.020703933747412008
0 0.12016574585635359 0.5212215320910973 0.027624309392265192 0.026915113871635612
0 0.10497237569060773 0.4694616977225673 0.017955801104972375 0.018115942028985508
0 0.20752762430939226 0.6063664596273292 0.028314917127071824 0.026915113871635612
0 0.24585635359116023 0.605072463768116 0.023480662983425413 0.022256728778467908
0 0.17679558011049723 0.5502070393374742 0.019337016574585635 0.020186335403726708
0 0.1850828729281768 0.5471014492753623 0.021408839779005526 0.022774327122153208
0 0.1944060773480663 0.5390786749482401 0.028314917127071824 0.027950310559006212
0 0.2634668508287293 0.5786749482401656 0.023480662983425413 0.023809523809523808
0 0.19820441988950277 0.5191511387163561 0.023480662983425413 0.021221532091097308
0 0.3166436464088398 0.6661490683229814 0.024861878453038673 0.023809523809523808
0 0.3335635359116022 0.6431159420289855 0.024861878453038673 0.025362318840579712
0 0.3891574585635359 0.6557971014492754 0.028314917127071824 0.026915113871635612
0 0.3494475138121547 0.6099896480331263 0.026933701657458564 0.026397515527950312
0 0.3722375690607735 0.6394927536231884 0.023480662983425413 0.022256728778467908
0 0.41125690607734805 0.7761387163561076 0.024861878453038673 0.025362318840579712
0 0.4330110497237569 0.7932194616977226 0.03038674033149171 0.029503105590062112
0 0.4005524861878453 0.7274844720496895 0.024861878453038673 0.023809523809523808
0 0.35151933701657456 0.8253105590062112 0.029696132596685083 0.031055900621118012
0 0.6629834254143646 0.6014492753623188 0.03314917127071823 0.033126293995859216
0 0.7603591160220995 0.48731884057971014 0.029005524861878452 0.029503105590062112
0 0.8895027624309392 0.5610766045548654 0.021408839779005526 0.020703933747412008
0 0.8863950276243094 0.5468426501035196 0.024171270718232045 0.023291925465838508
0 0.7979972375690608 0.6348343685300207 0.015193370165745856 0.013975155279503106
0 0.7897099447513812 0.6400103519668737 0.017955801104972375 0.017080745341614908
0 0.7310082872928176 0.6635610766045549 0.020718232044198894 0.019668737060041408
0 0.5283149171270718 0.7458592132505176 0.024171270718232045 0.019668737060041408
0 0.4050414364640884 0.8584368530020704 0.022790055248618785 0.020186335403726708