0 0.6916436464088398 0.3449792960662526 0.025552486187845305 0.023809523809523808
0 0.7099447513812155 0.4117494824016563 0.026243093922651933 0.027432712215320912
0 0.5545580110497238 0.3392857142857143 0.026933701657458564 0.021221532091097308
0 0.6039364640883977 0.30434782608695654 0.022790055248618785 0.026915113871635612
0 0.6526243093922652 0.2911490683229814 0.020027624309392266 0.025879917184265012
0 0.5576657458563536 0.1793478260869565 0.022099447513812154 0.026397515527950312
0 0.6557320441988951 0.20936853002070394 0.020027624309392266 0.024844720496894408
0 0.5942679558011049 0.25905797101449274 0.017955801104972375 0.019668737060041408
0 0.7289364640883977 0.22593167701863354 0.025552486187845305 0.020703933747412008
0 0.5725138121546961 0.266304347826087 0.016574585635359115 0.018115942028985508
0 0.2430939226519337 0.21247412008281574 0.024861878453038673 0.020186335403726708
0 0.35773480662983426 0.23421325051759834 0.023480662983425413 0.019668737060041408
0 0.3960635359116022 0.14777432712215322 0.020027624309392266 0.023291925465838508
0 0.26312154696132595 0.24663561076604554 0.024171270718232045 0.021221532091097308
0 0.3104281767955801 0.2991718426501035 0.028314917127071824 0.019151138716356108
0 0.3370165745856354 0.3630952380952381 0.021408839779005526 0.015527950310559006
0 0.26933701657458564 0.4083850931677019 0.021408839779005526 0.018115942028985508
0 0.2534530386740331 0.3817287784679089 0.021408839779005526 0.020186335403726708
0 0.32838397790055246 0.45936853002070394 0.027624309392265192 0.021221532091097308
0 0.24412983425414364 0.4560041407867495 0.020718232044198894 0.022256728778467908
0 0.39571823204419887 0.47075569358178054 0.025552486187845305 0.018633540372670808
0 0.356353591160221 0.6200828157349897 0.015883977900552487 0.021221532091097308
0 0.2745165745856354 0.6666666666666666 0.015193370165745856 0.022256728778467908
0 0.19716850828729282 0.7148033126293996 0.020718232044198894 0.021739130434782608
0 0.2596685082872928 0.8682712215320911 0.023480662983425413 0.022256728778467908
0 0.212707182320442 0.9420289855072463 0.017265193370165747 0.016563146997929608
0 0.356353591160221 0.9130434782608695 0.020027624309392266 0.027950310559006212
0 0.5928867403314917 0.9420289855072463 0.021408839779005526 0.027950310559006212
0 0.4910220994475138 0.9135610766045549 0.015883977900552487 0.019151138716356108
0 0.6529696132596685 0.8985507246376812 0.018646408839779006 0.023291925465838508
0 0.5476519337016574 0.9451345755693582 0.014502762430939226 0.021221532091097308
0 0.5555939226519337 0.7903726708074534 0.015883977900552487 0.019668737060041408
0 0.5486878453038674 0.7150621118012422 0.023480662983425413 0.018633540372670808
0 0.6433011049723757 0.5970496894409938 0.022099447513812154 0.017598343685300208
0 0.5193370165745856 0.5139751552795031 0.020718232044198894 0.023291925465838508
0 0.4768646408839779 0.5036231884057971 0.020027624309392266 0.021221532091097308
0 0.49827348066298344 0.5087991718426501 0.022790055248618785 0.023809523809523808
0 0.6229281767955801 0.5139751552795031 0.017955801104972375 0.020186335403726708
0 0.46167127071823205 0.4751552795031056 0.016574585635359115 0.020186335403726708
0 0.5020718232044199 0.42339544513457555 0.015193370165745856 0.019151138716356108
0 0.681975138121547 0.18322981366459629 0.014502762430939226 0.021221532091097308
0 0.6726519337016574 0.20626293995859213 0.018646408839779006 0.025879917184265012
0 0.7551795580110497 0.18814699792960662 0.015883977900552487 0.021221532091097308
0 0.7575966850828729 0.20833333333333334 0.017955801104972375 0.022256728778467908
0 0.8698204419889503 0.31754658385093165 0.019337016574585635 0.022774327122153208
0 0.9040055248618785 0.4195134575569358 0.027624309392265192 0.023291925465838508
0 0.7769337016574586 0.4746376811594203 0.029696132596685083 0.024327122153209108
0 0.8964088397790055 0.4917184265010352 0.022790055248618785 0.020703933747412008
0 0.8836325966850829 0.6746894409937888 0.024861878453038673 0.019668737060041408
0 0.8387430939226519 0.7357660455486542 0.025552486187845305 0.025879917184265012
0 0.8418508287292817 0.8035714285714286 0.019337016574585635 0.024327122153209108
0 0.8850138121546961 0.8964803312629399 0.013812154696132596 0.019151138716356108
0 0.7265193370165746 0.917184265010352 0.014502762430939226 0.020186335403726708
0 0.9057320441988951 0.6777950310559007 0.020718232044198894 0.025362318840579712
0 0.881560773480663 0.24378881987577639 0.017955801104972375 0.021221532091097308
0 0.5089779005524862 0.15579710144927536 0.022099447513812154 0.026397515527950312
0 0.4620165745856354 0.18969979296066253 0.021408839779005526 0.018115942028985508
0 0.5963397790055248 0.5388198757763976 0.031077348066298343 0.021739130434782608
0 0.5597375690607734 0.5491718426501035 0.029696132596685083 0.020186335403726708
0 0.3701657458563536 0.5395962732919255 0.03038674033149171 0.023809523809523808
0 0.27279005524861877 0.5271739130434783 0.026243093922651933 0.018633540372670808
0 0.3891574585635359 0.5675465838509317 0.026933701657458564 0.020186335403726708
0 0.3294198895027624 0.7911490683229814 0.023480662983425413 0.018633540372670808
0 0.3473756906077348 0.7792443064182195 0.019337016574585635 0.016563146997929608
0 0.1132596685082873 0.5711697722567288 0.024171270718232045 0.022256728778467908
0 0.13604972375690608 0.5085403726708074 0.029005524861878452 0.025362318840579712
0 0.18024861878453038 0.5129399585921325 0.026933701657458564 0.022774327122153208
0 0.32320441988950277 0.34937888198757766 0.026933701657458564 0.021221532091097308
0 0.3891574585635359 0.28209109730848864 0.04005524861878453 0.026915113871635612
0 0.637085635359116 0.3159937888198758 0.0324585635359116 0.026397515527950312
0 0.7468922651933702 0.32116977225672877 0.03798342541436464 0.028467908902691512
0 0.9447513812154696 0.16614906832298137 0.028314917127071824 0.020703933747412008
0 0.9005524861878453 0.2562111801242236 0.023480662983425413 0.020703933747412008
0 0.8345994475138122 0.3190993788819876 0.022790055248618785 0.020703933747412008
0 0.9247237569060773 0.4635093167701863 0.027624309392265192 0.025362318840579712
0 0.6719613259668509 0.6806418219461697 0.027624309392265192 0.022774327122153208
0 0.738950276243094 0.6824534161490683 0.026933701657458564 0.021221532091097308
0 0.7417127071823204 0.6990165631469979 0.026933701657458564 0.020703933747412008
0 0.12603591160220995 0.7274844720496895 0.020027624309392266 0.022256728778467908
0 0.13639502762430938 0.7981366459627329 0.024861878453038673 0.025362318840579712
0 0.5328038674033149 0.8209109730848861 0.024861878453038673 0.018115942028985508
0 0.675414364640884 0.9309006211180124 0.028314917127071824 0.026915113871635612
0 0.7178867403314917 0.8046066252587992 0.03867403314917127 0.029503105590062112