0 0.6928822495606327 0.66600790513834 0.05184534270650264 0.039525691699604744
0 0.515817223198594 0.6953227931488801 0.07205623901581722 0.05006587615283267
0 0.5241652021089631 0.7078392621870883 0.04569420035149385 0.030961791831357048
0 0.5052724077328646 0.6798418972332015 0.04657293497363796 0.03689064558629776
0 0.08787346221441125 0.3965744400527009 0.03427065026362039 0.024374176548089592
0 0.1665202108963093 0.4041501976284585 0.03427065026362039 0.02766798418972332
0 0.12521968365553604 0.5293148880105402 0.03690685413005272 0.030961791831357048
0 0.024165202108963092 0.32806324110671936 0.048330404217926184 0.03689064558629776
0 0.8387521968365553 0.863965744400527 0.043936731107205626 0.037549407114624504
0 0.9586994727592267 0.3372859025032938 0.058875219683655534 0.034255599472990776
0 0.9745166959578208 0.08926218708827405 0.03251318101933216 0.03491436100131752
0 0.9850615114235501 0.1419631093544137 0.014059753954305799 0.028985507246376812
0 0.8431458699472759 0.1297760210803689 0.05272407732864675 0.034255599472990776
0 0.7636203866432337 0.20191040843214755 0.048330404217926184 0.03491436100131752
0 0.9266256590509666 0.06884057971014493 0.03602811950790861 0.028985507246376812
0 0.8963093145869947 0.01383399209486166 0.04745166959578207 0.02766798418972332
0 0.9354130052724078 0.008563899868247694 0.037785588752196834 0.017127799736495388
0 0.9327768014059754 0.03392621870882741 0.040421792618629174 0.030303030303030304
0 0.9775922671353251 0.016798418972332016 0.023725834797891036 0.03359683794466403
0 0.7157293497363796 0.03194993412384717 0.04657293497363796 0.03293807641633729
0 0.6647627416520211 0.0741106719367589 0.050966608084358524 0.037549407114624504
0 0.7148506151142355 0.06225296442687747 0.048330404217926184 0.038866930171278
0 0.7069420035149385 0.055994729907773384 0.03954305799648506 0.02766798418972332
0 0.594463971880492 0.07246376811594203 0.040421792618629174 0.03293807641633729
0 0.5887521968365553 0.04479578392621871 0.037785588752196834 0.028985507246376812
0 0.6186291739894552 0.053689064558629776 0.037785588752196834 0.032279314888010543
0 0.6050087873462214 0.05928853754940711 0.06239015817223199 0.052700922266139656
0 0.44332161687170474 0.06126482213438735 0.0421792618629174 0.03293807641633729
0 0.003954305799648506 0.04413702239789196 0.007908611599297012 0.03557312252964427
0 0.07425307557117751 0.07081686429512517 0.05272407732864675 0.039525691699604744
0 0.2662565905096661 0.11627140974967062 0.043936731107205626 0.030303030303030304
0 0.0210896309314587 0.16304347826086957 0.0421792618629174 0.03359683794466403
0 0.0984182776801406 0.2075098814229249 0.05536028119507909 0.03557312252964427
0 0.014499121265377855 0.6350461133069829 0.023725834797891036 0.03491436100131752
0 0.07688927943760984 0.630764163372859 0.0421792618629174 0.03359683794466403
0 0.20738137082601055 0.8794466403162056 0.040421792618629174 0.03293807641633729