0 0.8803353658536586 0.523741418764302 0.03125 0.02459954233409611
0 0.7332317073170732 0.3738558352402746 0.03429878048780488 0.02231121281464531
0 0.8795731707317073 0.3598398169336384 0.019817073170731708 0.017162471395881007
0 0.9576981707317073 0.5926773455377574 0.024390243902439025 0.018306636155606407
0 0.8776676829268293 0.49971395881006864 0.025152439024390245 0.01887871853546911
0 0.7926829268292683 0.5334668192219679 0.025914634146341462 0.01887871853546911
0 0.8311737804878049 0.38100686498855835 0.039634146341463415 0.02517162471395881
0 0.5247713414634146 0.6075514874141876 0.035823170731707314 0.02917620137299771
0 0.37347560975609756 0.6301487414187643 0.03277439024390244 0.02517162471395881
0 0.44435975609756095 0.6495995423340961 0.03353658536585366 0.029748283752860413
0 0.39253048780487804 0.5320366132723112 0.03277439024390244 0.029748283752860413
0 0.4184451219512195 0.5506292906178489 0.026676829268292682 0.018306636155606407
0 0.33384146341463417 0.5958237986270023 0.038109756097560975 0.02345537757437071
0 0.2701981707317073 0.523741418764302 0.02972560975609756 0.018306636155606407
0 0.36509146341463417 0.7151029748283753 0.025152439024390245 0.02002288329519451
0 0.4645579268292683 0.7176773455377574 0.022865853658536585 0.02002288329519451
0 0.31935975609756095 0.744279176201373 0.036585365853658534 0.02459954233409611
0 0.3132621951219512 0.7073798627002288 0.037347560975609755 0.02574370709382151
0 0.3410823170731707 0.6899313501144165 0.025914634146341462 0.021739130434782608
0 0.4420731707317073 0.7274027459954233 0.027439024390243903 0.020594965675057208
0 0.22751524390243902 0.7797482837528604 0.028201219512195123 0.020594965675057208
0 0.06783536585365854 0.743421052631579 0.02972560975609756 0.02116704805491991
0 0.078125 0.698512585812357 0.024390243902439025 0.016590389016018305
0 0.04458841463414634 0.7165331807780321 0.03201219512195122 0.02288329519450801
0 0.055259146341463415 0.7637299771167048 0.026676829268292682 0.017734553775743706
0 0.12728658536585366 0.9024599542334096 0.037347560975609755 0.02517162471395881
0 0.1676829268292683 0.9816933638443935 0.025914634146341462 0.020594965675057208
0 0.1013719512195122 0.8232265446224256 0.024390243902439025 0.01887871853546911
0 0.06021341463414634 0.6281464530892449 0.03048780487804878 0.02231121281464531
0 0.06364329268292683 0.6458810068649885 0.03048780487804878 0.021739130434782608
0 0.04954268292682927 0.6616132723112128 0.022103658536585365 0.017734553775743706
0 0.22484756097560976 0.6255720823798627 0.026676829268292682 0.02459954233409611
0 0.2111280487804878 0.5577803203661327 0.0350609756097561 0.02631578947368421
0 0.14977134146341464 0.584096109839817 0.026676829268292682 0.01887871853546911
0 0.13185975609756098 0.4622425629290618 0.0350609756097561 0.02517162471395881
0 0.19054878048780488 0.46167048054919907 0.03125 0.02288329519450801
0 0.24123475609756098 0.4244851258581236 0.027439024390243903 0.021739130434782608
0 0.12995426829268292 0.4244851258581236 0.027439024390243903 0.017734553775743706
0 0.14786585365853658 0.41189931350114417 0.03277439024390244 0.020594965675057208
0 0.140625 0.4076086956521739 0.025914634146341462 0.02116704805491991
0 0.20998475609756098 0.3423913043478261 0.02972560975609756 0.02116704805491991
0 0.22446646341463414 0.3083524027459954 0.023628048780487805 0.01887871853546911
0 0.10670731707317073 0.32723112128146453 0.025914634146341462 0.018306636155606407
0 0.2107469512195122 0.23941647597254004 0.025152439024390245 0.02002288329519451
0 0.19016768292682926 0.20509153318077802 0.024390243902439025 0.016018306636155607
0 0.25647865853658536 0.1896453089244851 0.02972560975609756 0.020594965675057208
0 0.1055640243902439 0.0929633867276888 0.028201219512195123 0.020594965675057208
0 0.13147865853658536 0.17219679633867277 0.0350609756097561 0.02402745995423341
0 0.15129573170731708 0.1444508009153318 0.03048780487804878 0.020594965675057208
0 0.14672256097560976 0.11298627002288329 0.022103658536585365 0.017734553775743706
0 0.20846036585365854 0.07551487414187644 0.02972560975609756 0.021739130434782608
0 0.13033536585365854 0.10097254004576658 0.021341463414634148 0.014302059496567507
0 0.3948170731707317 0.10469107551487414 0.02972560975609756 0.021739130434782608
0 0.4294969512195122 0.1501716247139588 0.024390243902439025 0.019450800915331808
0 0.29573170731707316 0.11613272311212815 0.025152439024390245 0.013729977116704805
0 0.2999237804878049 0.1284324942791762 0.028963414634146343 0.014302059496567507
0 0.29916158536585363 0.1455949656750572 0.03277439024390244 0.02116704805491991
0 0.41234756097560976 0.19136155606407323 0.028201219512195123 0.016590389016018305
0 0.2782012195121951 0.16676201372997712 0.021341463414634148 0.020594965675057208
0 0.5697408536585366 0.17906178489702518 0.026676829268292682 0.019450800915331808
0 0.5571646341463414 0.21824942791762014 0.03048780487804878 0.017734553775743706
0 0.6234756097560976 0.27088100686498856 0.02972560975609756 0.02231121281464531
0 0.5308689024390244 0.2631578947368421 0.03125 0.02002288329519451
0 0.588795731707317 0.2654462242562929 0.024390243902439025 0.01887871853546911
0 0.7938262195121951 0.19679633867276888 0.02972560975609756 0.01887871853546911
0 0.8353658536585366 0.20709382151029748 0.03353658536585366 0.02345537757437071
0 0.7240853658536586 0.2248283752860412 0.026676829268292682 0.019450800915331808
0 0.8006859756097561 0.08781464530892448 0.037347560975609755 0.021739130434782608
0 0.8083079268292683 0.6272883295194508 0.038109756097560975 0.02517162471395881
0 0.7545731707317073 0.8312356979405034 0.0350609756097561 0.02116704805491991
0 0.9657012195121951 0.9176201372997712 0.024390243902439025 0.016590389016018305
0 0.9455030487804879 0.9262013729977117 0.025914634146341462 0.02002288329519451
0 0.9740853658536586 0.7522883295194508 0.01524390243902439 0.013157894736842105
0 0.9725609756097561 0.738558352402746 0.018292682926829267 0.015446224256292907
0 0.948170731707317 0.6530320366132724 0.022103658536585365 0.017162471395881007
0 0.864329268292683 0.3544050343249428 0.01600609756097561 0.02459954233409611
0 0.8913871951219512 0.1215675057208238 0.019054878048780487 0.020594965675057208