0 0.6588541666666666 0.509765625 0.022135416666666668 0.0224609375
0 0.6223958333333334 0.54833984375 0.024739583333333332 0.0244140625
0 0.6204427083333334 0.4365234375 0.020833333333333332 0.0224609375
0 0.6575520833333334 0.4462890625 0.0234375 0.0224609375
0 0.6809895833333334 0.4658203125 0.022135416666666668 0.0205078125
0 0.7233072916666666 0.36767578125 0.022786458333333332 0.021484375
0 0.734375 0.43115234375 0.021484375 0.02001953125
0 0.68359375 0.42138671875 0.017578125 0.01708984375
0 0.74609375 0.47607421875 0.020182291666666668 0.021484375
0 0.6725260416666666 0.41357421875 0.016276041666666668 0.015625
0 0.6048177083333334 0.220703125 0.020182291666666668 0.02099609375
0 0.6263020833333334 0.28857421875 0.01953125 0.02001953125
0 0.6940104166666666 0.2705078125 0.020182291666666668 0.01953125
0 0.5891927083333334 0.24609375 0.020182291666666668 0.02099609375
0 0.5703125 0.29345703125 0.020182291666666668 0.0224609375
0 0.5377604166666666 0.33544921875 0.015625 0.01708984375
0 0.48828125 0.32080078125 0.017578125 0.01806640625
0 0.5 0.30029296875 0.018880208333333332 0.01904296875
0 0.4739583333333333 0.37353515625 0.021484375 0.0224609375
0 0.4498697916666667 0.3291015625 0.020182291666666668 0.01953125
0 0.4876302083333333 0.41357421875 0.018880208333333332 0.0205078125
0 0.3802083333333333 0.458984375 0.017578125 0.0166015625
0 0.3248697916666667 0.4375 0.018229166666666668 0.0166015625
0 0.2708333333333333 0.4189453125 0.01953125 0.01953125
0 0.19205729166666666 0.51904296875 0.020182291666666668 0.02099609375
0 0.130859375 0.52783203125 0.014973958333333334 0.015625
0 0.193359375 0.58837890625 0.022786458333333332 0.02099609375
0 0.248046875 0.72314453125 0.0234375 0.02197265625
0 0.23502604166666666 0.658203125 0.016927083333333332 0.01611328125
0 0.2942708333333333 0.73486328125 0.01953125 0.0185546875
0 0.23177083333333334 0.701171875 0.017578125 0.015625
0 0.3326822916666667 0.63671875 0.016927083333333332 0.01611328125
0 0.37890625 0.60009765625 0.018229166666666668 0.01953125
0 0.4837239583333333 0.595703125 0.017578125 0.0185546875
0 0.498046875 0.49609375 0.020182291666666668 0.01953125
0 0.4915364583333333 0.46923828125 0.018880208333333332 0.0185546875
0 0.4947916666666667 0.48291015625 0.021484375 0.02099609375
0 0.5299479166666666 0.54931640625 0.017578125 0.01708984375
0 0.5052083333333334 0.44873046875 0.017578125 0.0166015625
0 0.55078125 0.44677734375 0.016276041666666668 0.01513671875
0 0.7591145833333334 0.4326171875 0.017578125 0.01611328125
0 0.7415364583333334 0.4384765625 0.021484375 0.01953125
0 0.7786458333333334 0.47265625 0.017578125 0.0166015625
0 0.7662760416666666 0.48291015625 0.018880208333333332 0.01806640625
0 0.7317708333333334 0.5888671875 0.020182291666666668 0.01904296875
0 0.6770833333333334 0.6513671875 0.022786458333333332 0.0234375
0 0.6028645833333334 0.61083984375 0.0234375 0.0244140625
0 0.62890625 0.6796875 0.01953125 0.02001953125
0 0.5084635416666666 0.75390625 0.01953125 0.0205078125
0 0.455078125 0.7578125 0.0234375 0.0234375
0 0.4127604166666667 0.78955078125 0.020833333333333332 0.01904296875
0 0.3671875 0.8525390625 0.015625 0.0146484375
0 0.3053385416666667 0.7802734375 0.016927083333333332 0.01513671875
0 0.5123697916666666 0.76708984375 0.022135416666666668 0.0205078125
0 0.7819010416666666 0.5625 0.018229166666666668 0.017578125
0 0.7233072916666666 0.33203125 0.022786458333333332 0.02197265625
0 0.6868489583333334 0.32275390625 0.017578125 0.0185546875
0 0.505859375 0.54638671875 0.022135416666666668 0.0244140625
0 0.48828125 0.5322265625 0.021484375 0.0234375
0 0.4361979166666667 0.4306640625 0.0234375 0.025390625
0 0.4140625 0.375 0.01953125 0.02099609375
0 0.423828125 0.45263671875 0.020182291666666668 0.02197265625
0 0.2630208333333333 0.52099609375 0.018229166666666668 0.01953125
0 0.2760416666666667 0.5244140625 0.015625 0.0166015625
0 0.3359375 0.3125 0.020833333333333332 0.021484375
0 0.3834635416666667 0.29638671875 0.024088541666666668 0.02490234375
0 0.39453125 0.32080078125 0.022135416666666668 0.02294921875
0 0.54296875 0.322265625 0.020833333333333332 0.0224609375
0 0.60546875 0.326171875 0.027994791666666668 0.03125
0 0.6608072916666666 0.46875 0.025390625 0.02685546875
0 0.69140625 0.52734375 0.028645833333333332 0.03076171875
0 0.8509114583333334 0.560546875 0.021484375 0.02294921875
0 0.7799479166666666 0.57763671875 0.01953125 0.0205078125
0 0.7194010416666666 0.57177734375 0.01953125 0.02001953125
0 0.6555989583333334 0.681640625 0.0234375 0.0244140625
0 0.4388020833333333 0.64794921875 0.022135416666666668 0.02392578125
0 0.4583333333333333 0.68310546875 0.020833333333333332 0.0224609375
0 0.4485677083333333 0.69189453125 0.020833333333333332 0.0224609375
0 0.24088541666666666 0.38818359375 0.020182291666666668 0.01953125
0 0.19921875 0.4248046875 0.022786458333333332 0.02294921875
0 0.306640625 0.638671875 0.018880208333333332 0.02001953125
0 0.2805989583333333 0.76025390625 0.024739583333333332 0.025390625
0 0.3743489583333333 0.7265625 0.029947916666666668 0.03173828125