0 0.34831081081081083 0.7125126646403243 0.03648648648648649 0.03090172239108409
0 0.41621621621621624 0.7350557244174265 0.03445945945945946 0.031914893617021274
0 0.16925675675675675 0.7168186423505573 0.03310810810810811 0.025329280648429583
0 0.17398648648648649 0.7603850050658562 0.03648648648648649 0.028368794326241134
0 0.15236486486486486 0.7512664640324215 0.031081081081081083 0.025835866261398176
0 0.16655405405405405 0.752532928064843 0.04932432432432433 0.037487335359675786
0 0.14763513513513513 0.6737588652482269 0.02837837837837838 0.0243161094224924
0 0.12027027027027028 0.6106889564336373 0.033783783783783786 0.03090172239108409
0 0.1358108108108108 0.5184903748733536 0.03445945945945946 0.028368794326241134
0 0.1287162162162162 0.5498986828774063 0.031081081081081083 0.028875379939209727
0 0.13817567567567568 0.425531914893617 0.02972972972972973 0.025835866261398176
0 0.1347972972972973 0.446048632218845 0.027702702702702704 0.024822695035460994
0 0.31283783783783786 0.4381965552178318 0.03783783783783784 0.028368794326241134
0 0.21081081081081082 0.42629179331306993 0.030405405405405407 0.02684903748733536
0 0.16891891891891891 0.28976697061803447 0.027702702702702704 0.02684903748733536
0 0.297972972972973 0.2857142857142857 0.02972972972972973 0.024822695035460994
0 0.2939189189189189 0.3087639311043566 0.033783783783783786 0.028875379939209727
0 0.2375 0.2922998986828774 0.030405405405405407 0.02684903748733536
0 0.16993243243243245 0.25835866261398177 0.03445945945945946 0.03292806484295846
0 0.17263513513513515 0.25151975683890576 0.03310810810810811 0.028875379939209727
0 0.21925675675675677 0.1831306990881459 0.03581081081081081 0.029381965552178316
0 0.22804054054054054 0.17654508611955422 0.030405405405405407 0.022796352583586626
0 0.2114864864864865 0.18718338399189463 0.02972972972972973 0.025329280648429583
0 0.30675675675675673 0.1286727456940223 0.03648648648648649 0.02988855116514691
0 0.2445945945945946 0.12993920972644377 0.03175675675675676 0.028875379939209727
0 0.2905405405405405 0.11347517730496454 0.02837837837837838 0.022289766970618033
0 0.4179054054054054 0.1334853090172239 0.03918918918918919 0.028875379939209727
0 0.34425675675675677 0.16742654508611957 0.030405405405405407 0.024822695035460994
0 0.4314189189189189 0.2573454913880446 0.03175675675675676 0.024822695035460994
0 0.47331081081081083 0.1408308004052685 0.029054054054054056 0.021783181357649443
0 0.4574324324324324 0.15070921985815602 0.02837837837837838 0.019250253292806486
0 0.46385135135135136 0.1641337386018237 0.022972972972972974 0.017223910840932118
0 0.45135135135135135 0.16793313069908813 0.019594594594594596 0.016717325227963525
0 0.5162162162162162 0.13804457953394123 0.027702702702702704 0.02077001013171226
0 0.5287162162162162 0.16894630192502533 0.03513513513513514 0.02735562310030395
0 0.5347972972972973 0.19199594731509625 0.03310810810810811 0.025835866261398176
0 0.5084459459459459 0.22036474164133737 0.033783783783783786 0.028875379939209727
0 0.6334459459459459 0.18819655521783182 0.032432432432432434 0.028368794326241134
0 0.635472972972973 0.18059777102330293 0.030405405405405407 0.02735562310030395
0 0.6077702702702703 0.19731509625126648 0.03445945945945946 0.02330293819655522
0 0.6790540540540541 0.23986828774062816 0.030405405405405407 0.022796352583586626
0 0.5844594594594594 0.25227963525835867 0.03513513513513514 0.03090172239108409
0 0.6844594594594594 0.15324214792299898 0.025675675675675677 0.01773049645390071
0 0.6743243243243243 0.17654508611955422 0.041891891891891894 0.03090172239108409
0 0.6962837837837837 0.17882472137791286 0.03310810810810811 0.02684903748733536
0 0.6847972972972973 0.18009118541033434 0.02027027027027027 0.027862208713272545
0 0.7543918918918919 0.2631712259371834 0.026351351351351353 0.022289766970618033
0 0.7516891891891891 0.2786220871327254 0.02972972972972973 0.025835866261398176
0 0.714527027027027 0.2948328267477204 0.02972972972972973 0.0243161094224924
0 0.7912162162162162 0.32370820668693007 0.03175675675675676 0.028368794326241134
0 0.6986486486486486 0.3698074974670719 0.030405405405405407 0.025329280648429583
0 0.8827702702702702 0.34701114488348533 0.022972972972972974 0.022289766970618033
0 0.8182432432432433 0.2725430597771023 0.03310810810810811 0.021783181357649443
0 0.8320945945945946 0.3789260385005066 0.020945945945945947 0.0182370820668693
0 0.7743243243243243 0.3910840932117528 0.03310810810810811 0.024822695035460994
0 0.8006756756756757 0.5 0.027702702702702704 0.022796352583586626
0 0.7557432432432433 0.504305977710233 0.029054054054054056 0.02634245187436677
0 0.779054054054054 0.5514184397163121 0.02837837837837838 0.02735562310030395
0 0.864527027027027 0.6448834853090172 0.03175675675675676 0.02684903748733536
0 0.7486486486486487 0.7393617021276596 0.03513513513513514 0.02684903748733536
0 0.6753378378378379 0.8320668693009119 0.026351351351351353 0.02330293819655522
0 0.8182432432432433 0.7976190476190477 0.02972972972972973 0.024822695035460994
0 0.4810810810810811 0.827001013171226 0.032432432432432434 0.025329280648429583
0 0.4060810810810811 0.8211752786220872 0.02702702702702703 0.0243161094224924
0 0.5 0.7687436676798379 0.03310810810810811 0.024822695035460994
0 0.5469594594594595 0.7697568389057751 0.032432432432432434 0.024822695035460994
0 0.5777027027027027 0.7310030395136778 0.030405405405405407 0.02684903748733536
0 0.5364864864864864 0.5129179331306991 0.03175675675675676 0.02735562310030395
0 0.5280405405405405 0.5377406281661601 0.03310810810810811 0.028368794326241134
0 0.49898648648648647 0.5544579533941236 0.033783783783783786 0.028368794326241134
0 0.5128378378378379 0.43338399189463017 0.02837837837837838 0.024822695035460994
0 0.4557432432432432 0.2006079027355623 0.026351351351351353 0.023809523809523808
0 0.4304054054054054 0.27710233029381964 0.026351351351351353 0.02634245187436677
0 0.3945945945945946 0.29128672745694023 0.02972972972972973 0.024822695035460994
0 0.40405405405405403 0.31965552178318135 0.030405405405405407 0.0243161094224924
0 0.39797297297297296 0.3351063829787234 0.027702702702702704 0.022796352583586626
0 0.3841216216216216 0.3323201621073962 0.022972972972972974 0.02077001013171226
0 0.2277027027027027 0.3487841945288754 0.025675675675675677 0.022796352583586626
0 0.2597972972972973 0.39387031408308004 0.027702702702702704 0.023809523809523808
0 0.2533783783783784 0.4321175278622087 0.027702702702702704 0.025329280648429583
0 0.34864864864864864 0.3596757852077001 0.01756756756756757 0.024822695035460994
0 0.27702702702702703 0.21403242147923 0.027702702702702704 0.02330293819655522
0 0.377027027027027 0.19250253292806485 0.027702702702702704 0.02330293819655522
0 0.46655405405405403 0.7216312056737588 0.03310810810810811 0.02684903748733536
0 0.43243243243243246 0.6773049645390071 0.024324324324324326 0.02127659574468085
0 0.40337837837837837 0.668693009118541 0.03783783783783784 0.030395136778115502
0 0.5114864864864865 0.8102836879432624 0.030405405405405407 0.025329280648429583
0 0.5364864864864864 0.7966058763931104 0.030405405405405407 0.024822695035460994
0 0.24763513513513513 0.8371327254305978 0.027702702702702704 0.022796352583586626
0 0.11047297297297297 0.8102836879432624 0.025 0.02077001013171226
0 0.11047297297297297 0.7317629179331308 0.037162162162162164 0.028368794326241134
0 0.10033783783783784 0.6960486322188449 0.025675675675675677 0.021783181357649443