0 0.7753787878787879 0.48863636363636365 0.05075757575757576 0.03806818181818182
0 0.6287878787878788 0.5295454545454545 0.0696969696969697 0.04943181818181818
0 0.6378787878787879 0.5394886363636363 0.04393939393939394 0.030113636363636363
0 0.6170454545454546 0.5170454545454546 0.045454545454545456 0.035227272727272725
0 0.2159090909090909 0.31278409090909093 0.03257575757575758 0.023863636363636365
0 0.2840909090909091 0.31221590909090907 0.03333333333333333 0.026136363636363635
0 0.2689393939393939 0.42272727272727273 0.03636363636363636 0.029545454545454545
0 0.1481060606060606 0.2605113636363636 0.05227272727272727 0.03636363636363636
0 0.003787878787878788 0.3789772727272727 0.007575757575757576 0.031818181818181815
0 0.02462121212121212 0.39204545454545453 0.04318181818181818 0.03465909090909091
0 0.07916666666666666 0.7042613636363636 0.04242424242424243 0.040340909090909094
0 0.6204545454545455 0.95 0.04621212121212121 0.036931818181818184
0 0.9314393939393939 0.6443181818181818 0.04318181818181818 0.03579545454545455
0 0.9321969696969697 0.18551136363636364 0.021212121212121213 0.03068181818181818
0 0.8174242424242424 0.017045454545454544 0.05 0.03409090909090909
0 0.7613636363636364 0.08579545454545455 0.04621212121212121 0.03409090909090909
0 0.5962121212121212 0.002840909090909091 0.03787878787878788 0.005681818181818182
0 0.4662878787878788 0.004829545454545454 0.037121212121212124 0.009659090909090909
0 0.15303030303030302 0.04346590909090909 0.04772727272727273 0.02215909090909091
0 0.3231060606060606 0.05738636363636364 0.041666666666666664 0.029545454545454545
0 0.12045454545454545 0.11931818181818182 0.04318181818181818 0.03238636363636364
0 0.1946969696969697 0.15028409090909092 0.05303030303030303 0.035227272727272725
0 0.01628787878787879 0.061079545454545456 0.03257575757575758 0.023295454545454546
0 0.18674242424242424 0.5238636363636363 0.03484848484848485 0.03295454545454545
0 0.24356060606060606 0.5136363636363637 0.04090909090909091 0.03238636363636364
0 0.3950757575757576 0.7144886363636364 0.03939393939393939 0.03125