0 0.3483072916666667 0.38037109375 0.022786458333333332 0.02197265625
0 0.3470052083333333 0.43701171875 0.024088541666666668 0.02490234375
0 0.4479166666666667 0.3603515625 0.0234375 0.0205078125
0 0.4055989583333333 0.3369140625 0.020833333333333332 0.0244140625
0 0.3671875 0.33251953125 0.01953125 0.02294921875
0 0.4166666666666667 0.23046875 0.020182291666666668 0.0234375
0 0.349609375 0.265625 0.018880208333333332 0.0224609375
0 0.404296875 0.29931640625 0.016927083333333332 0.017578125
0 0.2994791666666667 0.28759765625 0.022135416666666668 0.01953125
0 0.421875 0.302734375 0.014973958333333334 0.0166015625
0 0.6529947916666666 0.2216796875 0.022135416666666668 0.01904296875
0 0.5735677083333334 0.251953125 0.020833333333333332 0.0185546875
0 0.529296875 0.18603515625 0.018880208333333332 0.02099609375
0 0.6451822916666666 0.251953125 0.022135416666666668 0.02001953125
0 0.6197916666666666 0.30029296875 0.024088541666666668 0.0185546875
0 0.6119791666666666 0.35498046875 0.018229166666666668 0.01513671875
0 0.6692708333333334 0.38427734375 0.018880208333333332 0.01708984375
0 0.6770833333333334 0.36083984375 0.01953125 0.01904296875
0 0.6354166666666666 0.4326171875 0.024088541666666668 0.0205078125
0 0.6966145833333334 0.42041015625 0.01953125 0.0205078125
0 0.5885416666666666 0.44970703125 0.022135416666666668 0.01806640625
0 0.64453125 0.56640625 0.015625 0.01904296875
0 0.712890625 0.59521484375 0.014973958333333334 0.01953125
0 0.7779947916666666 0.62548828125 0.01953125 0.02001953125
0 0.7604166666666666 0.7578125 0.020833333333333332 0.0205078125
0 0.8079427083333334 0.8125 0.015625 0.01513671875
0 0.697265625 0.80517578125 0.01953125 0.0244140625
0 0.529296875 0.85546875 0.020182291666666668 0.0244140625
0 0.5983072916666666 0.82080078125 0.014973958333333334 0.01708984375
0 0.4772135416666667 0.8271484375 0.017578125 0.0205078125
0 0.5631510416666666 0.85302734375 0.014322916666666666 0.0185546875
0 0.529296875 0.72802734375 0.014973958333333334 0.017578125
0 0.5201822916666666 0.666015625 0.020833333333333332 0.01806640625
0 0.4296875 0.580078125 0.01953125 0.0166015625
0 0.5052083333333334 0.49853515625 0.018880208333333332 0.02099609375
0 0.5345052083333334 0.4853515625 0.018229166666666668 0.01904296875
0 0.51953125 0.4921875 0.020833333333333332 0.02197265625
0 0.4290364583333333 0.51025390625 0.016927083333333332 0.01806640625
0 0.541015625 0.46044921875 0.015625 0.01806640625
0 0.5013020833333334 0.4228515625 0.014322916666666666 0.01708984375
0 0.3268229166666667 0.24755859375 0.014322916666666666 0.0185546875
0 0.3372395833333333 0.26513671875 0.017578125 0.0224609375
0 0.2734375 0.259765625 0.015625 0.01904296875
0 0.275390625 0.27685546875 0.016927083333333332 0.01953125
0 0.212890625 0.3779296875 0.018229166666666668 0.0205078125
0 0.20638020833333334 0.46484375 0.024088541666666668 0.02197265625
0 0.3092447916666667 0.49560546875 0.025390625 0.02294921875
0 0.22526041666666666 0.52294921875 0.020182291666666668 0.01904296875
0 0.267578125 0.67041015625 0.021484375 0.0185546875
0 0.3118489583333333 0.71533203125 0.022786458333333332 0.0234375
0 0.3216145833333333 0.77099609375 0.018229166666666668 0.021484375
0 0.306640625 0.8515625 0.013671875 0.0166015625
0 0.4270833333333333 0.8505859375 0.014322916666666666 0.017578125
0 0.251953125 0.67578125 0.01953125 0.0224609375
0 0.19075520833333334 0.3193359375 0.016927083333333332 0.01904296875
0 0.4479166666666667 0.20556640625 0.020833333333333332 0.02392578125
0 0.4889322916666667 0.22802734375 0.018880208333333332 0.01708984375
0 0.4537760416666667 0.52783203125 0.026692708333333332 0.02099609375
0 0.482421875 0.5322265625 0.025390625 0.02001953125
0 0.619140625 0.50244140625 0.026692708333333332 0.02294921875
0 0.6881510416666666 0.4814453125 0.022135416666666668 0.01806640625
0 0.6106770833333334 0.52783203125 0.022786458333333332 0.01953125
0 0.6946614583333334 0.703125 0.020182291666666668 0.017578125
0 0.6796875 0.6953125 0.016927083333333332 0.015625
0 0.8138020833333334 0.49951171875 0.021484375 0.0205078125
0 0.78515625 0.45068359375 0.025390625 0.02392578125
0 0.75390625 0.458984375 0.024088541666666668 0.021484375
0 0.619140625 0.34228515625 0.024088541666666668 0.0205078125
0 0.5592447916666666 0.294921875 0.033854166666666664 0.02587890625
0 0.3834635416666667 0.3505859375 0.027994791666666668 0.0244140625
0 0.3040364583333333 0.3671875 0.032552083333333336 0.02734375
0 0.130859375 0.263671875 0.024739583333333332 0.02001953125
0 0.17903645833333334 0.33154296875 0.020833333333333332 0.01953125
0 0.23893229166666666 0.3759765625 0.020182291666666668 0.01904296875
0 0.19921875 0.50341796875 0.024739583333333332 0.0234375
0 0.423828125 0.65185546875 0.024739583333333332 0.02197265625
0 0.375 0.66064453125 0.024088541666666668 0.0205078125
0 0.3763020833333333 0.6748046875 0.0234375 0.02001953125
0 0.8326822916666666 0.6279296875 0.018880208333333332 0.0205078125
0 0.8372395833333334 0.6865234375 0.022135416666666668 0.0234375
0 0.5514322916666666 0.75 0.021484375 0.017578125
0 0.466796875 0.85595703125 0.025390625 0.02490234375
0 0.412109375 0.7578125 0.033203125 0.0283203125