0 0.6511799410029498 0.5865597345132744 0.028023598820058997 0.027101769911504425
0 0.6050884955752213 0.6274889380530974 0.030973451327433628 0.0293141592920354
0 0.6176253687315634 0.5011061946902655 0.02654867256637168 0.027101769911504425
0 0.6581858407079646 0.514933628318584 0.029498525073746312 0.027101769911504425
0 0.6821533923303835 0.5387168141592921 0.028023598820058997 0.024889380530973452
0 0.7426253687315634 0.43086283185840707 0.028761061946902654 0.025995575221238937
0 0.7466814159292036 0.5033185840707964 0.02654867256637168 0.024336283185840708
0 0.6910029498525073 0.48866150442477874 0.022123893805309734 0.020464601769911505
0 0.7540560471976401 0.5550331858407079 0.025811209439528023 0.025995575221238937
0 0.6792035398230089 0.47898230088495575 0.02064896755162242 0.018805309734513276
0 0.6283185840707964 0.25636061946902655 0.025811209439528023 0.025442477876106196
0 0.6438053097345132 0.3346238938053097 0.024336283185840708 0.023783185840707963
0 0.7223451327433629 0.31913716814159293 0.025073746312684365 0.023783185840707963
0 0.6073008849557522 0.28373893805309736 0.025811209439528023 0.025442477876106196
0 0.5800147492625368 0.3360066371681416 0.025811209439528023 0.027101769911504425
0 0.5376106194690266 0.3808075221238938 0.01991150442477876 0.020464601769911505
0 0.4837758112094395 0.3606194690265487 0.022123893805309734 0.02157079646017699
0 0.4996312684365782 0.33849557522123896 0.02359882005899705 0.02267699115044248
0 0.4605457227138643 0.4192477876106195 0.02728613569321534 0.027101769911504425
0 0.4391592920353982 0.3672566371681416 0.025073746312684365 0.023783185840707963
0 0.47087020648967554 0.46543141592920356 0.024336283185840708 0.024336283185840708
0 0.34365781710914456 0.5085730088495575 0.022123893805309734 0.01991150442477876
0 0.28392330383480824 0.4803650442477876 0.022861356932153392 0.01991150442477876
0 0.22529498525073746 0.4551991150442478 0.024336283185840708 0.023230088495575223
0 0.12315634218289086 0.5625 0.025811209439528023 0.025442477876106196
0 0.05309734513274336 0.567754424778761 0.019174041297935103 0.018805309734513276
0 0.11578171091445427 0.6407632743362832 0.028761061946902654 0.025442477876106196
0 0.1596607669616519 0.7970132743362832 0.029498525073746312 0.02654867256637168
0 0.15339233038348082 0.7226216814159292 0.021386430678466076 0.019358407079646017
0 0.21017699115044247 0.8136061946902655 0.024336283185840708 0.022123893805309734
0 0.1441740412979351 0.7710176991150443 0.022123893805309734 0.018805309734513276
0 0.2665929203539823 0.7057522123893806 0.021386430678466076 0.019358407079646017
0 0.32337758112094395 0.6678650442477876 0.022861356932153392 0.023230088495575223
0 0.4424778761061947 0.6706305309734514 0.022123893805309734 0.022123893805309734
0 0.4716076696165192 0.5591814159292036 0.025073746312684365 0.023783185840707963
0 0.46792035398230086 0.5284845132743363 0.02359882005899705 0.022123893805309734
0 0.46976401179941 0.5439712389380531 0.02728613569321534 0.025442477876106196
0 0.5007374631268436 0.6216814159292036 0.022123893805309734 0.020464601769911505
0 0.4859882005899705 0.5063606194690266 0.022123893805309734 0.01991150442477876
0 0.5376106194690266 0.5074668141592921 0.02064896755162242 0.01825221238938053
0 0.7747050147492626 0.5069137168141593 0.022123893805309734 0.019358407079646017
0 0.7540560471976401 0.5121681415929203 0.02654867256637168 0.023783185840707963
0 0.7912979351032449 0.5536504424778761 0.022123893805309734 0.01991150442477876
0 0.7761799410029498 0.5641592920353983 0.02359882005899705 0.02157079646017699
0 0.7230825958702065 0.6811393805309734 0.025073746312684365 0.023230088495575223
0 0.6533923303834809 0.7477876106194691 0.028761061946902654 0.02820796460176991
0 0.5748525073746312 0.6963495575221239 0.029498525073746312 0.0293141592920354
0 0.5951327433628318 0.775995575221239 0.024336283185840708 0.023783185840707963
0 0.44948377581120946 0.8509402654867256 0.025073746312684365 0.024336283185840708
0 0.3886430678466077 0.8514933628318584 0.029498525073746312 0.02820796460176991
0 0.3366519174041298 0.8841261061946902 0.025811209439528023 0.023230088495575223
0 0.2769174041297935 0.9518805309734514 0.01991150442477876 0.017699115044247787
0 0.2168141592920354 0.8655973451327433 0.021386430678466076 0.01825221238938053
0 0.45206489675516226 0.8661504424778761 0.028023598820058997 0.024889380530973452
0 0.7831858407079646 0.6551438053097345 0.022861356932153392 0.02101769911504425
0 0.7474188790560472 0.39076327433628316 0.028761061946902654 0.02654867256637168
0 0.7075958702064897 0.37748893805309736 0.022123893805309734 0.022123893805309734
0 0.47382005899705015 0.6164269911504425 0.028023598820058997 0.0293141592920354
0 0.4557522123893805 0.5992809734513275 0.02728613569321534 0.02820796460176991
0 0.4103982300884956 0.48091814159292035 0.029498525073746312 0.030420353982300884
0 0.3926991150442478 0.41648230088495575 0.025073746312684365 0.024889380530973452
0 0.39343657817109146 0.5047013274336283 0.025811209439528023 0.02654867256637168
0 0.20317109144542772 0.5699668141592921 0.022861356932153392 0.023230088495575223
0 0.21755162241887904 0.5746681415929203 0.01991150442477876 0.01991150442477876
0 0.31268436578171094 0.3401548672566372 0.02654867256637168 0.025995575221238937
0 0.3687315634218289 0.3254977876106195 0.03023598820058997 0.029867256637168143
0 0.3779498525073746 0.35370575221238937 0.028023598820058997 0.02765486725663717
0 0.5453539823008849 0.36642699115044247 0.02654867256637168 0.027101769911504425
0 0.6150442477876106 0.37555309734513276 0.035398230088495575 0.03761061946902655
0 0.6589233038348082 0.5403761061946902 0.032448377581120944 0.032079646017699116
0 0.6858407079646017 0.608683628318584 0.036135693215339236 0.03705752212389381
0 0.8613569321533924 0.6581858407079646 0.02728613569321534 0.02765486725663717
0 0.7791297935103245 0.6720132743362832 0.025073746312684365 0.024336283185840708
0 0.7112831858407079 0.6609513274336283 0.024336283185840708 0.023783185840707963
0 0.625 0.7801438053097345 0.029498525073746312 0.0293141592920354
0 0.38495575221238937 0.7262168141592921 0.028023598820058997 0.028761061946902654
0 0.40228613569321536 0.7674225663716814 0.02654867256637168 0.027101769911504425
0 0.39011799410029496 0.7765486725663717 0.02654867256637168 0.027101769911504425
0 0.19579646017699115 0.41841814159292035 0.025073746312684365 0.023783185840707963
0 0.14380530973451328 0.45658185840707965 0.028761061946902654 0.02765486725663717
0 0.23672566371681417 0.7060287610619469 0.02359882005899705 0.023783185840707963
0 0.1913716814159292 0.8412610619469026 0.030973451327433628 0.030420353982300884
0 0.30162241887905605 0.8100110619469026 0.03761061946902655 0.03816371681415929