0 0.6284153005464481 0.5332991803278688 0.031420765027322405 0.02305327868852459
0 0.6157786885245902 0.3824282786885246 0.028005464480874317 0.02305327868852459
0 0.6888661202185792 0.45978483606557374 0.031420765027322405 0.0235655737704918
0 0.7134562841530054 0.2927766393442623 0.036202185792349725 0.028688524590163935
0 0.5484972677595629 0.2489754098360656 0.03210382513661202 0.02663934426229508
0 0.5614754098360656 0.27049180327868855 0.028005464480874317 0.024077868852459015
0 0.5870901639344263 0.23719262295081966 0.03210382513661202 0.02459016393442623
0 0.5218579234972678 0.26639344262295084 0.028005464480874317 0.02151639344262295
0 0.39036885245901637 0.26331967213114754 0.01980874316939891 0.014344262295081968
0 0.39719945355191255 0.2492315573770492 0.025956284153005466 0.017930327868852458
0 0.44979508196721313 0.24436475409836064 0.02117486338797814 0.017418032786885244
0 0.460724043715847 0.23155737704918034 0.025273224043715847 0.018442622950819672
0 0.4890710382513661 0.21593237704918034 0.029371584699453553 0.024077868852459015
0 0.35040983606557374 0.2494877049180328 0.025273224043715847 0.022540983606557378
0 0.2629781420765027 0.33376024590163933 0.029371584699453553 0.024077868852459015
0 0.29030054644808745 0.42264344262295084 0.01980874316939891 0.016905737704918034
0 0.22472677595628415 0.5035860655737705 0.02459016393442623 0.0194672131147541
0 0.4166666666666667 0.4959016393442623 0.02663934426229508 0.021004098360655737
0 0.5075136612021858 0.5261270491803278 0.023224043715846996 0.018954918032786885
0 0.47165300546448086 0.5850409836065574 0.029371584699453553 0.02305327868852459
0 0.3951502732240437 0.6219262295081968 0.022540983606557378 0.018954918032786885
0 0.3797814207650273 0.6483094262295082 0.025273224043715847 0.017930327868852458
0 0.391051912568306 0.7359118852459017 0.02390710382513661 0.0194672131147541
0 0.3831967213114754 0.7215676229508197 0.02459016393442623 0.019979508196721313
0 0.30225409836065575 0.7233606557377049 0.025956284153005466 0.017418032786885244
0 0.2786885245901639 0.6867315573770492 0.02117486338797814 0.01639344262295082
0 0.2578551912568306 0.735655737704918 0.02117486338797814 0.018954918032786885
0 0.2305327868852459 0.7195184426229508 0.029371584699453553 0.02151639344262295
0 0.1837431693989071 0.7295081967213115 0.023224043715846996 0.018954918032786885
0 0.1403688524590164 0.7410348360655737 0.02663934426229508 0.021004098360655737
0 0.21106557377049182 0.764344262295082 0.03278688524590164 0.02459016393442623
0 0.2776639344262295 0.7853483606557377 0.025956284153005466 0.0194672131147541
0 0.2581967213114754 0.7679303278688525 0.02663934426229508 0.022028688524590164
0 0.31830601092896177 0.7482069672131147 0.025956284153005466 0.020491803278688523
0 0.4521857923497268 0.8368340163934426 0.025956284153005466 0.018954918032786885
0 0.3978825136612022 0.835297131147541 0.02390710382513661 0.017930327868852458
0 0.4293032786885246 0.7666495901639344 0.025273224043715847 0.0235655737704918
0 0.44398907103825136 0.774077868852459 0.02117486338797814 0.017418032786885244
0 0.4808743169398907 0.7602459016393442 0.02390710382513661 0.019979508196721313
0 0.3531420765027322 0.7902151639344263 0.030054644808743168 0.024077868852459015
0 0.48668032786885246 0.7850922131147541 0.030054644808743168 0.02663934426229508
0 0.4873633879781421 0.795594262295082 0.01912568306010929 0.015881147540983607
0 0.4262295081967213 0.7287397540983607 0.018442622950819672 0.015368852459016393
0 0.4453551912568306 0.7182377049180327 0.023224043715846996 0.017930327868852458
0 0.4583333333333333 0.6921106557377049 0.0273224043715847 0.022028688524590164
0 0.4832650273224044 0.6969774590163934 0.02117486338797814 0.018954918032786885
0 0.4969262295081967 0.6744364754098361 0.022540983606557378 0.018442622950819672
0 0.523224043715847 0.688780737704918 0.020491803278688523 0.017930327868852458
0 0.30635245901639346 0.6275614754098361 0.0273224043715847 0.021004098360655737
0 0.3152322404371585 0.5799180327868853 0.02117486338797814 0.017418032786885244
0 0.18135245901639344 0.6319159836065574 0.0273224043715847 0.02305327868852459
0 0.16837431693989072 0.671875 0.02459016393442623 0.018954918032786885
0 0.1878415300546448 0.7164446721311475 0.01980874316939891 0.015881147540983607
0 0.6475409836065574 0.6185963114754098 0.02390710382513661 0.0194672131147541
0 0.6048497267759563 0.5881147540983607 0.02390710382513661 0.018442622950819672
0 0.6618852459016393 0.600922131147541 0.025956284153005466 0.019979508196721313
0 0.6827185792349727 0.5373975409836066 0.025273224043715847 0.020491803278688523
0 0.6519808743169399 0.5128073770491803 0.025273224043715847 0.016905737704918034
0 0.6157786885245902 0.5230532786885246 0.02459016393442623 0.017418032786885244
0 0.6260245901639344 0.5117827868852459 0.02117486338797814 0.015881147540983607
0 0.6181693989071039 0.4989754098360656 0.0273224043715847 0.0194672131147541
0 0.5515710382513661 0.48309426229508196 0.02390710382513661 0.0194672131147541
0 0.5433743169398907 0.4636270491803279 0.03210382513661202 0.022540983606557378
0 0.476775956284153 0.47361680327868855 0.020491803278688523 0.015368852459016393
0 0.4805327868852459 0.5046106557377049 0.030737704918032786 0.025614754098360656
0 0.3681693989071038 0.4556864754098361 0.02390710382513661 0.017930327868852458
0 0.383879781420765 0.43135245901639346 0.02663934426229508 0.019979508196721313
0 0.35382513661202186 0.45978483606557374 0.02117486338797814 0.015881147540983607
0 0.4030054644808743 0.3957479508196721 0.022540983606557378 0.01639344262295082
0 0.5607923497267759 0.4106045081967213 0.028688524590163935 0.022028688524590164
0 0.7954234972677595 0.48719262295081966 0.031420765027322405 0.022540983606557378
0 0.8114754098360656 0.4713114754098361 0.03483606557377049 0.0235655737704918
0 0.8456284153005464 0.4961577868852459 0.025273224043715847 0.0194672131147541
0 0.8497267759562842 0.47003073770491804 0.02459016393442623 0.0194672131147541
0 0.8452868852459017 0.5230532786885246 0.03210382513661202 0.024077868852459015
0 0.8575819672131147 0.5087090163934426 0.028005464480874317 0.022028688524590164
0 0.8265027322404371 0.352202868852459 0.0273224043715847 0.0194672131147541
0 0.7793715846994536 0.3634733606557377 0.023224043715846996 0.022540983606557378
0 0.8538251366120219 0.3386270491803279 0.01980874316939891 0.018442622950819672
0 0.674863387978142 0.350922131147541 0.028688524590163935 0.020491803278688523
0 0.6485655737704918 0.3770491803278688 0.023224043715846996 0.0194672131147541
0 0.6680327868852459 0.31070696721311475 0.0273224043715847 0.02151639344262295
0 0.6355874316939891 0.2699795081967213 0.028688524590163935 0.022028688524590164
0 0.5122950819672131 0.3306864754098361 0.025273224043715847 0.020491803278688523
0 0.4224726775956284 0.32838114754098363 0.028005464480874317 0.024077868852459015
0 0.42110655737704916 0.23924180327868852 0.02459016393442623 0.0194672131147541
0 0.5119535519125683 0.22976434426229508 0.025273224043715847 0.02151639344262295
0 0.43169398907103823 0.1880122950819672 0.023224043715846996 0.018442622950819672
0 0.35382513661202186 0.19339139344262296 0.02390710382513661 0.016905737704918034
0 0.3422131147540984 0.18186475409836064 0.02117486338797814 0.016905737704918034
0 0.34460382513661203 0.1552254098360656 0.025273224043715847 0.018954918032786885
0 0.4426229508196721 0.1260245901639344 0.025273224043715847 0.02151639344262295
0 0.42827868852459017 0.15471311475409835 0.02663934426229508 0.0194672131147541
0 0.5379098360655737 0.1682889344262295 0.02390710382513661 0.018954918032786885
0 0.5416666666666666 0.12320696721311475 0.02663934426229508 0.020491803278688523
0 0.5215163934426229 0.1091188524590164 0.023224043715846996 0.018442622950819672
0 0.5700136612021858 0.1416495901639344 0.02390710382513661 0.0194672131147541
0 0.5997267759562842 0.14779713114754098 0.029371584699453553 0.0235655737704918
0 0.680327868852459 0.18212090163934427 0.03210382513661202 0.024077868852459015
0 0.7021857923497268 0.1762295081967213 0.025273224043715847 0.018954918032786885
0 0.8326502732240437 0.2494877049180328 0.020491803278688523 0.015368852459016393
0 0.8094262295081968 0.23668032786885246 0.020491803278688523 0.015368852459016393
0 0.7766393442622951 0.22643442622950818 0.02459016393442623 0.017418032786885244
0 0.8306010928961749 0.17904713114754098 0.02390710382513661 0.02151639344262295
0 0.8480191256830601 0.19620901639344263 0.02663934426229508 0.02151639344262295
0 0.9463797814207651 0.30763319672131145 0.025956284153005466 0.018954918032786885
0 0.9549180327868853 0.28150614754098363 0.030054644808743168 0.020491803278688523
0 0.8630464480874317 0.24795081967213115 0.0273224043715847 0.021004098360655737
0 0.46687158469945356 0.13242827868852458 0.02185792349726776 0.018954918032786885