0 0.796875 0.5009765625 0.026041666666666668 0.0205078125
0 0.6653645833333334 0.37646484375 0.028645833333333332 0.01806640625
0 0.7897135416666666 0.361328125 0.016276041666666668 0.01416015625
0 0.8658854166666666 0.55810546875 0.020182291666666668 0.01513671875
0 0.7936197916666666 0.48046875 0.020833333333333332 0.015625
0 0.72265625 0.51123046875 0.021484375 0.015625
0 0.7493489583333334 0.38037109375 0.033203125 0.0205078125
0 0.4967447916666667 0.58056640625 0.029296875 0.02392578125
0 0.3684895833333333 0.60302734375 0.02734375 0.02099609375
0 0.4296875 0.6181640625 0.02734375 0.02490234375
0 0.380859375 0.51904296875 0.026692708333333332 0.02490234375
0 0.4036458333333333 0.5341796875 0.022135416666666668 0.01513671875
0 0.3333333333333333 0.57470703125 0.031901041666666664 0.01904296875
0 0.2760416666666667 0.5146484375 0.024739583333333332 0.01513671875
0 0.3645833333333333 0.67578125 0.020833333333333332 0.0166015625
0 0.4498697916666667 0.67578125 0.018880208333333332 0.0166015625
0 0.3268229166666667 0.70166015625 0.030598958333333332 0.02001953125
0 0.3203125 0.67041015625 0.03125 0.02099609375
0 0.3430989583333333 0.65478515625 0.021484375 0.01806640625
0 0.4309895833333333 0.6845703125 0.022786458333333332 0.01708984375
0 0.25 0.73388671875 0.0234375 0.01708984375
0 0.11197916666666667 0.70654296875 0.024739583333333332 0.017578125
0 0.119140625 0.66796875 0.020182291666666668 0.013671875
0 0.09114583333333333 0.68408203125 0.026692708333333332 0.01904296875
0 0.10221354166666667 0.72412109375 0.022135416666666668 0.0146484375
0 0.16927083333333334 0.8408203125 0.03125 0.0205078125
0 0.20703125 0.90771484375 0.021484375 0.01708984375
0 0.14388020833333334 0.77392578125 0.020182291666666668 0.015625
0 0.10091145833333333 0.6083984375 0.025390625 0.0185546875
0 0.10481770833333333 0.62353515625 0.025390625 0.01806640625
0 0.09309895833333333 0.63720703125 0.018229166666666668 0.0146484375
0 0.24153645833333334 0.6025390625 0.022135416666666668 0.0205078125
0 0.22721354166666666 0.544921875 0.028645833333333332 0.021484375
0 0.17578125 0.56884765625 0.022135416666666668 0.015625
0 0.15559895833333334 0.46533203125 0.029296875 0.0205078125
0 0.20572916666666666 0.46337890625 0.026041666666666668 0.01904296875
0 0.24739583333333334 0.4306640625 0.022786458333333332 0.01806640625
0 0.15234375 0.43310546875 0.022786458333333332 0.0146484375
0 0.16731770833333334 0.421875 0.02734375 0.01708984375
0 0.16080729166666666 0.41845703125 0.021484375 0.017578125
0 0.21744791666666666 0.361328125 0.024739583333333332 0.017578125
0 0.228515625 0.33203125 0.01953125 0.015625
0 0.12890625 0.3505859375 0.021484375 0.01513671875
0 0.21419270833333334 0.2734375 0.020833333333333332 0.0166015625
0 0.1953125 0.24462890625 0.020182291666666668 0.01318359375
0 0.2513020833333333 0.22998046875 0.024739583333333332 0.01708984375
0 0.11848958333333333 0.15087890625 0.0234375 0.01708984375
0 0.14388020833333334 0.2177734375 0.029296875 0.01953125
0 0.15950520833333334 0.19384765625 0.025390625 0.01708984375
0 0.154296875 0.1669921875 0.018229166666666668 0.0146484375
0 0.20572916666666666 0.1337890625 0.024739583333333332 0.01806640625
0 0.13997395833333334 0.1572265625 0.017578125 0.01171875
0 0.3658854166666667 0.154296875 0.024739583333333332 0.01806640625
0 0.3971354166666667 0.1923828125 0.020182291666666668 0.01611328125
0 0.2819010416666667 0.16650390625 0.020833333333333332 0.01123046875
0 0.2858072916666667 0.1767578125 0.024088541666666668 0.01171875
0 0.2858072916666667 0.19140625 0.02734375 0.017578125
0 0.3841145833333333 0.22802734375 0.0234375 0.013671875
0 0.2688802083333333 0.2099609375 0.017578125 0.01708984375
0 0.5182291666666666 0.2138671875 0.022135416666666668 0.01611328125
0 0.5091145833333334 0.24755859375 0.025390625 0.0146484375
0 0.5677083333333334 0.291015625 0.024739583333333332 0.0185546875
0 0.48828125 0.28662109375 0.026041666666666668 0.0166015625
0 0.5377604166666666 0.287109375 0.020182291666666668 0.015625
0 0.7102864583333334 0.22412109375 0.024739583333333332 0.015625
0 0.74609375 0.23193359375 0.027994791666666668 0.01953125
0 0.6516927083333334 0.24951171875 0.022135416666666668 0.01611328125
0 0.7115885416666666 0.130859375 0.03125 0.017578125
0 0.7395833333333334 0.5908203125 0.031901041666666664 0.0205078125
0 0.7018229166666666 0.76611328125 0.029296875 0.01708984375
0 0.8854166666666666 0.8349609375 0.020182291666666668 0.013671875
0 0.8684895833333334 0.8427734375 0.021484375 0.0166015625
0 0.8860677083333334 0.69384765625 0.012369791666666666 0.0107421875
0 0.8841145833333334 0.68212890625 0.014973958333333334 0.0126953125
0 0.8600260416666666 0.60986328125 0.018229166666666668 0.01416015625
0 0.7766927083333334 0.35693359375 0.013020833333333334 0.0205078125
0 0.7903645833333334 0.15771484375 0.015625 0.01708984375