0 0.41797488226059654 0.4117647058823529 0.0282574568288854 0.027058823529411764
0 0.41483516483516486 0.48 0.029827315541601257 0.03058823529411765
0 0.5388540031397174 0.38941176470588235 0.029042386185243328 0.025294117647058825
0 0.48822605965463106 0.3602941176470588 0.025902668759811617 0.03
0 0.4423076923076923 0.35441176470588237 0.02433281004709576 0.02823529411764706
0 0.5047095761381476 0.2323529411764706 0.02511773940345369 0.028823529411764706
0 0.42268445839874413 0.2735294117647059 0.023547880690737835 0.027058823529411764
0 0.4878335949764521 0.315 0.02119309262166405 0.021176470588235293
0 0.3618524332810047 0.2994117647058824 0.027472527472527472 0.02411764705882353
0 0.5090266875981162 0.31941176470588234 0.018838304552590265 0.02
0 0.7896389324960753 0.22558823529411764 0.027472527472527472 0.023529411764705882
0 0.6930926216640503 0.2605882352941176 0.025902668759811617 0.022941176470588236
0 0.6416797488226059 0.18058823529411766 0.023547880690737835 0.025294117647058825
0 0.7794348508634223 0.26176470588235295 0.027472527472527472 0.024705882352941175
0 0.7476452119309263 0.3197058823529412 0.029827315541601257 0.022941176470588236
0 0.7366562009419152 0.38529411764705884 0.022762951334379906 0.018235294117647058
0 0.804945054945055 0.42176470588235293 0.023547880690737835 0.021176470588235293
0 0.814756671899529 0.3935294117647059 0.02433281004709576 0.023529411764705882
0 0.7625588697017268 0.47941176470588237 0.029827315541601257 0.025294117647058825
0 0.8367346938775511 0.46558823529411764 0.02433281004709576 0.025294117647058825
0 0.7056514913657771 0.49911764705882355 0.027472527472527472 0.02235294117647059
0 0.7700156985871272 0.6405882352941177 0.019623233908948195 0.022941176470588236
0 0.8516483516483516 0.6764705882352942 0.018838304552590265 0.023529411764705882
0 0.9289638932496075 0.7138235294117647 0.02433281004709576 0.024705882352941175
0 0.9042386185243328 0.8729411764705882 0.025902668759811617 0.025294117647058825
0 0.9599686028257457 0.9397058823529412 0.019623233908948195 0.018235294117647058
0 0.8269230769230769 0.9291176470588235 0.02433281004709576 0.03
0 0.6224489795918368 0.9858823529411764 0.02511773940345369 0.02823529411764706
0 0.707221350078493 0.9461764705882353 0.018838304552590265 0.020588235294117647
0 0.5608320251177394 0.9520588235294117 0.02197802197802198 0.024705882352941175
0 0.6636577708006279 0.9847058823529412 0.01805337519623234 0.02235294117647059
0 0.6263736263736264 0.8335294117647059 0.018838304552590265 0.021176470588235293
0 0.6173469387755102 0.7585294117647059 0.025902668759811617 0.02235294117647059
0 0.5105965463108321 0.6538235294117647 0.02433281004709576 0.020588235294117647
0 0.6040031397174255 0.5567647058823529 0.023547880690737835 0.025294117647058825
0 0.6397174254317112 0.5411764705882353 0.022762951334379906 0.022941176470588236
0 0.6212715855572999 0.5491176470588235 0.025902668759811617 0.027058823529411764
0 0.5117739403453689 0.5697058823529412 0.02119309262166405 0.02176470588235294
0 0.6479591836734694 0.5114705882352941 0.019623233908948195 0.02176470588235294
0 0.6012558869701727 0.4652941176470588 0.01805337519623234 0.020588235294117647
0 0.3959968602825746 0.2514705882352941 0.01805337519623234 0.02235294117647059
0 0.40777080062794346 0.27294117647058824 0.02197802197802198 0.027058823529411764
0 0.33124018838304553 0.26529411764705885 0.019623233908948195 0.022941176470588236
0 0.33320251177394034 0.2858823529411765 0.02119309262166405 0.023529411764705882
0 0.25470957613814754 0.4067647058823529 0.022762951334379906 0.024705882352941175
0 0.2445054945054945 0.5114705882352941 0.029827315541601257 0.027058823529411764
0 0.36773940345368916 0.55 0.03139717425431711 0.02823529411764706
0 0.26569858712715855 0.581764705882353 0.02511773940345369 0.023529411764705882
0 0.31279434850863425 0.76 0.026687598116169546 0.022941176470588236
0 0.36459968602825743 0.8147058823529412 0.0282574568288854 0.028823529411764706
0 0.3748037676609105 0.8820588235294118 0.022762951334379906 0.02588235294117647
0 0.35478806907378335 0.9788235294117648 0.01726844583987441 0.02
0 0.5 0.9794117647058823 0.01805337519623234 0.021176470588235293
0 0.29356357927786497 0.7661764705882353 0.02433281004709576 0.027647058823529413
0 0.22998430141287285 0.33588235294117647 0.02119309262166405 0.022941176470588236
0 0.543171114599686 0.20294117647058824 0.025902668759811617 0.029411764705882353
0 0.5918367346938775 0.23058823529411765 0.023547880690737835 0.021176470588235293
0 0.5412087912087912 0.5911764705882353 0.03296703296703297 0.02588235294117647
0 0.5753532182103611 0.596764705882353 0.03139717425431711 0.024705882352941175
0 0.7409733124018838 0.5632352941176471 0.03296703296703297 0.02823529411764706
0 0.8249607535321821 0.5388235294117647 0.027472527472527472 0.02235294117647059
0 0.7303767660910518 0.5935294117647059 0.0282574568288854 0.02411764705882353
0 0.826530612244898 0.8061764705882353 0.02511773940345369 0.02176470588235294
0 0.8088697017268446 0.7964705882352942 0.02119309262166405 0.018823529411764704
0 0.9756671899529042 0.5626470588235294 0.026687598116169546 0.025294117647058825
0 0.9427001569858713 0.5035294117647059 0.03139717425431711 0.029411764705882353
0 0.9046310832025117 0.5129411764705882 0.029827315541601257 0.026470588235294117
0 0.7456828885400314 0.37029411764705883 0.029827315541601257 0.025294117647058825
0 0.6746467817896389 0.3123529411764706 0.041601255886970175 0.03176470588235294
0 0.46114599686028257 0.3764705882352941 0.03453689167974882 0.03
0 0.3649921507064364 0.3952941176470588 0.040031397174254316 0.033529411764705884
0 0.15934065934065933 0.26794117647058824 0.030612244897959183 0.024705882352941175
0 0.21546310832025117 0.3502941176470588 0.025902668759811617 0.02411764705882353
0 0.28649921507064363 0.4047058823529412 0.02511773940345369 0.023529411764705882
0 0.23469387755102042 0.5576470588235294 0.030612244897959183 0.028823529411764706
0 0.5015698587127159 0.74 0.030612244897959183 0.027058823529411764
0 0.4423076923076923 0.75 0.029827315541601257 0.025294117647058825
0 0.4434850863422292 0.7670588235294118 0.029042386185243328 0.024705882352941175
0 0.989010989010989 0.7176470588235294 0.012558869701726845 0.024705882352941175
0 0.9894034536891679 0.788235294117647 0.008634222919937205 0.02823529411764706
0 0.652668759811617 0.8602941176470589 0.026687598116169546 0.02176470588235294
0 0.5470957613814756 0.9852941176470589 0.03139717425431711 0.029411764705882353
0 0.48430141287284145 0.8673529411764705 0.04081632653061224 0.03470588235294118