0 0.5936995153473344 0.49818181818181817 0.036348949919224556 0.024242424242424242
0 0.5072697899838449 0.6866666666666666 0.03231017770597738 0.02484848484848485
0 0.6433764135702746 0.6066666666666667 0.03715670436187399 0.024242424242424242
0 0.6005654281098546 0.8254545454545454 0.04038772213247173 0.030303030303030304
0 0.3529886914378029 0.8390909090909091 0.035541195476575124 0.02909090909090909
0 0.38126009693053314 0.8148484848484848 0.03150242326332795 0.02666666666666667
0 0.40064620355411956 0.8636363636363636 0.036348949919224556 0.026060606060606062
0 0.32350565428109856 0.8096969696969697 0.03231017770597738 0.022424242424242423
0 0.14095315024232632 0.78 0.023424878836833602 0.015151515151515152
0 0.14418416801292408 0.7996969696969697 0.03150242326332795 0.01818181818181818
0 0.21405492730210016 0.8193939393939393 0.024232633279483037 0.018787878787878787
0 0.22374798061389337 0.8384848484848485 0.02988691437802908 0.02
0 0.2552504038772213 0.8657575757575757 0.033925686591276254 0.026060606060606062
0 0.07835218093699516 0.7878787878787878 0.027463651050080775 0.02484848484848485
0 0.07592891760904685 0.5524242424242424 0.022617124394184167 0.018787878787878787
0 0.021405492730210016 0.43272727272727274 0.029079159935379646 0.021212121212121213
0 0.284329563812601 0.4915151515151515 0.030694668820678513 0.02303030303030303
0 0.42326332794830374 0.4763636363636364 0.02665589660743134 0.020606060606060607
0 0.40024232633279483 0.39212121212121215 0.034733441033925685 0.024242424242424242
0 0.3105815831987076 0.32606060606060605 0.02665589660743134 0.020606060606060607
0 0.30250403877221327 0.2887878787878788 0.029079159935379646 0.018787878787878787
0 0.3578352180936995 0.1809090909090909 0.027463651050080775 0.021212121212121213
0 0.3404684975767367 0.19666666666666666 0.027463651050080775 0.02181818181818182
0 0.22980613893376414 0.17333333333333334 0.03150242326332795 0.017575757575757574
0 0.18093699515347333 0.21393939393939393 0.024232633279483037 0.017575757575757574
0 0.17366720516962844 0.14696969696969697 0.023424878836833602 0.021212121212121213
0 0.1284329563812601 0.1603030303030303 0.034733441033925685 0.022424242424242423
0 0.06865912762520193 0.13515151515151516 0.02665589660743134 0.020606060606060607
0 0.014539579967689823 0.1096969696969697 0.029079159935379646 0.02303030303030303
0 0.12237479806138933 0.09848484848484848 0.03877221324717286 0.025454545454545455
0 0.22374798061389337 0.08848484848484849 0.02988691437802908 0.021212121212121213
0 0.18861066235864296 0.10575757575757576 0.02988691437802908 0.024242424242424242
0 0.26252019386106623 0.14636363636363636 0.029079159935379646 0.02181818181818182
0 0.4882875605815832 0.06787878787878789 0.03150242326332795 0.02
0 0.4131663974151858 0.05545454545454546 0.027463651050080775 0.018787878787878787
0 0.425686591276252 0.15151515151515152 0.02665589660743134 0.02666666666666667
0 0.44870759289176093 0.14575757575757575 0.025040387722132473 0.018787878787878787
0 0.4939418416801292 0.17181818181818181 0.02665589660743134 0.02181818181818182
0 0.329967689822294 0.10181818181818182 0.034733441033925685 0.025454545454545455
0 0.5129240710823909 0.14212121212121212 0.033117932148626815 0.02909090909090909
0 0.5177705977382876 0.1296969696969697 0.0210016155088853 0.017575757575757574
0 0.40306946688206785 0.1984848484848485 0.01938610662358643 0.01696969696969697
0 0.4252827140549273 0.21636363636363637 0.02665589660743134 0.019393939393939394
0 0.43093699515347333 0.25333333333333335 0.03150242326332795 0.023636363636363636
0 0.4664781906300485 0.25363636363636366 0.023424878836833602 0.021212121212121213
0 0.4761712439418417 0.28484848484848485 0.025848142164781908 0.02
0 0.5197899838449112 0.2739393939393939 0.022617124394184167 0.019393939393939394
0 0.19143780290791598 0.2966666666666667 0.03150242326332795 0.02181818181818182
0 0.18134087237479807 0.35909090909090907 0.024232633279483037 0.018787878787878787
0 0.02059773828756058 0.2584848484848485 0.030694668820678513 0.025454545454545455
0 0.021405492730210016 0.20454545454545456 0.029079159935379646 0.02
0 0.06825525040387723 0.15272727272727274 0.021809369951534735 0.01696969696969697
0 0.6583198707592892 0.39484848484848484 0.02827140549273021 0.020606060606060607
0 0.5860258481421647 0.42272727272727273 0.029079159935379646 0.019393939393939394
0 0.6708400646203554 0.4212121212121212 0.02988691437802908 0.02181818181818182
0 0.6696284329563813 0.5066666666666667 0.029079159935379646 0.022424242424242423
0 0.617124394184168 0.5306060606060606 0.02988691437802908 0.01696969696969697
0 0.5718901453957996 0.5081818181818182 0.02827140549273021 0.017575757575757574
0 0.5795638126009693 0.5248484848484849 0.025040387722132473 0.016363636363636365
0 0.5634087237479806 0.5393939393939394 0.033117932148626815 0.02
0 0.4640549273021002 0.5421212121212121 0.027463651050080775 0.021212121212121213
0 0.4438610662358643 0.5648484848484848 0.03796445880452343 0.023636363636363636
0 0.3562197092084006 0.5354545454545454 0.023424878836833602 0.015151515151515152
0 0.3760096930533118 0.49636363636363634 0.033925686591276254 0.027878787878787878
0 0.1987075928917609 0.5306060606060606 0.02827140549273021 0.019393939393939394
0 0.2084006462035541 0.5648484848484848 0.03150242326332795 0.02181818181818182
0 0.1797253634894992 0.5212121212121212 0.025848142164781908 0.016363636363636365
0 0.21849757673667206 0.6154545454545455 0.025848142164781908 0.017575757575757574
0 0.4438610662358643 0.6363636363636364 0.033117932148626815 0.02303030303030303
0 0.8037156704361874 0.5990909090909091 0.03715670436187399 0.02303030303030303
0 0.8182552504038773 0.6233333333333333 0.0420032310177706 0.023636363636363636
0 0.8768174474959612 0.6012121212121212 0.029079159935379646 0.020606060606060607
0 0.8703554119547657 0.6354545454545455 0.029079159935379646 0.020606060606060607
0 0.8889337641357028 0.5672727272727273 0.03796445880452343 0.02484848484848485
0 0.8994345718901454 0.5881818181818181 0.03231017770597738 0.023636363636363636
0 0.7839256865912763 0.7781818181818182 0.03231017770597738 0.02
0 0.7245557350565428 0.7527272727272727 0.024232633279483037 0.025454545454545455
0 0.8154281098546042 0.803030303030303 0.021809369951534735 0.020606060606060607
0 0.574313408723748 0.7421212121212121 0.033117932148626815 0.021212121212121213
0 0.5496768982229402 0.7018181818181818 0.02665589660743134 0.021212121212121213
0 0.5460420032310178 0.7906060606060606 0.03150242326332795 0.022424242424242423
0 0.48222940226171246 0.833939393939394 0.033117932148626815 0.02303030303030303
0 0.3392568659127625 0.7260606060606061 0.029079159935379646 0.022424242424242423
0 0.2152665589660743 0.706060606060606 0.03150242326332795 0.026060606060606062
0 0.17205169628432956 0.8181818181818182 0.02827140549273021 0.021212121212121213
0 0.29321486268174474 0.8539393939393939 0.029079159935379646 0.023636363636363636
0 0.16397415185783523 0.8863636363636364 0.02665589660743134 0.02
0 0.058562197092084003 0.8596969696969697 0.027463651050080775 0.017575757575757574
0 0.036752827140549275 0.8712121212121212 0.023424878836833602 0.01818181818181818
0 0.034329563812600966 0.9045454545454545 0.015347334410339256 0.019393939393939394
0 0.1494345718901454 0.9678787878787879 0.02827140549273021 0.023636363636363636
0 0.14337641357027464 0.9272727272727272 0.03231017770597738 0.02
0 0.3016962843295638 0.9381818181818182 0.027463651050080775 0.020606060606060607
0 0.28634894991922455 0.9927272727272727 0.02988691437802908 0.014545454545454545
0 0.33279483037156704 0.9806060606060606 0.02827140549273021 0.021212121212121213
0 0.3764135702746365 0.98 0.034733441033925685 0.02484848484848485
0 0.5036348949919225 0.9569696969696969 0.03796445880452343 0.025454545454545455
0 0.5319063004846527 0.9703030303030303 0.02988691437802908 0.02
0 0.7455573505654282 0.9103030303030303 0.025040387722132473 0.01575757575757576
0 0.7079967689822294 0.9209090909090909 0.024232633279483037 0.016363636363636365
0 0.6583198707592892 0.9257575757575758 0.02827140549273021 0.01818181818181818
0 0.7427302100161551 0.980909090909091 0.02988691437802908 0.02181818181818182
0 0.9301292407108239 0.8660606060606061 0.030694668820678513 0.02
0 0.9293214862681745 0.9012121212121212 0.03715670436187399 0.020606060606060607
0 0.7875605815831987 0.9203030303030303 0.03231017770597738 0.02181818181818182
0 0.18618739903069467 0.9657575757575757 0.025040387722132473 0.02