0 0.796875 0.7161885245901639 0.01639344262295082 0.02117486338797814
0 0.7804815573770492 0.7062841530054644 0.019979508196721313 0.022540983606557378
0 0.8142930327868853 0.6892076502732241 0.018954918032786885 0.022540983606557378
0 0.8498975409836066 0.7192622950819673 0.018954918032786885 0.02390710382513661
0 0.782530737704918 0.7728825136612022 0.0194672131147541 0.02117486338797814
0 0.6892930327868853 0.8575819672131147 0.01639344262295082 0.02459016393442623
0 0.7407786885245902 0.7424863387978142 0.021004098360655737 0.02459016393442623
0 0.34451844262295084 0.7295081967213115 0.019979508196721313 0.02459016393442623
0 0.37525614754098363 0.6540300546448088 0.020491803278688523 0.023224043715846996
0 0.11834016393442623 0.764344262295082 0.017418032786885244 0.02117486338797814
0 0.08427254098360656 0.7974726775956285 0.018442622950819672 0.023224043715846996
0 0.06096311475409836 0.7735655737704918 0.0194672131147541 0.022540983606557378
0 0.09887295081967214 0.7482923497267759 0.022540983606557378 0.025956284153005466
0 0.11808401639344263 0.5993852459016393 0.022540983606557378 0.022540983606557378
0 0.10578893442622951 0.5242486338797814 0.021004098360655737 0.02185792349726776
0 0.08196721311475409 0.5153688524590164 0.022540983606557378 0.025956284153005466
0 0.15445696721311475 0.48565573770491804 0.022028688524590164 0.0273224043715847
0 0.1367827868852459 0.4023224043715847 0.0194672131147541 0.02185792349726776
0 0.20081967213114754 0.4723360655737705 0.0235655737704918 0.025273224043715847
0 0.16162909836065573 0.30908469945355194 0.020491803278688523 0.025273224043715847
0 0.23949795081967212 0.28210382513661203 0.0235655737704918 0.025956284153005466
0 0.12064549180327869 0.2510245901639344 0.02459016393442623 0.03278688524590164
0 0.5322745901639344 0.2923497267759563 0.02612704918032787 0.03210382513661202
0 0.5081967213114754 0.34904371584699456 0.025614754098360656 0.03278688524590164
0 0.5202356557377049 0.19398907103825136 0.0235655737704918 0.028005464480874317
0 0.5591700819672131 0.1994535519125683 0.021004098360655737 0.02459016393442623
0 0.5140881147540983 0.23292349726775957 0.027663934426229508 0.03278688524590164
0 0.6278176229508197 0.2735655737704918 0.027151639344262294 0.03210382513661202
0 0.6898053278688525 0.31420765027322406 0.02459016393442623 0.025956284153005466
0 0.7067110655737705 0.2626366120218579 0.025102459016393443 0.030054644808743168
0 0.6147540983606558 0.3442622950819672 0.02663934426229508 0.02459016393442623
0 0.6641905737704918 0.3603142076502732 0.020491803278688523 0.025956284153005466
0 0.6600922131147541 0.4156420765027322 0.021004098360655737 0.02663934426229508
0 0.6649590163934426 0.4426229508196721 0.020491803278688523 0.02459016393442623