0 0.7245250431778929 0.5210219922380336 0.06044905008635579 0.04592496765847348
0 0.562607944732297 0.5760025873221216 0.08290155440414508 0.05886157826649418
0 0.5738341968911918 0.5866752910737387 0.05181347150259067 0.03622250970245795
0 0.5474956822107081 0.5627425614489003 0.054404145077720206 0.04204398447606727
0 0.06951640759930916 0.35478654592496767 0.038860103626943004 0.028460543337645538
0 0.14723661485319517 0.3499353169469599 0.039723661485319514 0.031047865459249677
0 0.14162348877374784 0.47639068564036224 0.04317789291882556 0.03492884864165589
0 0.009067357512953367 0.29915912031047864 0.018134715025906734 0.04333764553686934
0 0.918825561312608 0.6885510996119016 0.05181347150259067 0.042690815006468305
0 0.8855785837651122 0.1649417852522639 0.05613126079447323 0.040103492884864166
0 0.6662348877374784 0.06435963777490297 0.055267702936096716 0.0407503234152652
0 0.16407599309153714 0.05886157826649418 0.04922279792746114 0.03363518758085381
0 0.02936096718480138 0.17141009055627426 0.05872193436960276 0.042690815006468305
0 0.059153713298791016 0.5960543337645536 0.04231433506044905 0.03880983182406209
0 0.1226252158894646 0.5811772315653299 0.04922279792746114 0.03816300129366106
0 0.3160621761658031 0.8001293661060802 0.047495682210708115 0.037516170763260026