0 0.6067708333333334 0.52197265625 0.026692708333333332 0.01953125
0 0.568359375 0.380859375 0.0234375 0.01953125
0 0.6510416666666666 0.44677734375 0.026692708333333332 0.02001953125
0 0.64453125 0.28662109375 0.029947916666666668 0.0244140625
0 0.4811197916666667 0.26171875 0.026692708333333332 0.02294921875
0 0.4973958333333333 0.28076171875 0.0234375 0.0205078125
0 0.515625 0.24658203125 0.026692708333333332 0.02099609375
0 0.458984375 0.28076171875 0.0234375 0.01806640625
0 0.3346354166666667 0.291015625 0.016927083333333332 0.01220703125
0 0.3385416666666667 0.27685546875 0.022135416666666668 0.01513671875
0 0.3873697916666667 0.26708984375 0.017578125 0.01513671875
0 0.3951822916666667 0.25390625 0.021484375 0.015625
0 0.4192708333333333 0.236328125 0.024739583333333332 0.0205078125
0 0.2942708333333333 0.28173828125 0.020833333333333332 0.01953125
0 0.2265625 0.3701171875 0.024739583333333332 0.0205078125
0 0.2682291666666667 0.451171875 0.016276041666666668 0.0146484375
0 0.220703125 0.5341796875 0.020833333333333332 0.0166015625
0 0.400390625 0.5078125 0.022135416666666668 0.01806640625
0 0.4915364583333333 0.52734375 0.01953125 0.01611328125
0 0.4680989583333333 0.58642578125 0.024739583333333332 0.01953125
0 0.40234375 0.62890625 0.018880208333333332 0.01611328125
0 0.392578125 0.6552734375 0.021484375 0.01513671875
0 0.4186197916666667 0.73681640625 0.020182291666666668 0.0166015625
0 0.4088541666666667 0.72412109375 0.020182291666666668 0.01708984375
0 0.3326822916666667 0.73388671875 0.022135416666666668 0.0146484375
0 0.3040364583333333 0.70166015625 0.017578125 0.01416015625
0 0.29296875 0.75 0.017578125 0.0166015625
0 0.2643229166666667 0.7373046875 0.024739583333333332 0.01806640625
0 0.22200520833333334 0.75146484375 0.01953125 0.01611328125
0 0.18294270833333334 0.7666015625 0.022135416666666668 0.01806640625
0 0.25390625 0.78173828125 0.027994791666666668 0.0205078125
0 0.3203125 0.794921875 0.022135416666666668 0.0166015625
0 0.298828125 0.7802734375 0.022135416666666668 0.01904296875
0 0.3522135416666667 0.755859375 0.021484375 0.017578125
0 0.494140625 0.826171875 0.022135416666666668 0.01611328125
0 0.4427083333333333 0.830078125 0.020182291666666668 0.01513671875
0 0.4602864583333333 0.76220703125 0.020182291666666668 0.0205078125
0 0.4752604166666667 0.767578125 0.017578125 0.01513671875
0 0.5078125 0.7509765625 0.01953125 0.01708984375
0 0.392578125 0.7919921875 0.025390625 0.0205078125
0 0.517578125 0.77392578125 0.024739583333333332 0.02294921875
0 0.5201822916666666 0.78369140625 0.015625 0.013671875
0 0.4505208333333333 0.7265625 0.014973958333333334 0.01318359375
0 0.466796875 0.71484375 0.01953125 0.01513671875
0 0.474609375 0.68896484375 0.022786458333333332 0.0185546875
0 0.4986979166666667 0.69091796875 0.017578125 0.0166015625
0 0.5078125 0.66845703125 0.018880208333333332 0.015625
0 0.53515625 0.67919921875 0.016927083333333332 0.015625
0 0.3196614583333333 0.64306640625 0.022786458333333332 0.017578125
0 0.3196614583333333 0.59716796875 0.017578125 0.01513671875
0 0.20247395833333334 0.65966796875 0.022786458333333332 0.02001953125
0 0.197265625 0.69873046875 0.020833333333333332 0.01611328125
0 0.22330729166666666 0.73876953125 0.016276041666666668 0.013671875
0 0.6399739583333334 0.6005859375 0.020182291666666668 0.0166015625
0 0.5944010416666666 0.576171875 0.020182291666666668 0.015625
0 0.650390625 0.58251953125 0.021484375 0.01708984375
0 0.6588541666666666 0.5205078125 0.020833333333333332 0.017578125
0 0.6256510416666666 0.50048828125 0.021484375 0.01416015625
0 0.5930989583333334 0.513671875 0.020833333333333332 0.0146484375
0 0.6009114583333334 0.501953125 0.018229166666666668 0.01318359375
0 0.5911458333333334 0.49072265625 0.0234375 0.01611328125
0 0.525390625 0.482421875 0.020182291666666668 0.0166015625
0 0.5143229166666666 0.46484375 0.02734375 0.01904296875
0 0.453125 0.48095703125 0.017578125 0.0126953125
0 0.4622395833333333 0.509765625 0.025390625 0.02197265625
0 0.34765625 0.474609375 0.020182291666666668 0.01513671875
0 0.3580729166666667 0.4501953125 0.022135416666666668 0.01708984375
0 0.3346354166666667 0.47998046875 0.018229166666666668 0.01318359375
0 0.3697916666666667 0.41455078125 0.018880208333333332 0.013671875
0 0.521484375 0.4130859375 0.024088541666666668 0.0185546875
0 0.7565104166666666 0.4619140625 0.026692708333333332 0.01904296875
0 0.7688802083333334 0.4453125 0.029947916666666668 0.01953125
0 0.8053385416666666 0.46533203125 0.021484375 0.0166015625
0 0.8046875 0.4404296875 0.020833333333333332 0.0166015625
0 0.8098958333333334 0.49072265625 0.02734375 0.0205078125
0 0.8190104166666666 0.47607421875 0.0234375 0.0185546875
0 0.76171875 0.33154296875 0.0234375 0.01611328125
0 0.7194010416666666 0.3466796875 0.018880208333333332 0.01953125
0 0.78515625 0.31591796875 0.016276041666666668 0.01611328125
0 0.6184895833333334 0.34521484375 0.024088541666666668 0.01708984375
0 0.5983072916666666 0.37255859375 0.01953125 0.0166015625
0 0.6048177083333334 0.30810546875 0.022786458333333332 0.01806640625
0 0.5670572916666666 0.27294921875 0.024088541666666668 0.0185546875
0 0.4615885416666667 0.34228515625 0.020833333333333332 0.017578125
0 0.3763020833333333 0.34912109375 0.0234375 0.0205078125
0 0.359375 0.26513671875 0.020833333333333332 0.0166015625
0 0.443359375 0.2470703125 0.020833333333333332 0.0185546875
0 0.3600260416666667 0.2158203125 0.01953125 0.015625
0 0.2877604166666667 0.228515625 0.020182291666666668 0.01416015625
0 0.2747395833333333 0.21875 0.017578125 0.0146484375
0 0.2721354166666667 0.193359375 0.021484375 0.01611328125
0 0.359375 0.15625 0.020833333333333332 0.0185546875
0 0.3509114583333333 0.1845703125 0.022786458333333332 0.01611328125
0 0.45703125 0.1865234375 0.020182291666666668 0.01611328125
0 0.4524739583333333 0.1435546875 0.022135416666666668 0.017578125
0 0.4309895833333333 0.13232421875 0.01953125 0.015625
0 0.482421875 0.158203125 0.020182291666666668 0.0166015625
0 0.51171875 0.1611328125 0.024739583333333332 0.02001953125
0 0.59375 0.185546875 0.02734375 0.0205078125
0 0.61328125 0.177734375 0.021484375 0.01611328125
0 0.7493489583333334 0.23388671875 0.017578125 0.0126953125
0 0.7252604166666666 0.22412109375 0.017578125 0.01318359375
0 0.6927083333333334 0.2177734375 0.020833333333333332 0.0146484375
0 0.7350260416666666 0.16748046875 0.01953125 0.0185546875
0 0.7545572916666666 0.18212890625 0.022135416666666668 0.0185546875
0 0.8671875 0.27734375 0.022135416666666668 0.01611328125
0 0.8704427083333334 0.251953125 0.026041666666666668 0.01708984375
0 0.7779947916666666 0.2294921875 0.022786458333333332 0.017578125
0 0.3834635416666667 0.15966796875 0.018229166666666668 0.01611328125