0 0.203125 0.5009765625 0.026041666666666668 0.0205078125
0 0.3346354166666667 0.37646484375 0.028645833333333332 0.01806640625
0 0.21028645833333334 0.361328125 0.016276041666666668 0.01416015625
0 0.13411458333333334 0.55810546875 0.020182291666666668 0.01513671875
0 0.20638020833333334 0.48046875 0.020833333333333332 0.015625
0 0.27734375 0.51123046875 0.021484375 0.015625
0 0.2506510416666667 0.38037109375 0.033203125 0.0205078125
0 0.5032552083333334 0.58056640625 0.029296875 0.02392578125
0 0.6315104166666666 0.60302734375 0.02734375 0.02099609375
0 0.5703125 0.6181640625 0.02734375 0.02490234375
0 0.619140625 0.51904296875 0.026692708333333332 0.02490234375
0 0.5963541666666666 0.5341796875 0.022135416666666668 0.01513671875
0 0.6666666666666666 0.57470703125 0.031901041666666664 0.01904296875
0 0.7239583333333334 0.5146484375 0.024739583333333332 0.01513671875
0 0.6354166666666666 0.67578125 0.020833333333333332 0.0166015625
0 0.5501302083333334 0.67578125 0.018880208333333332 0.0166015625
0 0.6731770833333334 0.70166015625 0.030598958333333332 0.02001953125
0 0.6796875 0.67041015625 0.03125 0.02099609375
0 0.6569010416666666 0.65478515625 0.021484375 0.01806640625
0 0.5690104166666666 0.6845703125 0.022786458333333332 0.01708984375
0 0.75 0.73388671875 0.0234375 0.01708984375
0 0.8880208333333334 0.70654296875 0.024739583333333332 0.017578125
0 0.880859375 0.66796875 0.020182291666666668 0.013671875
0 0.9088541666666666 0.68408203125 0.026692708333333332 0.01904296875
0 0.8977864583333334 0.72412109375 0.022135416666666668 0.0146484375
0 0.8307291666666666 0.8408203125 0.03125 0.0205078125
0 0.79296875 0.90771484375 0.021484375 0.01708984375
0 0.8561197916666666 0.77392578125 0.020182291666666668 0.015625
0 0.8990885416666666 0.6083984375 0.025390625 0.0185546875
0 0.8951822916666666 0.62353515625 0.025390625 0.01806640625
0 0.9069010416666666 0.63720703125 0.018229166666666668 0.0146484375
0 0.7584635416666666 0.6025390625 0.022135416666666668 0.0205078125
0 0.7727864583333334 0.544921875 0.028645833333333332 0.021484375
0 0.82421875 0.56884765625 0.022135416666666668 0.015625
0 0.8444010416666666 0.46533203125 0.029296875 0.0205078125
0 0.7942708333333334 0.46337890625 0.026041666666666668 0.01904296875
0 0.7526041666666666 0.4306640625 0.022786458333333332 0.01806640625
0 0.84765625 0.43310546875 0.022786458333333332 0.0146484375
0 0.8326822916666666 0.421875 0.02734375 0.01708984375
0 0.8391927083333334 0.41845703125 0.021484375 0.017578125
0 0.7825520833333334 0.361328125 0.024739583333333332 0.017578125
0 0.771484375 0.33203125 0.01953125 0.015625
0 0.87109375 0.3505859375 0.021484375 0.01513671875
0 0.7858072916666666 0.2734375 0.020833333333333332 0.0166015625
0 0.8046875 0.24462890625 0.020182291666666668 0.01318359375
0 0.7486979166666666 0.22998046875 0.024739583333333332 0.01708984375
0 0.8815104166666666 0.15087890625 0.0234375 0.01708984375
0 0.8561197916666666 0.2177734375 0.029296875 0.01953125
0 0.8404947916666666 0.19384765625 0.025390625 0.01708984375
0 0.845703125 0.1669921875 0.018229166666666668 0.0146484375
0 0.7942708333333334 0.1337890625 0.024739583333333332 0.01806640625
0 0.8600260416666666 0.1572265625 0.017578125 0.01171875
0 0.6341145833333334 0.154296875 0.024739583333333332 0.01806640625
0 0.6028645833333334 0.1923828125 0.020182291666666668 0.01611328125
0 0.7180989583333334 0.16650390625 0.020833333333333332 0.01123046875
0 0.7141927083333334 0.1767578125 0.024088541666666668 0.01171875
0 0.7141927083333334 0.19140625 0.02734375 0.017578125
0 0.6158854166666666 0.22802734375 0.0234375 0.013671875
0 0.7311197916666666 0.2099609375 0.017578125 0.01708984375
0 0.4817708333333333 0.2138671875 0.022135416666666668 0.01611328125
0 0.4908854166666667 0.24755859375 0.025390625 0.0146484375
0 0.4322916666666667 0.291015625 0.024739583333333332 0.0185546875
0 0.51171875 0.28662109375 0.026041666666666668 0.0166015625
0 0.4622395833333333 0.287109375 0.020182291666666668 0.015625
0 0.2897135416666667 0.22412109375 0.024739583333333332 0.015625
0 0.25390625 0.23193359375 0.027994791666666668 0.01953125
0 0.3483072916666667 0.24951171875 0.022135416666666668 0.01611328125
0 0.2884114583333333 0.130859375 0.03125 0.017578125
0 0.2604166666666667 0.5908203125 0.031901041666666664 0.0205078125
0 0.2981770833333333 0.76611328125 0.029296875 0.01708984375
0 0.11458333333333333 0.8349609375 0.020182291666666668 0.013671875
0 0.13151041666666666 0.8427734375 0.021484375 0.0166015625
0 0.11393229166666667 0.69384765625 0.012369791666666666 0.0107421875
0 0.11588541666666667 0.68212890625 0.014973958333333334 0.0126953125
0 0.13997395833333334 0.60986328125 0.018229166666666668 0.01416015625
0 0.22330729166666666 0.35693359375 0.013020833333333334 0.0205078125
0 0.20963541666666666 0.15771484375 0.015625 0.01708984375