0 0.18602825745682888 0.4123529411764706 0.036891679748822605 0.028823529411764706
0 0.37990580847723704 0.2876470588235294 0.03924646781789639 0.026470588235294117
0 0.23744113029827316 0.2485294117647059 0.023547880690737835 0.019411764705882354
0 0.08673469387755102 0.46794117647058825 0.0282574568288854 0.021176470588235293
0 0.19623233908948196 0.3885294117647059 0.029827315541601257 0.02235294117647059
0 0.2708006279434851 0.4373529411764706 0.029827315541601257 0.02235294117647059
0 0.2794348508634223 0.27794117647058825 0.04552590266875981 0.03
0 0.5168759811616954 0.558235294117647 0.0423861852433281 0.033529411764705884
0 0.6616954474097331 0.606764705882353 0.038461538461538464 0.029411764705882353
0 0.5847723704866562 0.6141176470588235 0.040031397174254316 0.03411764705882353
0 0.6730769230769231 0.5052941176470588 0.03924646781789639 0.03411764705882353
0 0.641287284144427 0.5194117647058824 0.030612244897959183 0.02176470588235294
0 0.7119309262166404 0.5794117647058824 0.04395604395604396 0.02823529411764706
0 0.7982731554160125 0.518235294117647 0.033751962323390894 0.02235294117647059
0 0.6440345368916798 0.6935294117647058 0.029827315541601257 0.022941176470588236
0 0.543171114599686 0.6788235294117647 0.027472527472527472 0.022941176470588236
0 0.6809262166405023 0.7305882352941176 0.0423861852433281 0.028823529411764706
0 0.6981946624803768 0.695 0.04317111459968603 0.03
0 0.6758241758241759 0.6723529411764706 0.030612244897959183 0.025294117647058825
0 0.5627943485086342 0.6926470588235294 0.03218210361067504 0.02411764705882353
0 0.7617739403453689 0.7820588235294118 0.03296703296703297 0.02411764705882353
0 0.9285714285714286 0.7726470588235295 0.02433281004709576 0.023529411764705882
0 0.9368131868131868 0.726764705882353 0.0282574568288854 0.019411764705882354
0 0.9297488226059655 0.7944117647058824 0.01098901098901099 0.018235294117647058
0 0.8245682888540031 0.9223529411764706 0.04317111459968603 0.029411764705882353
0 0.7594191522762951 0.9914705882352941 0.030612244897959183 0.017058823529411765
0 0.8751962323390895 0.8476470588235294 0.029042386185243328 0.02176470588235294
0 0.9650706436420722 0.6576470588235294 0.012558869701726845 0.022941176470588236
0 0.9580062794348508 0.675 0.01726844583987441 0.022941176470588236
0 0.8120094191522763 0.6282352941176471 0.03218210361067504 0.02823529411764706
0 0.8469387755102041 0.5626470588235294 0.04081632653061224 0.03058823529411765
0 0.9003139717425431 0.5997058823529412 0.030612244897959183 0.02235294117647059
0 0.9560439560439561 0.48058823529411765 0.04081632653061224 0.029411764705882353
0 0.8971742543171115 0.4697058823529412 0.036891679748822605 0.027058823529411764
0 0.8579277864992151 0.4238235294117647 0.03218210361067504 0.025294117647058825
0 0.9697802197802198 0.44323529411764706 0.03139717425431711 0.021176470588235293
0 0.9552590266875981 0.4273529411764706 0.03767660910518053 0.024705882352941175
0 0.9642857142857143 0.4244117647058824 0.030612244897959183 0.024705882352941175
0 0.9148351648351648 0.34705882352941175 0.03453689167974882 0.025294117647058825
0 0.9105180533751962 0.31058823529411766 0.0282574568288854 0.02176470588235294
0 0.945447409733124 0.24382352941176472 0.029827315541601257 0.022941176470588236
0 0.9768445839874411 0.21294117647058824 0.0282574568288854 0.018823529411764704
0 0.9148351648351648 0.18588235294117647 0.03453689167974882 0.024705882352941175
0 0.9905808477237049 0.08 0.018838304552590265 0.02588235294117647
0 0.8025902668759811 0.07676470588235294 0.03453689167974882 0.02588235294117647
0 0.7539246467817896 0.1161764705882353 0.029042386185243328 0.02235294117647059
0 0.8983516483516484 0.10558823529411765 0.0282574568288854 0.017058823529411765
0 0.890502354788069 0.11705882352941177 0.03218210361067504 0.018235294117647058
0 0.8857927786499215 0.13441176470588234 0.03767660910518053 0.025294117647058825
0 0.7582417582417582 0.16058823529411764 0.03218210361067504 0.02
0 0.9003139717425431 0.15911764705882353 0.025902668759811617 0.023529411764705882
0 0.6040031397174255 0.12088235294117647 0.03139717425431711 0.022941176470588236
0 0.6043956043956044 0.1623529411764706 0.03453689167974882 0.02176470588235294
0 0.521585557299843 0.20352941176470588 0.03532182103610675 0.026470588235294117
0 0.6169544740973313 0.21205882352941177 0.03610675039246468 0.02411764705882353
0 0.5584772370486656 0.20411764705882354 0.029042386185243328 0.02176470588235294
0 0.37362637362637363 0.1 0.033751962323390894 0.022941176470588236
0 0.32888540031397173 0.10294117647058823 0.03924646781789639 0.027647058823529413
0 0.43524332810047095 0.14 0.03139717425431711 0.022941176470588236
0 0.22645211930926218 0.5285294117647059 0.04395604395604396 0.03
0 0.217425431711146 0.7423529411764705 0.040031397174254316 0.025294117647058825
0 0.005886970172684459 0.8041176470588235 0.011773940345368918 0.023529411764705882
0 0.02119309262166405 0.625 0.01805337519623234 0.014705882352941176
0 0.027472527472527472 0.6114705882352941 0.02197802197802198 0.01764705882352941
0 0.07810047095761381 0.5302941176470588 0.025902668759811617 0.02
0 0.2543171114599686 0.24558823529411763 0.02197802197802198 0.026470588235294117
0 0.2990580847723705 0.009411764705882352 0.023547880690737835 0.018823529411764704