0 0.7215189873417721 0.4955962059620596 0.0406871609403255 0.02981029810298103
0 0.695750452079566 0.2967479674796748 0.03616636528028933 0.02981029810298103
0 0.7970162748643761 0.39668021680216803 0.0406871609403255 0.03048780487804878
0 0.8191681735985533 0.17513550135501355 0.0461121157323689 0.03726287262872629
0 0.5985533453887885 0.12296747967479675 0.04159132007233273 0.034552845528455285
0 0.6170886075949367 0.15074525745257453 0.03616636528028933 0.03116531165311653
0 0.6487341772151899 0.10569105691056911 0.0406871609403255 0.03184281842818428
0 0.5641952983725136 0.14668021680216803 0.03616636528028933 0.027777777777777776
0 0.39014466546112114 0.14735772357723578 0.02531645569620253 0.018970189701897018
0 0.39828209764918626 0.12838753387533874 0.03345388788426763 0.023035230352303523
0 0.4679023508137432 0.11991869918699187 0.027124773960216998 0.023035230352303523
0 0.4810126582278481 0.10264227642276423 0.0325497287522604 0.023712737127371274
0 0.5176311030741411 0.0809620596205962 0.0379746835443038 0.03116531165311653
0 0.33634719710669075 0.13008130081300814 0.0325497287522604 0.029132791327913278
0 0.2255877034358047 0.244579945799458 0.0379746835443038 0.03116531165311653
0 0.26763110307414106 0.3611111111111111 0.02531645569620253 0.02168021680216802
0 0.18580470162748644 0.47052845528455284 0.03164556962025317 0.025067750677506776
0 0.4394213381555154 0.45359078590785906 0.034358047016274866 0.02710027100271003
0 0.5614828209764918 0.4905149051490515 0.029837251356238697 0.024390243902439025
0 0.5176311030741411 0.5694444444444444 0.0379746835443038 0.02981029810298103
0 0.41862567811934903 0.6209349593495935 0.028933092224231464 0.024390243902439025
0 0.4000904159132007 0.6561653116531165 0.0325497287522604 0.023035230352303523
0 0.41998191681735986 0.771680216802168 0.03074141048824593 0.025067750677506776
0 0.40913200723327303 0.7530487804878049 0.03074141048824593 0.025745257452574527
0 0.30198915009041594 0.758130081300813 0.03345388788426763 0.022357723577235773
0 0.26853526220614826 0.7107046070460704 0.027124773960216998 0.02168021680216802
0 0.244122965641953 0.7760840108401084 0.027124773960216998 0.025067750677506776
0 0.2070524412296564 0.755420054200542 0.0379746835443038 0.027777777777777776
0 0.14556962025316456 0.7703252032520326 0.029837251356238697 0.024390243902439025
0 0.08860759493670886 0.7872628726287263 0.034358047016274866 0.02710027100271003
0 0.18399638336347196 0.8157181571815718 0.042495479204339964 0.03116531165311653
0 0.2730560578661845 0.8411246612466124 0.03345388788426763 0.025067750677506776
0 0.24638336347197107 0.8184281842818428 0.034358047016274866 0.028455284552845527
0 0.32459312839059673 0.790650406504065 0.03345388788426763 0.026422764227642278
0 0.5072332730560579 0.9031165311653117 0.03345388788426763 0.024390243902439025
0 0.43535262206148284 0.9031165311653117 0.03074141048824593 0.023035230352303523
0 0.472875226039783 0.8113143631436315 0.03164556962025317 0.03048780487804878
0 0.4923146473779385 0.8201219512195121 0.027124773960216998 0.023035230352303523
0 0.5406871609403255 0.8008130081300813 0.029837251356238697 0.025745257452574527
0 0.37341772151898733 0.8448509485094851 0.03887884267631103 0.03116531165311653
0 0.5497287522603979 0.8336720867208672 0.03887884267631103 0.034552845528455285
0 0.5510849909584087 0.8472222222222222 0.024412296564195298 0.02032520325203252
0 0.46609403254972875 0.760840108401084 0.023508137432188065 0.01964769647696477
0 0.4909584086799277 0.7466124661246613 0.029837251356238697 0.023035230352303523
0 0.5067811934900542 0.7117208672086721 0.0352622061482821 0.027777777777777776
0 0.5397830018083183 0.717140921409214 0.027124773960216998 0.025067750677506776
0 0.5565099457504521 0.6869918699186992 0.028933092224231464 0.023712737127371274
0 0.5922242314647378 0.7049457994579946 0.026220614828209764 0.023712737127371274
0 0.3015370705244123 0.6314363143631436 0.0352622061482821 0.026422764227642278
0 0.3105786618444846 0.568089430894309 0.027124773960216998 0.023035230352303523
0 0.13652802893309224 0.6415989159891599 0.0352622061482821 0.02981029810298103
0 0.12160940325497288 0.6951219512195121 0.03164556962025317 0.024390243902439025
0 0.15009041591320071 0.7530487804878049 0.02531645569620253 0.02032520325203252
0 0.7522603978300181 0.6077235772357723 0.03074141048824593 0.025067750677506776
0 0.6939421338155516 0.5691056910569106 0.03074141048824593 0.023712737127371274
0 0.7698915009041591 0.5840108401084011 0.0325497287522604 0.025745257452574527
0 0.7938517179023508 0.4993224932249323 0.0325497287522604 0.026422764227642278
0 0.7518083182640145 0.46815718157181574 0.0325497287522604 0.02168021680216802
0 0.7043399638336347 0.48272357723577236 0.03164556962025317 0.022357723577235773
0 0.7174502712477396 0.46747967479674796 0.02802893309222423 0.02032520325203252
0 0.7061482820976492 0.4508807588075881 0.0352622061482821 0.025067750677506776
0 0.6166365280289331 0.43224932249322495 0.03074141048824593 0.025067750677506776
0 0.604882459312839 0.40684281842818426 0.04159132007233273 0.029132791327913278
0 0.5171790235081374 0.42242547425474253 0.027124773960216998 0.01964769647696477
0 0.5244122965641953 0.46307588075880757 0.03887884267631103 0.03319783197831978
0 0.3729656419529837 0.40210027100271 0.03074141048824593 0.023035230352303523
0 0.39195298372513565 0.369579945799458 0.03345388788426763 0.025745257452574527
0 0.3539783001808318 0.40819783197831977 0.02802893309222423 0.02032520325203252
0 0.41500904159132007 0.3214769647696477 0.028933092224231464 0.02100271002710027
0 0.6247739602169982 0.33604336043360433 0.037070524412296565 0.028455284552845527
0 0.939873417721519 0.42920054200542007 0.0406871609403255 0.029132791327913278
0 0.9602169981916817 0.40752032520325204 0.045207956600361664 0.03048780487804878
0 0.9950271247739603 0.4383468834688347 0.009945750452079566 0.024390243902439025
0 0.9972875226039783 0.4037940379403794 0.0054249547920434 0.024390243902439025
0 0.9936708860759493 0.4735772357723577 0.012658227848101266 0.02981029810298103
0 0.9724231464737794 0.24966124661246614 0.0352622061482821 0.025067750677506776
0 0.9109403254972875 0.26592140921409213 0.029837251356238697 0.029132791327913278
0 0.9972875226039783 0.2306910569105691 0.0054249547920434 0.023712737127371274
0 0.7721518987341772 0.2530487804878049 0.03616636528028933 0.026422764227642278
0 0.7386980108499096 0.2886178861788618 0.029837251356238697 0.025067750677506776
0 0.7603978300180831 0.20020325203252032 0.0352622061482821 0.02710027100271003
0 0.7147377938517179 0.14769647696476965 0.037070524412296565 0.028455284552845527
0 0.5556057866184448 0.2320460704607046 0.0325497287522604 0.026422764227642278
0 0.43670886075949367 0.2320460704607046 0.03616636528028933 0.03116531165311653
0 0.4294755877034358 0.11415989159891599 0.03164556962025317 0.025067750677506776
0 0.5488245931283906 0.09857723577235772 0.0325497287522604 0.027777777777777776
0 0.439873417721519 0.046409214092140924 0.029837251356238697 0.023712737127371274
0 0.33770343580470163 0.05589430894308943 0.03074141048824593 0.02168021680216802
0 0.32142857142857145 0.04098915989159892 0.027124773960216998 0.022357723577235773
0 0.3227848101265823 0.008807588075880758 0.0325497287522604 0.017615176151761516
0 0.43309222423146476 0.006775067750677507 0.034358047016274866 0.013550135501355014
0 0.5795660036166366 0.01659891598915989 0.03074141048824593 0.024390243902439025
0 0.7685352622061483 0.03116531165311653 0.04159132007233273 0.028455284552845527
0 0.796112115732369 0.026422764227642278 0.03164556962025317 0.013550135501355014
0 0.9742314647377939 0.11348238482384825 0.027124773960216998 0.01964769647696477
0 0.9430379746835443 0.0975609756097561 0.027124773960216998 0.02032520325203252
0 0.8991862567811935 0.08536585365853659 0.03164556962025317 0.022357723577235773
0 0.9868896925858951 0.04539295392953929 0.026220614828209764 0.02168021680216802