0 0.23143939393939394 0.509090909090909 0.03636363636363636 0.028409090909090908
0 0.3371212121212121 0.34204545454545454 0.038636363636363635 0.026136363636363635
0 0.19090909090909092 0.3494318181818182 0.023484848484848483 0.019318181818181818
0 0.1731060606060606 0.5875 0.02803030303030303 0.021022727272727273
0 0.22803030303030303 0.48522727272727273 0.02878787878787879 0.02159090909090909
0 0.31931818181818183 0.50625 0.029545454545454545 0.02215909090909091
0 0.2431818181818182 0.36306818181818185 0.0446969696969697 0.029545454545454545
0 0.5996212121212121 0.540625 0.041666666666666664 0.03295454545454545
0 0.7526515151515152 0.5409090909090909 0.038636363636363635 0.028977272727272727
0 0.6886363636363636 0.5698863636363637 0.03939393939393939 0.033522727272727273
0 0.709469696969697 0.4480113636363636 0.038636363636363635 0.033522727272727273
0 0.6890151515151515 0.46960227272727273 0.030303030303030304 0.02159090909090909
0 0.7829545454545455 0.5017045454545455 0.04318181818181818 0.02784090909090909
0 0.8268939393939394 0.4224431818181818 0.03333333333333333 0.02215909090909091
0 0.7825757575757576 0.6224431818181818 0.029545454545454545 0.022727272727272728
0 0.6859848484848485 0.6392045454545454 0.02727272727272727 0.022727272727272728
0 0.834469696969697 0.6443181818181818 0.041666666666666664 0.028977272727272727
0 0.831060606060606 0.6076704545454545 0.04242424242424243 0.030113636363636363
0 0.7996212121212121 0.5946022727272727 0.030303030303030304 0.024431818181818183
0 0.7102272727272727 0.6454545454545455 0.031818181818181815 0.023863636363636365
0 0.9329545454545455 0.6659090909090909 0.03257575757575758 0.023863636363636365
0 0.8965909090909091 0.5153409090909091 0.03257575757575758 0.02784090909090909
0 0.8928030303030303 0.4471590909090909 0.04015151515151515 0.030113636363636363
0 0.959469696969697 0.4642045454545455 0.030303030303030304 0.02215909090909091
0 0.9462121212121212 0.34289772727272727 0.04015151515151515 0.028977272727272727
0 0.8886363636363637 0.35056818181818183 0.03636363636363636 0.026704545454545453
0 0.8299242424242425 0.3215909090909091 0.031818181818181815 0.025
0 0.9386363636363636 0.30568181818181817 0.03106060606060606 0.021022727272727273
0 0.9178030303030303 0.29602272727272727 0.037121212121212124 0.025
0 0.9238636363636363 0.290625 0.030303030303030304 0.024431818181818183
0 0.8397727272727272 0.2372159090909091 0.03409090909090909 0.025
0 0.8170454545454545 0.2059659090909091 0.02727272727272727 0.02159090909090909
0 0.8128787878787879 0.13693181818181818 0.029545454545454545 0.022727272727272728
0 0.8242424242424242 0.1002840909090909 0.02727272727272727 0.01875
0 0.7553030303030303 0.09488636363636363 0.03409090909090909 0.024431818181818183
0 0.8666666666666667 0.061079545454545456 0.02803030303030303 0.02556818181818182
0 0.8469696969696969 0.03579545454545455 0.03484848484848485 0.024431818181818183
0 0.8431818181818181 0.007102272727272727 0.025757575757575757 0.014204545454545454
0 0.5992424242424242 0.03153409090909091 0.03409090909090909 0.02556818181818182
0 0.5768939393939394 0.08068181818181819 0.02878787878787879 0.02215909090909091
0 0.6984848484848485 0.028977272727272727 0.02727272727272727 0.017045454545454544
0 0.6977272727272728 0.041193181818181816 0.03106060606060606 0.01818181818181818
0 0.703030303030303 0.05795454545454545 0.037121212121212124 0.02556818181818182
0 0.6041666666666666 0.11875 0.03106060606060606 0.019886363636363636
0 0.7284090909090909 0.07556818181818181 0.025757575757575757 0.022727272727272728
0 0.44734848484848483 0.12897727272727272 0.03106060606060606 0.022727272727272728
0 0.4693181818181818 0.1653409090909091 0.03409090909090909 0.02159090909090909
0 0.41818181818181815 0.22613636363636364 0.03484848484848485 0.026136363636363635
0 0.506439393939394 0.2056818181818182 0.035606060606060606 0.023863636363636365
0 0.45075757575757575 0.2159090909090909 0.02803030303030303 0.02159090909090909
0 0.23295454545454544 0.1784090909090909 0.03333333333333333 0.022727272727272728
0 0.19507575757575757 0.1940340909090909 0.038636363636363635 0.02784090909090909
0 0.30833333333333335 0.19545454545454546 0.03106060606060606 0.022727272727272728
0 0.19886363636363635 0.07272727272727272 0.041666666666666664 0.026136363636363635
0 0.32765151515151514 0.5997159090909091 0.04318181818181818 0.029545454545454545
0 0.4318181818181818 0.7911931818181818 0.03939393939393939 0.025
0 0.24772727272727274 0.9051136363636364 0.02803030303030303 0.019318181818181818
0 0.2696969696969697 0.9107954545454545 0.030303030303030304 0.023295454545454546
0 0.19772727272727272 0.7454545454545455 0.017424242424242425 0.014772727272727272
0 0.19583333333333333 0.7318181818181818 0.021212121212121213 0.017613636363636363
0 0.19772727272727272 0.6451704545454545 0.025757575757575757 0.019886363636363636
0 0.20416666666666666 0.3417613636363636 0.02196969696969697 0.02556818181818182
0 0.11893939393939394 0.11875 0.023484848484848483 0.022727272727272728