0 0.7646588486140725 0.7268847795163584 0.01812366737739872 0.02275960170697013
0 0.7481343283582089 0.715149359886202 0.021321961620469083 0.024893314366998577
0 0.7841151385927505 0.7005689900426743 0.02025586353944563 0.024893314366998577
0 0.8195628997867804 0.7354196301564723 0.020788912579957356 0.02631578947368421
0 0.7468017057569296 0.7844950213371266 0.021321961620469083 0.023470839260312945
0 0.6452558635394456 0.8634423897581792 0.01812366737739872 0.02631578947368421
0 0.704957356076759 0.7485775248933144 0.022921108742004266 0.02702702702702703
0 0.2942430703624733 0.6970128022759602 0.02185501066098081 0.02702702702702703
0 0.3302238805970149 0.6212660028449503 0.02185501066098081 0.025604551920341393
0 0.057569296375266525 0.7112375533428165 0.019189765458422176 0.023470839260312945
0 0.020522388059701493 0.7421763869132291 0.02025586353944563 0.025604551920341393
0 0.003997867803837953 0.715149359886202 0.007995735607675906 0.024893314366998577
0 0.03837953091684435 0.6927453769559033 0.024520255863539446 0.029160739687055477
0 0.06636460554371001 0.5398293029871978 0.02398720682302772 0.025604551920341393
0 0.05783582089552239 0.4605263157894737 0.022921108742004266 0.02418207681365576
0 0.03331556503198294 0.4491465149359886 0.024520255863539446 0.029160739687055477
0 0.11034115138592751 0.42496443812233287 0.02398720682302772 0.029871977240398292
0 0.0964818763326226 0.3367709815078236 0.021321961620469083 0.02418207681365576
0 0.15911513859275053 0.41571834992887624 0.0255863539445629 0.027738264580369845
0 0.12739872068230276 0.24253200568990044 0.022388059701492536 0.027738264580369845
0 0.2097547974413646 0.22190611664295876 0.0255863539445629 0.02844950213371266
0 0.08795309168443496 0.17816500711237554 0.027185501066098083 0.03556187766714083
0 0.5130597014925373 0.26066856330014226 0.028784648187633263 0.03556187766714083
0 0.48480810234541577 0.31756756756756754 0.028251599147121536 0.03556187766714083
0 0.5061300639658849 0.15789473684210525 0.0255863539445629 0.031294452347083924
0 0.5461087420042644 0.16678520625889046 0.022921108742004266 0.02702702702702703
0 0.4976012793176972 0.19736842105263158 0.030383795309168442 0.03627311522048364
0 0.613272921108742 0.2507112375533428 0.02931769722814499 0.03556187766714083
0 0.6753731343283582 0.29871977240398295 0.026652452025586353 0.02844950213371266
0 0.6956289978678039 0.24715504978662872 0.027185501066098083 0.032716927453769556
0 0.595682302771855 0.3229018492176387 0.028251599147121536 0.027738264580369845
0 0.6463219616204691 0.34459459459459457 0.022388059701492536 0.02844950213371266
0 0.6388592750533049 0.4011379800853485 0.022921108742004266 0.029160739687055477
0 0.642590618336887 0.4299431009957326 0.022388059701492536 0.02702702702702703