0 0.35104166666666664 0.6971354166666667 0.03680555555555556 0.03177083333333333
0 0.4201388888888889 0.72109375 0.034722222222222224 0.03229166666666667
0 0.16701388888888888 0.69921875 0.03333333333333333 0.025520833333333333
0 0.17083333333333334 0.7440104166666667 0.03680555555555556 0.029166666666666667
0 0.1486111111111111 0.734375 0.03125 0.026041666666666668
0 0.16319444444444445 0.7359375 0.05 0.0375
0 0.14583333333333334 0.6546875 0.02847222222222222 0.024479166666666666
0 0.11875 0.5895833333333333 0.034027777777777775 0.03125
0 0.1375 0.49505208333333334 0.034722222222222224 0.028645833333333332
0 0.12916666666666668 0.5270833333333333 0.03125 0.029166666666666667
0 0.14166666666666666 0.39921875 0.029861111111111113 0.026041666666666668
0 0.13784722222222223 0.4203125 0.027777777777777776 0.025
0 0.32083333333333336 0.41484375 0.03819444444444445 0.029166666666666667
0 0.21631944444444445 0.4010416666666667 0.03125 0.027083333333333334
0 0.17673611111111112 0.26015625 0.02847222222222222 0.027083333333333334
0 0.309375 0.25755208333333335 0.029861111111111113 0.025
0 0.30451388888888886 0.28125 0.034027777777777775 0.029166666666666667
0 0.24722222222222223 0.2638020833333333 0.03125 0.027083333333333334
0 0.17847222222222223 0.22786458333333334 0.034722222222222224 0.03333333333333333
0 0.18159722222222222 0.22109375 0.03333333333333333 0.029166666666666667
0 0.2309027777777778 0.15130208333333334 0.03611111111111111 0.0296875
0 0.24027777777777778 0.14453125 0.030555555555555555 0.022916666666666665
0 0.22291666666666668 0.15520833333333334 0.029861111111111113 0.025520833333333333
0 0.32222222222222224 0.09661458333333334 0.03680555555555556 0.030729166666666665
0 0.25833333333333336 0.096875 0.03194444444444444 0.029166666666666667
0 0.3059027777777778 0.08046875 0.02847222222222222 0.022395833333333334
0 0.4361111111111111 0.103125 0.03958333333333333 0.029166666666666667
0 0.3597222222222222 0.13671875 0.030555555555555555 0.025
0 0.44722222222222224 0.23046875 0.03194444444444444 0.025
0 0.4930555555555556 0.11119791666666666 0.029166666666666667 0.021875
0 0.47638888888888886 0.12135416666666667 0.029166666666666667 0.019270833333333334
0 0.4829861111111111 0.13515625 0.02361111111111111 0.017708333333333333
0 0.46979166666666666 0.13880208333333333 0.02013888888888889 0.016666666666666666
0 0.5375 0.10885416666666667 0.027777777777777776 0.020833333333333332
0 0.5493055555555556 0.14088541666666668 0.03611111111111111 0.027604166666666666
0 0.5552083333333333 0.16458333333333333 0.03333333333333333 0.026041666666666668
0 0.5270833333333333 0.19322916666666667 0.034027777777777775 0.029166666666666667
0 0.6565972222222223 0.16223958333333333 0.03263888888888889 0.028645833333333332
0 0.6586805555555556 0.15416666666666667 0.03125 0.027604166666666666
0 0.6298611111111111 0.17109375 0.034722222222222224 0.0234375
0 0.7020833333333333 0.215625 0.030555555555555555 0.022916666666666665
0 0.6048611111111111 0.22734375 0.035416666666666666 0.03125
0 0.7097222222222223 0.1265625 0.02638888888888889 0.018229166666666668
0 0.6989583333333333 0.15052083333333333 0.04236111111111111 0.03125
0 0.7211805555555556 0.15338541666666666 0.034027777777777775 0.027083333333333334
0 0.709375 0.15442708333333333 0.02013888888888889 0.028125
0 0.7788194444444444 0.24088541666666666 0.02638888888888889 0.022916666666666665
0 0.7756944444444445 0.2565104166666667 0.029861111111111113 0.026041666666666668
0 0.7371527777777778 0.27265625 0.029861111111111113 0.024479166666666666
0 0.8152777777777778 0.3033854166666667 0.03194444444444444 0.028645833333333332
0 0.7190972222222223 0.3494791666666667 0.030555555555555555 0.025520833333333333
0 0.9086805555555556 0.32838541666666665 0.022916666666666665 0.022916666666666665
0 0.8440972222222223 0.2513020833333333 0.03333333333333333 0.021875
0 0.8559027777777778 0.3609375 0.021527777777777778 0.018229166666666668
0 0.7965277777777777 0.37265625 0.03333333333333333 0.025
0 0.8208333333333333 0.48489583333333336 0.027777777777777776 0.022916666666666665
0 0.7746527777777777 0.48880208333333336 0.029861111111111113 0.0265625
0 0.7975694444444444 0.5372395833333333 0.029166666666666667 0.027604166666666666
0 0.8829861111111111 0.6346354166666667 0.03263888888888889 0.027083333333333334
0 0.7614583333333333 0.7302083333333333 0.03611111111111111 0.027083333333333334
0 0.6840277777777778 0.8244791666666667 0.02638888888888889 0.023958333333333335
0 0.8319444444444445 0.7911458333333333 0.029861111111111113 0.025
0 0.4847222222222222 0.8166666666666667 0.03263888888888889 0.025520833333333333
0 0.4076388888888889 0.8098958333333334 0.027083333333333334 0.025
0 0.5055555555555555 0.75703125 0.03333333333333333 0.025
0 0.5534722222222223 0.75859375 0.03263888888888889 0.025
0 0.5861111111111111 0.7192708333333333 0.03125 0.027083333333333334
0 0.5489583333333333 0.49453125 0.03263888888888889 0.027604166666666666
0 0.5395833333333333 0.5197916666666667 0.03333333333333333 0.028645833333333332
0 0.509375 0.53671875 0.034027777777777775 0.028645833333333332
0 0.5263888888888889 0.4125 0.02847222222222222 0.025
0 0.4736111111111111 0.17239583333333333 0.02638888888888889 0.024479166666666666
0 0.44583333333333336 0.25078125 0.027083333333333334 0.027083333333333334
0 0.4083333333333333 0.26484375 0.029861111111111113 0.025
0 0.4173611111111111 0.29401041666666666 0.030555555555555555 0.024479166666666666
0 0.4107638888888889 0.3098958333333333 0.027777777777777776 0.022916666666666665
0 0.396875 0.30703125 0.022916666666666665 0.021354166666666667
0 0.23576388888888888 0.3216145833333333 0.025694444444444443 0.0234375
0 0.2677083333333333 0.36822916666666666 0.027777777777777776 0.023958333333333335
0 0.26006944444444446 0.4078125 0.027777777777777776 0.025520833333333333
0 0.3597222222222222 0.334375 0.017361111111111112 0.025520833333333333
0 0.28958333333333336 0.18385416666666668 0.027777777777777776 0.0234375
0 0.39305555555555555 0.16302083333333334 0.027777777777777776 0.0234375
0 0.4722222222222222 0.7080729166666667 0.034027777777777775 0.027083333333333334
0 0.43819444444444444 0.6619791666666667 0.024305555555555556 0.021875
0 0.4083333333333333 0.6528645833333333 0.03819444444444445 0.03125
0 0.5159722222222223 0.7997395833333333 0.030555555555555555 0.025520833333333333
0 0.5423611111111111 0.7861979166666667 0.030555555555555555 0.025
0 0.24444444444444444 0.8239583333333333 0.027777777777777776 0.022916666666666665
0 0.10416666666666667 0.79453125 0.025 0.021354166666666667
0 0.10590277777777778 0.7138020833333333 0.0375 0.029166666666666667
0 0.09652777777777778 0.6770833333333334 0.025694444444444443 0.022395833333333334