0 0.5958702064896755 0.8531526548672567 0.048672566371681415 0.03761061946902655
0 0.49926253687315636 0.8542588495575221 0.045722713864306784 0.03816371681415929
0 0.8148967551622419 0.9217367256637168 0.04424778761061947 0.030973451327433628
0 0.7842920353982301 0.9693030973451328 0.0471976401179941 0.034292035398230086
0 0.8163716814159292 0.9673672566371682 0.04056047197640118 0.030973451327433628
0 0.7979351032448377 0.963495575221239 0.06415929203539823 0.04535398230088496
0 0.8657817109144543 0.8805309734513275 0.03761061946902655 0.0293141592920354
0 0.7964601769911505 0.5533738938053098 0.048672566371681415 0.03484513274336283
0 0.9277286135693216 0.5763274336283186 0.03982300884955752 0.032079646017699116
0 0.9000737463126843 0.384679203539823 0.038348082595870206 0.029867256637168143
0 0.8915929203539823 0.4120575221238938 0.043510324483775814 0.03484513274336283
0 0.9705014749262537 0.413716814159292 0.03908554572271387 0.032079646017699116
0 0.9767699115044248 0.20243362831858408 0.046460176991150445 0.03650442477876106
0 0.9937315634218289 0.19109513274336284 0.012536873156342183 0.027101769911504425
0 0.8373893805309734 0.16869469026548672 0.05088495575221239 0.03484513274336283
0 0.9096607669616519 0.23368362831858408 0.04056047197640118 0.030420353982300884
0 0.7514749262536873 0.3047566371681416 0.04129793510324484 0.030420353982300884
0 0.765117994100295 0.1570796460176991 0.03687315634218289 0.02654867256637168
0 0.7798672566371682 0.17422566371681417 0.03761061946902655 0.023230088495575223
0 0.7636430678466076 0.18722345132743362 0.03023598820058997 0.02157079646017699
0 0.7776548672566371 0.19551991150442477 0.025073746312684365 0.01991150442477876
0 0.7138643067846607 0.1388274336283186 0.035398230088495575 0.025442477876106196
0 0.6814159292035398 0.16952433628318583 0.046460176991150445 0.03373893805309734
0 0.6600294985250738 0.1933075221238938 0.04277286135693215 0.03152654867256637
0 0.6769911504424779 0.23506637168141592 0.043510324483775814 0.034292035398230086
0 0.540929203539823 0.1543141592920354 0.04277286135693215 0.034292035398230086
0 0.543141592920354 0.144358407079646 0.04056047197640118 0.033185840707964605
0 0.5678466076696165 0.17339601769911506 0.04424778761061947 0.02820796460176991
0 0.4557522123893805 0.19690265486725664 0.03982300884955752 0.027101769911504425
0 0.5652654867256637 0.24446902654867256 0.045722713864306784 0.03761061946902655
0 0.497787610619469 0.09651548672566372 0.033185840707964605 0.022123893805309734
0 0.4974188790560472 0.12665929203539822 0.05457227138643068 0.03705752212389381
0 0.4690265486725664 0.12112831858407079 0.043510324483775814 0.03263274336283186
0 0.4823008849557522 0.12665929203539822 0.02728613569321534 0.033185840707964605
0 0.3502949852507375 0.19690265486725664 0.03392330383480826 0.027101769911504425
0 0.3443952802359882 0.21515486725663716 0.03908554572271387 0.030973451327433628
0 0.3805309734513274 0.24640486725663716 0.03908554572271387 0.0293141592920354
0 0.2702802359882006 0.252212389380531 0.04129793510324484 0.034292035398230086
0 0.35766961651917406 0.3379424778761062 0.03982300884955752 0.030420353982300884
0 0.14454277286135694 0.24640486725663716 0.03023598820058997 0.027101769911504425
0 0.2662241887905605 0.1844579646017699 0.04277286135693215 0.027101769911504425
0 0.1887905604719764 0.30060840707964603 0.028023598820058997 0.022123893805309734
0 0.2529498525073746 0.3346238938053097 0.04277286135693215 0.029867256637168143
0 0.15892330383480827 0.4499446902654867 0.035398230088495575 0.02765486725663717
0 0.21128318584070796 0.4706858407079646 0.038348082595870206 0.03152654867256637
0 0.15597345132743362 0.516316371681416 0.03761061946902655 0.03263274336283186
0 0.00995575221238938 0.5918141592920354 0.01991150442477876 0.032079646017699116
0 0.08775811209439528 0.7411504424778761 0.045722713864306784 0.033185840707964605
0 0.12573746312684367 0.8725110619469026 0.03466076696165192 0.02820796460176991
0 0.3687315634218289 0.9363938053097345 0.04277286135693215 0.030973451327433628
0 0.46349557522123896 0.9565818584070797 0.03466076696165192 0.0293141592920354
0 0.377212389380531 0.8625553097345132 0.043510324483775814 0.030420353982300884
0 0.3193215339233038 0.8473451327433629 0.04277286135693215 0.030420353982300884
0 0.3030973451327434 0.7925884955752213 0.03982300884955752 0.032079646017699116
0 0.4775073746312684 0.5583517699115044 0.04129793510324484 0.033185840707964605
0 0.474188790560472 0.5898783185840708 0.043510324483775814 0.03373893805309734
0 0.4996312684365782 0.6189159292035398 0.043510324483775814 0.034292035398230086
0 0.5512536873156342 0.4764933628318584 0.03687315634218289 0.029867256637168143
0 0.7533185840707964 0.2314712389380531 0.03392330383480826 0.028761061946902654
0 0.7407817109144543 0.32798672566371684 0.03466076696165192 0.032079646017699116
0 0.7769174041297935 0.35702433628318586 0.03908554572271387 0.030420353982300884
0 0.75 0.3857853982300885 0.04056047197640118 0.0293141592920354
0 0.7481563421828908 0.40569690265486724 0.036135693215339236 0.02765486725663717
0 0.7676991150442478 0.40707964601769914 0.029498525073746312 0.024889380530973452
0 0.9509587020648967 0.4817477876106195 0.03392330383480826 0.02820796460176991
0 0.8853244837758112 0.5218473451327433 0.03687315634218289 0.02820796460176991
0 0.8720501474926253 0.5674778761061947 0.036135693215339236 0.030420353982300884
0 0.7957227138643068 0.4504977876106195 0.02359882005899705 0.029867256637168143
0 0.9660766961651918 0.3108407079646018 0.03687315634218289 0.02820796460176991
0 0.8550884955752213 0.25 0.036135693215339236 0.02820796460176991
0 0.44616519174041297 0.8219026548672567 0.043510324483775814 0.032079646017699116
0 0.512905604719764 0.7826327433628318 0.030973451327433628 0.025995575221238937
0 0.5534660766961652 0.7840154867256637 0.048672566371681415 0.03650442477876106
0 0.3396017699115044 0.90625 0.04056047197640118 0.030420353982300884
0 0.3163716814159292 0.8816371681415929 0.03982300884955752 0.029867256637168143