0 0.6416440217391305 0.34394093686354377 0.024456521739130436 0.023421588594704685
0 0.6644021739130435 0.4088594704684318 0.025135869565217392 0.0269857433808554
0 0.506453804347826 0.3436863543788187 0.026494565217391304 0.020875763747454174
0 0.5526494565217391 0.30728105906313646 0.021739130434782608 0.026476578411405296
0 0.5998641304347826 0.2925152749490835 0.019021739130434784 0.02494908350305499
0 0.4986413043478261 0.18635437881873726 0.021059782608695652 0.025967413441955193
0 0.5971467391304348 0.2120672097759674 0.019021739130434784 0.023930753564154784
0 0.5400815217391305 0.26323828920570264 0.017663043478260868 0.01883910386965377
0 0.6701766304347826 0.22530549898167007 0.025135869565217392 0.020366598778004074
0 0.5190217391304348 0.27113034623217924 0.016304347826086956 0.017311608961303463
0 0.19191576086956522 0.23116089613034624 0.024456521739130436 0.01985743380855397
0 0.3060461956521739 0.2479633401221996 0.02309782608695652 0.019348268839103868
0 0.33797554347826086 0.1614052953156823 0.019021739130434784 0.02240325865580448
0 0.2139945652173913 0.2640020366598778 0.02377717391304348 0.020875763747454174
0 0.2639266304347826 0.3136456211812627 0.027853260869565216 0.01883910386965377
0 0.2944972826086957 0.37525458248472504 0.021059782608695652 0.015274949083503055
0 0.2313179347826087 0.4226069246435845 0.021059782608695652 0.017820773930753563
0 0.21365489130434784 0.39689409368635437 0.021059782608695652 0.01985743380855397
0 0.29279891304347827 0.47021384928716903 0.02717391304347826 0.020875763747454174
0 0.20991847826086957 0.47021384928716903 0.020380434782608696 0.021384928716904276
0 0.359375 0.47886965376782076 0.025135869565217392 0.018329938900203666
0 0.3311820652173913 0.6270366598778004 0.015625 0.020366598778004074
0 0.25407608695652173 0.6759164969450102 0.014945652173913044 0.021384928716904276
0 0.18104619565217392 0.7263238289205702 0.020380434782608696 0.020875763747454174
0 0.25339673913043476 0.8744908350305499 0.02309782608695652 0.02189409368635438
0 0.21229619565217392 0.9488289205702648 0.016983695652173912 0.015784114052953158
0 0.35122282608695654 0.914969450101833 0.019021739130434784 0.0269857433808554
0 0.5855978260869565 0.9343177189409368 0.020380434782608696 0.0269857433808554
0 0.483695652173913 0.910132382892057 0.015625 0.018329938900203666
0 0.6416440217391305 0.8892566191446029 0.017663043478260868 0.02240325865580448
0 0.5414402173913043 0.9389002036659878 0.014266304347826086 0.020366598778004074
0 0.5387228260869565 0.7866598778004074 0.015625 0.01883910386965377
0 0.5268342391304348 0.7130855397148677 0.02309782608695652 0.018329938900203666
0 0.6114130434782609 0.5931771894093686 0.021739130434782608 0.017311608961303463
0 0.48403532608695654 0.5165478615071283 0.01970108695652174 0.02240325865580448
0 0.44191576086956524 0.5078920570264766 0.01970108695652174 0.020366598778004074
0 0.46297554347826086 0.5122199592668024 0.021739130434782608 0.023421588594704685
0 0.5859375 0.5127291242362525 0.017663043478260868 0.019348268839103868
0 0.4249320652173913 0.48065173116089616 0.016304347826086956 0.019348268839103868
0 0.4609375 0.42820773930753564 0.014945652173913044 0.018329938900203666
0 0.6209239130434783 0.18533604887983707 0.014266304347826086 0.020366598778004074
0 0.6134510869565217 0.20824847250509165 0.017663043478260868 0.02494908350305499
0 0.6932744565217391 0.18737270875763748 0.015625 0.020366598778004074
0 0.6970108695652174 0.20723014256619143 0.017663043478260868 0.021384928716904276
0 0.8148777173913043 0.310081466395112 0.019021739130434784 0.02189409368635438
0 0.8552989130434783 0.4088594704684318 0.026494565217391304 0.022912423625254582
0 0.734375 0.4679226069246436 0.028532608695652172 0.023930753564154784
0 0.852921195652174 0.480142566191446 0.022418478260869564 0.020366598778004074
0 0.852921195652174 0.6603869653767821 0.024456521739130436 0.019348268839103868
0 0.8128396739130435 0.7219959266802444 0.024456521739130436 0.025458248472505093
0 0.8206521739130435 0.7886965376782077 0.018342391304347828 0.023421588594704685
0 0.8695652173913043 0.8780549898167006 0.01358695652173913 0.018329938900203666
0 0.7153532608695652 0.9045315682281059 0.014266304347826086 0.019348268839103868
0 0.8746603260869565 0.6626782077393075 0.01970108695652174 0.024439918533604887
0 0.8213315217391305 0.2370162932790224 0.017663043478260868 0.020366598778004074
0 0.44938858695652173 0.164969450101833 0.021059782608695652 0.025967413441955193
0 0.40523097826086957 0.20035641547861507 0.021059782608695652 0.017820773930753563
0 0.5614809782608695 0.5379327902240326 0.030570652173913044 0.020875763747454174
0 0.5261548913043478 0.549643584521385 0.029211956521739132 0.01985743380855397
0 0.33933423913043476 0.5473523421588594 0.029211956521739132 0.023421588594704685
0 0.24286684782608695 0.5389511201629328 0.025815217391304348 0.018329938900203666
0 0.35971467391304346 0.5740835030549898 0.026494565217391304 0.01985743380855397
0 0.31657608695652173 0.7963340122199593 0.02309782608695652 0.018329938900203666
0 0.33322010869565216 0.7838594704684317 0.019021739130434784 0.015784114052953158
0 0.08899456521739131 0.5883401221995926 0.02377717391304348 0.02189409368635438
0 0.10733695652173914 0.5259674134419552 0.027853260869565216 0.02494908350305499
0 0.15081521739130435 0.5285132382892057 0.026494565217391304 0.02240325865580448
0 0.2798913043478261 0.36227087576374745 0.026494565217391304 0.020875763747454174
0 0.34035326086956524 0.29378818737270873 0.03872282608695652 0.025967413441955193
0 0.5862771739130435 0.3174643584521385 0.03125 0.025458248472505093
0 0.6942934782608695 0.3182281059063136 0.036684782608695655 0.0274949083503055
0 0.8780570652173914 0.15835030549898166 0.027853260869565216 0.020366598778004074
0 0.8406929347826086 0.2484725050916497 0.02309782608695652 0.020366598778004074
0 0.7802309782608695 0.3128818737270876 0.022418478260869564 0.020366598778004074
0 0.8787364130434783 0.45137474541751527 0.026494565217391304 0.02494908350305499
0 0.6453804347826086 0.6743890020366599 0.02717391304347826 0.02240325865580448
0 0.7112771739130435 0.6733706720977597 0.026494565217391304 0.020875763747454174
0 0.7150135869565217 0.689663951120163 0.026494565217391304 0.020366598778004074
0 0.11209239130434782 0.7413441955193483 0.01970108695652174 0.021384928716904276
0 0.12737771739130435 0.810336048879837 0.02377717391304348 0.02494908350305499
0 0.5183423913043478 0.8174643584521385 0.024456521739130436 0.017820773930753563
0 0.6661005434782609 0.920061099796334 0.02717391304347826 0.026476578411405296
0 0.6990489130434783 0.7942973523421588 0.03736413043478261 0.028513238289205704