0 0.3816211878009631 0.4184717208182912 0.028892455858747994 0.027677496991576414
0 0.3816211878009631 0.48826714801444043 0.030497592295345103 0.031287605294825514
0 0.5040128410914928 0.39229843561973526 0.02969502407704655 0.025872442839951864
0 0.4510433386837881 0.36401925391095064 0.026484751203852328 0.030685920577617327
0 0.40369181380417335 0.3592057761732852 0.024879614767255216 0.02888086642599278
0 0.46147672552166935 0.2328519855595668 0.025682182985553772 0.029482551143200964
0 0.38001605136436595 0.2770758122743682 0.024077046548956663 0.027677496991576414
0 0.4482343499197432 0.3176895306859206 0.021669341894060994 0.021660649819494584
0 0.31902086677367575 0.30505415162454874 0.028089887640449437 0.0246690734055355
0 0.47030497592295345 0.32160048134777375 0.019261637239165328 0.02045728038507822
0 0.7528089887640449 0.2181107099879663 0.028089887640449437 0.024067388688327317
0 0.6556982343499197 0.25661853188929 0.026484751203852328 0.023465703971119134
0 0.5991171749598716 0.1762936221419976 0.024077046548956663 0.025872442839951864
0 0.7439807383627608 0.25541516245487367 0.028089887640449437 0.02527075812274368
0 0.713884430176565 0.31558363417569196 0.030497592295345103 0.023465703971119134
0 0.7058587479935795 0.38297232250300844 0.023274478330658106 0.01865222623345367
0 0.7772873194221509 0.41817087845968715 0.024077046548956663 0.021660649819494584
0 0.7865168539325843 0.38898916967509023 0.024879614767255216 0.024067388688327317
0 0.7371589085072231 0.47833935018050544 0.030497592295345103 0.025872442839951864
0 0.812199036918138 0.4620938628158845 0.024879614767255216 0.025872442839951864
0 0.6797752808988764 0.5 0.028089887640449437 0.02286401925391095
0 0.7520064205457464 0.6429001203369434 0.020064205457463884 0.023465703971119134
0 0.8370786516853933 0.6771961492178099 0.019261637239165328 0.024067388688327317
0 0.9185393258426966 0.7135980746089049 0.024879614767255216 0.02527075812274368
0 0.9004815409309791 0.8769554753309265 0.026484751203852328 0.025872442839951864
0 0.9606741573033708 0.9434416365824309 0.020064205457463884 0.01865222623345367
0 0.8238362760834671 0.9362214199759326 0.024879614767255216 0.030685920577617327
0 0.6179775280898876 0.9921780986762936 0.024879614767255216 0.013237063778580024
0 0.7026484751203852 0.9569795427196149 0.019261637239165328 0.0210589651022864
0 0.5533707865168539 0.96690734055355 0.02247191011235955 0.02527075812274368
0 0.6601123595505618 0.9918772563176895 0.01765650080256822 0.012033694344163659
0 0.6147672552166934 0.8438628158844765 0.019261637239165328 0.021660649819494584
0 0.6019261637239165 0.7677496991576414 0.026484751203852328 0.02286401925391095
0 0.4875601926163724 0.6633574007220217 0.024879614767255216 0.0210589651022864
0 0.5786516853932584 0.5616726835138387 0.024077046548956663 0.025872442839951864
0 0.6143659711075441 0.5448255114320096 0.023274478330658106 0.023465703971119134
0 0.5959069020866774 0.5535499398315282 0.026484751203852328 0.027677496991576414
0 0.48475120385232745 0.5773164861612515 0.021669341894060994 0.022262334536702767
0 0.6215890850722311 0.5141395908543923 0.020064205457463884 0.022262334536702767
0 0.5714285714285714 0.4684115523465704 0.018459069020866775 0.0210589651022864
0 0.35152487961476725 0.25511432009626955 0.018459069020866775 0.02286401925391095
0 0.3647672552166934 0.2767749699157641 0.02247191011235955 0.027677496991576414
0 0.286115569823435 0.2710589651022864 0.020064205457463884 0.023465703971119134
0 0.28892455858747995 0.29211793020457283 0.021669341894060994 0.024067388688327317
0 0.21468699839486358 0.4175691937424789 0.023274478330658106 0.02527075812274368
0 0.20906902086677367 0.5249699157641395 0.030497592295345103 0.027677496991576414
0 0.336677367576244 0.5610709987966306 0.03210272873194221 0.02888086642599278
0 0.2339486356340289 0.5962695547533092 0.025682182985553772 0.024067388688327317
0 0.29052969502407705 0.7770758122743683 0.027287319422150885 0.023465703971119134
0 0.34630818619582665 0.8318291215403129 0.028892455858747994 0.029482551143200964
0 0.3599518459069021 0.9001203369434416 0.023274478330658106 0.026474127557160047
0 0.3430979133226324 0.9945848375451264 0.016853932584269662 0.010830324909747292
0 0.49197431781701445 0.9927797833935018 0.01765650080256822 0.01444043321299639
0 0.2712680577849117 0.7839951865222623 0.024879614767255216 0.028279181708784597
0 0.18579454253611558 0.34596871239470517 0.021669341894060994 0.023465703971119134
0 0.4995987158908507 0.20156438026474127 0.026484751203852328 0.030084235860409144
0 0.550561797752809 0.2286401925391095 0.024077046548956663 0.021660649819494584
0 0.5160513643659711 0.5983754512635379 0.033707865168539325 0.026474127557160047
0 0.5513643659711075 0.6034897713598074 0.03210272873194221 0.02527075812274368
0 0.7191011235955056 0.5646811070998796 0.033707865168539325 0.02888086642599278
0 0.8033707865168539 0.5376052948255114 0.028089887640449437 0.02286401925391095
0 0.709470304975923 0.5959687123947052 0.028892455858747994 0.0246690734055355
0 0.8178170144462279 0.8104693140794224 0.025682182985553772 0.022262334536702767
0 0.7993579454253612 0.8011432009626955 0.021669341894060994 0.019253910950661854
0 0.9590690208667737 0.5577617328519856 0.027287319422150885 0.025872442839951864
0 0.9221508828250401 0.4981949458483754 0.03210272873194221 0.030084235860409144
0 0.8840288924558587 0.5087244283995187 0.030497592295345103 0.02707581227436823
0 0.7142857142857143 0.36732851985559567 0.030497592295345103 0.025872442839951864
0 0.6392455858747994 0.3098676293622142 0.04253611556982344 0.032490974729241874
0 0.4241573033707865 0.38116726835138387 0.03531300160513644 0.030685920577617327
0 0.32664526484751205 0.4028279181708785 0.040930979133226325 0.03429602888086643
0 0.11035313001605136 0.2782791817087846 0.03130016051364366 0.02527075812274368
0 0.17174959871589085 0.36101083032490977 0.026484751203852328 0.0246690734055355
0 0.24678972712680577 0.4148616125150421 0.025682182985553772 0.024067388688327317
0 0.2014446227929374 0.572503008423586 0.03130016051364366 0.029482551143200964
0 0.48274478330658105 0.7518050541516246 0.03130016051364366 0.027677496991576414
0 0.4225521669341894 0.76323706377858 0.030497592295345103 0.025872442839951864
0 0.4245585874799358 0.7806859205776173 0.02969502407704655 0.02527075812274368
0 0.9859550561797753 0.7157039711191335 0.024077046548956663 0.02527075812274368
0 0.9895666131621188 0.7879061371841155 0.02086677367576244 0.029482551143200964
0 0.6428571428571429 0.8706377858002406 0.027287319422150885 0.022262334536702767
0 0.5409309791332263 0.9930806257521059 0.03130016051364366 0.013237063778580024
0 0.471107544141252 0.8823706377858003 0.04173354735152488 0.035499398315282794