0 0.6153846153846154 0.2738255033557047 0.03220035778175313 0.03087248322147651
0 0.6408765652951699 0.36006711409395975 0.03309481216457961 0.03557046979865772
0 0.43738819320214667 0.2687919463087248 0.03488372093023256 0.027516778523489934
0 0.5 0.22281879194630871 0.028622540250447227 0.0348993288590604
0 0.5630590339892666 0.20469798657718122 0.025044722719141325 0.032885906040268455
0 0.43694096601073346 0.06140939597315436 0.027728085867620753 0.03422818791946309
0 0.5648479427549195 0.09865771812080537 0.025044722719141325 0.03154362416107383
0 0.4861359570661896 0.16409395973154361 0.023255813953488372 0.024832214765100672
0 0.6601073345259392 0.11879194630872483 0.03309481216457961 0.026845637583892617
0 0.45840787119856885 0.1738255033557047 0.02146690518783542 0.022818791946308724
0 0.03041144901610018 0.11006711409395974 0.03220035778175313 0.026174496644295303
0 0.17933810375670842 0.13590604026845637 0.03041144901610018 0.025503355704697986
0 0.22674418604651161 0.023154362416107382 0.025044722719141325 0.02953020134228188
0 0.057245080500894455 0.1540268456375839 0.03130590339892665 0.027516778523489934
0 0.11985688729874776 0.22114093959731543 0.03667262969588551 0.024832214765100672
0 0.15652951699463327 0.3036912751677852 0.027728085867620753 0.020134228187919462
0 0.07021466905187836 0.3634228187919463 0.027728085867620753 0.02348993288590604
0 0.048747763864042934 0.3288590604026846 0.027728085867620753 0.026174496644295303
0 0.148479427549195 0.42818791946308726 0.03577817531305903 0.027516778523489934
0 0.03935599284436494 0.425503355704698 0.026833631484794274 0.028187919463087248
0 0.23568872987477638 0.44228187919463086 0.03309481216457961 0.024161073825503355
0 0.18917710196779963 0.636241610738255 0.020572450805008944 0.026845637583892617
0 0.08497316636851521 0.697986577181208 0.01967799642218247 0.028187919463087248
0 0.07155635062611806 0.9593959731543624 0.03041144901610018 0.028859060402684565
0 0.5813953488372093 0.9885906040268456 0.023255813953488372 0.022818791946308724
0 0.4525939177101968 0.8536912751677852 0.020572450805008944 0.024832214765100672
0 0.4414132379248658 0.7563758389261745 0.03041144901610018 0.024161073825503355
0 0.5603756708407871 0.6013422818791946 0.028622540250447227 0.022818791946308724
0 0.39713774597495527 0.4959731543624161 0.0259391771019678 0.02953020134228188
0 0.342128801431127 0.48322147651006714 0.0259391771019678 0.026845637583892617
0 0.3694096601073345 0.48959731543624163 0.028622540250447227 0.03087248322147651
0 0.5313059033989267 0.4942953020134228 0.023255813953488372 0.025503355704697986
0 0.3215563506261181 0.44664429530201344 0.02146690518783542 0.025503355704697986
0 0.37209302325581395 0.3788590604026846 0.01967799642218247 0.024161073825503355
0 0.5979427549194991 0.06442953020134229 0.018783542039355994 0.026845637583892617
0 0.5863148479427549 0.09429530201342282 0.023255813953488372 0.032885906040268455
0 0.6923076923076923 0.06946308724832215 0.020572450805008944 0.026845637583892617
0 0.6963327370304114 0.09563758389261745 0.023255813953488372 0.028187919463087248
0 0.8452593917710197 0.23523489932885905 0.025044722719141325 0.028859060402684565
0 0.8922182468694096 0.3667785234899329 0.03488372093023256 0.030201342281879196
0 0.7294275491949911 0.4406040268456376 0.03756708407871199 0.03154362416107383
0 0.8846153846153846 0.46073825503355703 0.029516994633273702 0.026845637583892617
0 0.8738819320214669 0.6983221476510068 0.03220035778175313 0.025503355704697986
0 0.817531305903399 0.7781879194630873 0.03220035778175313 0.03355704697986577
0 0.8233452593917711 0.8661073825503356 0.024150268336314847 0.03087248322147651
0 0.8823792486583184 0.9855704697986577 0.017889087656529516 0.024161073825503355
0 0.9025044722719141 0.702013422818792 0.0259391771019678 0.032214765100671144
0 0.8582289803220036 0.1395973154362416 0.023255813953488372 0.026845637583892617
0 0.37298747763864043 0.031879194630872486 0.027728085867620753 0.03422818791946309
0 0.31305903398926654 0.07684563758389262 0.027728085867620753 0.02348993288590604
0 0.4977638640429338 0.5268456375838926 0.04025044722719141 0.027516778523489934
0 0.45080500894454384 0.5409395973154363 0.038461538461538464 0.026174496644295303
0 0.20483005366726298 0.5318791946308725 0.038461538461538464 0.03087248322147651
0 0.07826475849731664 0.5174496644295302 0.03398926654740608 0.024161073825503355
0 0.2298747763864043 0.5674496644295302 0.03488372093023256 0.026174496644295303
0 0.15966010733452593 0.8587248322147651 0.03041144901610018 0.024161073825503355
0 0.18246869409660108 0.8429530201342282 0.025044722719141325 0.02080536912751678
0 0.1381932021466905 0.2859060402684564 0.03488372093023256 0.027516778523489934
0 0.22182468694096602 0.1976510067114094 0.050983899821109124 0.03422818791946309
0 0.5438282647584973 0.23758389261744967 0.04114490161001789 0.03355704697986577
0 0.6855992844364938 0.24194630872483222 0.04830053667262969 0.036241610738255034
0 0.9373881932021467 0.03791946308724832 0.03667262969588551 0.026845637583892617
0 0.8828264758497316 0.15536912751677853 0.03041144901610018 0.026845637583892617
0 0.7996422182468694 0.23825503355704697 0.029516994633273702 0.026845637583892617
0 0.9203935599284436 0.42348993288590603 0.03488372093023256 0.032885906040268455
0 0.5997316636851521 0.7093959731543624 0.03577817531305903 0.02953020134228188
0 0.6864937388193202 0.7104026845637584 0.03488372093023256 0.027516778523489934
0 0.6905187835420393 0.7322147651006712 0.03488372093023256 0.026845637583892617
0 0.42352415026833634 0.8936241610738255 0.03220035778175313 0.02348993288590604
0 0.6632379248658319 0.8694630872483221 0.049194991055456175 0.03758389261744966