0 0.576171875 0.6845703125 0.022135416666666668 0.0244140625
0 0.4498697916666667 0.64990234375 0.020833333333333332 0.02490234375
0 0.4700520833333333 0.73291015625 0.014973958333333334 0.015625
0 0.6360677083333334 0.7060546875 0.016276041666666668 0.0185546875
0 0.5598958333333334 0.6904296875 0.016927083333333332 0.0185546875
0 0.5651041666666666 0.63427734375 0.016927083333333332 0.01904296875
0 0.4739583333333333 0.7001953125 0.024088541666666668 0.02880859375
0 0.5592447916666666 0.4677734375 0.025390625 0.02734375
0 0.5436197916666666 0.37890625 0.022786458333333332 0.02490234375
0 0.5703125 0.41162109375 0.025390625 0.0263671875
0 0.4837239583333333 0.41845703125 0.025390625 0.0263671875
0 0.5013020833333334 0.42724609375 0.016927083333333332 0.01953125
0 0.513671875 0.3681640625 0.022135416666666668 0.02685546875
0 0.4537760416666667 0.35498046875 0.017578125 0.021484375
0 0.5963541666666666 0.349609375 0.017578125 0.01953125
0 0.6184895833333334 0.40234375 0.016927083333333332 0.01806640625
0 0.6067708333333334 0.31640625 0.022786458333333332 0.0263671875
0 0.5813802083333334 0.32373046875 0.0234375 0.02734375
0 0.5755208333333334 0.34375 0.018880208333333332 0.0205078125
0 0.6197916666666666 0.38720703125 0.018880208333333332 0.0205078125
0 0.6106770833333334 0.255859375 0.018880208333333332 0.02099609375
0 0.5553385416666666 0.1806640625 0.01953125 0.02197265625
0 0.5286458333333334 0.19921875 0.014973958333333334 0.017578125
0 0.5338541666666666 0.17578125 0.020833333333333332 0.02392578125
0 0.5657552083333334 0.16748046875 0.016276041666666668 0.01904296875
0 0.6705729166666666 0.16552734375 0.0234375 0.02734375
0 0.7298177083333334 0.16357421875 0.018229166666666668 0.02001953125
0 0.6139322916666666 0.1748046875 0.016927083333333332 0.0185546875
0 0.4798177083333333 0.21044921875 0.020182291666666668 0.02294921875
0 0.4915364583333333 0.20751953125 0.020182291666666668 0.0224609375
0 0.4986979166666667 0.19482421875 0.015625 0.0166015625
0 0.5110677083333334 0.30029296875 0.020833333333333332 0.02197265625
0 0.4641927083333333 0.31298828125 0.0234375 0.02587890625
0 0.4694010416666667 0.27197265625 0.017578125 0.02001953125
0 0.38671875 0.29833984375 0.022135416666666668 0.02587890625
0 0.3977864583333333 0.33056640625 0.020833333333333332 0.0234375
0 0.3841145833333333 0.36865234375 0.018880208333333332 0.02099609375
0 0.361328125 0.30859375 0.016276041666666668 0.01953125
0 0.357421875 0.322265625 0.01953125 0.0234375
0 0.3528645833333333 0.3193359375 0.018229166666666668 0.02001953125
0 0.3248697916666667 0.3759765625 0.01953125 0.02197265625
0 0.3059895833333333 0.39453125 0.016927083333333332 0.01806640625
0 0.2942708333333333 0.3251953125 0.016276041666666668 0.01904296875
0 0.2584635416666667 0.4072265625 0.017578125 0.01904296875
0 0.23177083333333334 0.40625 0.014973958333333334 0.017578125
0 0.23502604166666666 0.44677734375 0.01953125 0.0224609375
0 0.142578125 0.39404296875 0.018880208333333332 0.02099609375
0 0.19856770833333334 0.38427734375 0.022135416666666668 0.025390625
0 0.18489583333333334 0.4033203125 0.01953125 0.0224609375
0 0.16341145833333334 0.41015625 0.015625 0.01708984375
0 0.15234375 0.45458984375 0.01953125 0.0224609375
0 0.15299479166666666 0.40478515625 0.013020833333333334 0.01513671875
0 0.20833333333333334 0.546875 0.020182291666666668 0.0224609375
0 0.244140625 0.5517578125 0.016927083333333332 0.0185546875
0 0.19596354166666666 0.490234375 0.013671875 0.01708984375
0 0.20442708333333334 0.48876953125 0.014973958333333334 0.01953125
0 0.21549479166666666 0.48291015625 0.020182291666666668 0.0234375
0 0.267578125 0.5302734375 0.016276041666666668 0.02001953125
0 0.224609375 0.46533203125 0.017578125 0.017578125
0 0.2916666666666667 0.619140625 0.017578125 0.02001953125
0 0.3138020833333333 0.6005859375 0.017578125 0.021484375
0 0.361328125 0.62109375 0.020182291666666668 0.0224609375
0 0.337890625 0.57275390625 0.018880208333333332 0.0224609375
0 0.3502604166666667 0.603515625 0.016927083333333332 0.0185546875
0 0.34765625 0.7353515625 0.017578125 0.021484375
0 0.3626302083333333 0.75439453125 0.021484375 0.02490234375
0 0.3515625 0.68896484375 0.017578125 0.02001953125
0 0.2786458333333333 0.77099609375 0.020833333333333332 0.0263671875
0 0.6282552083333334 0.61474609375 0.0234375 0.02783203125
0 0.75 0.525390625 0.020182291666666668 0.02490234375
0 0.84765625 0.61376953125 0.014973958333333334 0.017578125
0 0.8489583333333334 0.60009765625 0.017578125 0.01953125
0 0.7428385416666666 0.6669921875 0.011067708333333334 0.01171875
0 0.7337239583333334 0.67041015625 0.013020833333333334 0.01416015625
0 0.6731770833333334 0.6826171875 0.014973958333333334 0.0166015625
0 0.4635416666666667 0.72607421875 0.018229166666666668 0.01611328125
0 0.318359375 0.81005859375 0.016927083333333332 0.0166015625