0 0.64794921875 0.8248697916666666 0.0166015625 0.013020833333333334
0 0.6181640625 0.8561197916666666 0.01953125 0.017578125
0 0.5947265625 0.86328125 0.01708984375 0.015625
0 0.57763671875 0.8684895833333334 0.02099609375 0.022135416666666668
0 0.5791015625 0.8365885416666666 0.02490234375 0.022786458333333332
0 0.607421875 0.8307291666666666 0.021484375 0.018229166666666668
0 0.54931640625 0.8795572916666666 0.02001953125 0.016927083333333332
0 0.48828125 0.8268229166666666 0.01513671875 0.012369791666666666
0 0.5400390625 0.7623697916666666 0.01708984375 0.014973958333333334
0 0.50634765625 0.7526041666666666 0.01416015625 0.010416666666666666
0 0.42724609375 0.8483072916666666 0.0205078125 0.016927083333333332
0 0.39013671875 0.8294270833333334 0.0263671875 0.018229166666666668
0 0.22900390625 0.7877604166666666 0.02490234375 0.016927083333333332
0 0.2236328125 0.8489583333333334 0.0166015625 0.012369791666666666
0 0.21728515625 0.857421875 0.013671875 0.010416666666666666
0 0.19091796875 0.8046875 0.0302734375 0.026692708333333332
0 0.09912109375 0.8098958333333334 0.0087890625 0.007161458333333333
0 0.1611328125 0.8580729166666666 0.0185546875 0.013020833333333334
0 0.306640625 0.13997395833333334 0.01220703125 0.009765625
0 0.35302734375 0.08268229166666667 0.01513671875 0.009765625
0 0.28173828125 0.07877604166666667 0.01806640625 0.013671875
0 0.1015625 0.11458333333333333 0.015625 0.013020833333333334
0 0.10498046875 0.15234375 0.01416015625 0.011067708333333334
0 0.1064453125 0.13802083333333334 0.01220703125 0.008463541666666666
0 0.30419921875 0.21158854166666666 0.0146484375 0.013020833333333334
0 0.318359375 0.23177083333333334 0.0166015625 0.01171875
0 0.599609375 0.11458333333333333 0.01220703125 0.009765625
0 0.7236328125 0.11653645833333333 0.01416015625 0.009114583333333334
0 0.73583984375 0.125 0.01318359375 0.009765625
0 0.83154296875 0.12369791666666667 0.01318359375 0.013020833333333334
0 0.8525390625 0.099609375 0.0234375 0.017578125
0 0.42138671875 0.4765625 0.01953125 0.020182291666666668
0 0.35302734375 0.4583333333333333 0.01806640625 0.016276041666666668
0 0.4130859375 0.4973958333333333 0.0205078125 0.014973958333333334
0 0.326171875 0.3802083333333333 0.0146484375 0.01171875
0 0.32177734375 0.2864583333333333 0.0234375 0.014973958333333334
0 0.15283203125 0.3151041666666667 0.01513671875 0.009765625
0 0.1103515625 0.3274739583333333 0.01611328125 0.013020833333333334
0 0.1416015625 0.3444010416666667 0.01416015625 0.010416666666666666
0 0.13330078125 0.3509114583333333 0.029296875 0.021484375
0 0.150390625 0.3639322916666667 0.0107421875 0.0078125
0 0.140625 0.3645833333333333 0.01123046875 0.0078125
0 0.1630859375 0.4244791666666667 0.02099609375 0.016276041666666668
0 0.14794921875 0.4407552083333333 0.0205078125 0.015625
0 0.119140625 0.458984375 0.02099609375 0.016927083333333332
0 0.1318359375 0.4830729166666667 0.0224609375 0.017578125
0 0.0966796875 0.4772135416666667 0.02001953125 0.016276041666666668
0 0.14013671875 0.5201822916666666 0.0263671875 0.018229166666666668
0 0.11474609375 0.509765625 0.0283203125 0.017578125
0 0.0869140625 0.515625 0.0205078125 0.01953125
0 0.08447265625 0.4986979166666667 0.0185546875 0.014973958333333334
0 0.216796875 0.4635416666666667 0.01611328125 0.012369791666666666
0 0.1591796875 0.546875 0.02587890625 0.020182291666666668
0 0.13037109375 0.5592447916666666 0.02197265625 0.017578125
0 0.1591796875 0.63671875 0.02197265625 0.015625
0 0.1533203125 0.6217447916666666 0.03173828125 0.020182291666666668
0 0.08984375 0.5572916666666666 0.02490234375 0.020182291666666668
0 0.20654296875 0.6881510416666666 0.0205078125 0.016927083333333332
0 0.2900390625 0.6686197916666666 0.015625 0.013671875
0 0.37939453125 0.6236979166666666 0.02490234375 0.022135416666666668
0 0.3828125 0.6686197916666666 0.0302734375 0.020833333333333332
0 0.53564453125 0.6796875 0.02001953125 0.013020833333333334
0 0.544921875 0.6712239583333334 0.01171875 0.013671875
0 0.5107421875 0.837890625 0.0185546875 0.012369791666666666
0 0.4921875 0.8404947916666666 0.0185546875 0.015625
0 0.54248046875 0.796875 0.02734375 0.018880208333333332
0 0.30224609375 0.69921875 0.0166015625 0.012369791666666666
0 0.26025390625 0.728515625 0.01513671875 0.010416666666666666
0 0.150390625 0.7623697916666666 0.02392578125 0.015625
0 0.09130859375 0.83984375 0.03515625 0.025390625
0 0.1005859375 0.7265625 0.017578125 0.014322916666666666
0 0.083984375 0.7194010416666666 0.0244140625 0.018880208333333332
0 0.115234375 0.763671875 0.02978515625 0.022786458333333332
0 0.18798828125 0.86328125 0.0322265625 0.018229166666666668
0 0.19189453125 0.7395833333333334 0.02587890625 0.016276041666666668
0 0.08056640625 0.69921875 0.01611328125 0.011067708333333334
0 0.08349609375 0.7994791666666666 0.0146484375 0.010416666666666666
0 0.25048828125 0.8404947916666666 0.0263671875 0.021484375
0 0.412109375 0.8235677083333334 0.02734375 0.01953125
0 0.38671875 0.8033854166666666 0.02587890625 0.018880208333333332
0 0.25390625 0.6744791666666666 0.0263671875 0.01953125
0 0.28173828125 0.677734375 0.013671875 0.011067708333333334
0 0.26416015625 0.599609375 0.0244140625 0.020182291666666668
0 0.2177734375 0.595703125 0.02197265625 0.020182291666666668
0 0.36962890625 0.5826822916666666 0.0263671875 0.022786458333333332
0 0.158203125 0.8229166666666666 0.021484375 0.016276041666666668
0 0.31640625 0.7623697916666666 0.02197265625 0.016927083333333332