0 0.31982421875 0.259765625 0.0185546875 0.017578125
0 0.20361328125 0.29296875 0.01025390625 0.012369791666666666
0 0.361328125 0.25390625 0.00927734375 0.01171875
0 0.15673828125 0.4244791666666667 0.01904296875 0.020833333333333332
0 0.16064453125 0.4381510416666667 0.00830078125 0.011067708333333334
0 0.162109375 0.388671875 0.01416015625 0.014322916666666666
0 0.17333984375 0.3763020833333333 0.015625 0.015625
0 0.20849609375 0.423828125 0.01220703125 0.012369791666666666
0 0.1953125 0.3756510416666667 0.00927734375 0.01171875
0 0.41259765625 0.22981770833333334 0.01025390625 0.012369791666666666
0 0.416015625 0.22200520833333334 0.00927734375 0.010416666666666666
0 0.42529296875 0.21614583333333334 0.005859375 0.007161458333333333
0 0.46484375 0.21484375 0.01171875 0.012369791666666666
0 0.359375 0.3131510416666667 0.01220703125 0.014322916666666666
0 0.4111328125 0.4928385416666667 0.01513671875 0.01953125
0 0.12890625 0.3235677083333333 0.013671875 0.015625
0 0.13916015625 0.34765625 0.02001953125 0.024088541666666668