0 0.3447265625 0.548828125 0.017578125 0.021484375
0 0.12939453125 0.205078125 0.0107421875 0.014322916666666666
0 0.13427734375 0.19466145833333334 0.0126953125 0.014973958333333334
0 0.11767578125 0.1796875 0.02001953125 0.022786458333333332
0 0.4658203125 0.17578125 0.01123046875 0.016276041666666668
0 0.4091796875 0.17903645833333334 0.01904296875 0.021484375
0 0.3984375 0.220703125 0.01806640625 0.022786458333333332
0 0.53173828125 0.22005208333333334 0.0205078125 0.021484375
0 0.5615234375 0.23177083333333334 0.01953125 0.022786458333333332
0 0.49755859375 0.294921875 0.01513671875 0.018229166666666668
0 0.49951171875 0.7610677083333334 0.009765625 0.010416666666666666
0 0.45068359375 0.7916666666666666 0.00732421875 0.009765625
0 0.4443359375 0.779296875 0.00927734375 0.009765625
0 0.53173828125 0.8294270833333334 0.01025390625 0.011067708333333334
0 0.22412109375 0.8567708333333334 0.00830078125 0.010416666666666666
0 0.255859375 0.83984375 0.00830078125 0.010416666666666666
0 0.2509765625 0.8736979166666666 0.00927734375 0.009765625
0 0.26025390625 0.86328125 0.0068359375 0.007161458333333333
0 0.24169921875 0.8229166666666666 0.01025390625 0.009114583333333334
0 0.29345703125 0.8567708333333334 0.009765625 0.009765625
0 0.287109375 0.8600260416666666 0.00830078125 0.010416666666666666
0 0.28125 0.8704427083333334 0.01318359375 0.016276041666666668
0 0.29638671875 0.84765625 0.00927734375 0.009765625
0 0.2802734375 0.841796875 0.00927734375 0.010416666666666666
0 0.30224609375 0.822265625 0.0126953125 0.010416666666666666
0 0.31640625 0.857421875 0.0078125 0.008463541666666666
0 0.2392578125 0.8404947916666666 0.00732421875 0.006510416666666667
0 0.27880859375 0.814453125 0.00830078125 0.008463541666666666
0 0.19091796875 0.8515625 0.0048828125 0.005859375
0 0.203125 0.84765625 0.00927734375 0.008463541666666666
0 0.1884765625 0.8430989583333334 0.0068359375 0.009114583333333334
0 0.166015625 0.8873697916666666 0.01025390625 0.009765625
0 0.15087890625 0.900390625 0.0078125 0.008463541666666666
0 0.1630859375 0.8782552083333334 0.00634765625 0.007161458333333333
0 0.15771484375 0.8723958333333334 0.0068359375 0.007161458333333333
0 0.17041015625 0.8404947916666666 0.00634765625 0.009114583333333334
0 0.162109375 0.83984375 0.0087890625 0.009765625
0 0.19287109375 0.7897135416666666 0.00927734375 0.009765625
0 0.1962890625 0.775390625 0.01025390625 0.011067708333333334
0 0.1572265625 0.751953125 0.00732421875 0.010416666666666666
0 0.166015625 0.7454427083333334 0.0087890625 0.009114583333333334
0 0.14697265625 0.76953125 0.00927734375 0.009765625
0 0.18994140625 0.7513020833333334 0.00732421875 0.0078125
0 0.19189453125 0.7194010416666666 0.00830078125 0.009765625
0 0.1396484375 0.5904947916666666 0.0087890625 0.011067708333333334
0 0.099609375 0.16731770833333334 0.01220703125 0.013671875
0 0.287109375 0.17708333333333334 0.01025390625 0.013671875
0 0.2802734375 0.17903645833333334 0.00927734375 0.010416666666666666
0 0.3212890625 0.2109375 0.01416015625 0.01953125
0 0.35791015625 0.220703125 0.01806640625 0.022786458333333332
0 0.27099609375 0.20703125 0.01953125 0.024739583333333332
0 0.3369140625 0.171875 0.0205078125 0.0234375
0 0.35009765625 0.18098958333333334 0.01513671875 0.018229166666666668
0 0.35595703125 0.1953125 0.017578125 0.017578125
0 0.29052734375 0.3274739583333333 0.015625 0.020182291666666668
0 0.32373046875 0.3873697916666667 0.00927734375 0.014322916666666666
0 0.3125 0.4075520833333333 0.0146484375 0.016927083333333332
0 0.349609375 0.423828125 0.0166015625 0.01953125
0 0.470703125 0.3899739583333333 0.00830078125 0.012369791666666666
0 0.49169921875 0.3782552083333333 0.00732421875 0.009765625
0 0.53955078125 0.3385416666666667 0.0078125 0.008463541666666666
0 0.4677734375 0.22395833333333334 0.013671875 0.020182291666666668
0 0.45703125 0.17708333333333334 0.01123046875 0.014973958333333334
0 0.43994140625 0.16015625 0.0166015625 0.021484375
0 0.5263671875 0.15755208333333334 0.015625 0.016927083333333332
0 0.54296875 0.19921875 0.01708984375 0.020833333333333332
0 0.58203125 0.193359375 0.0166015625 0.020833333333333332
0 0.69287109375 0.22721354166666666 0.0166015625 0.022135416666666668
0 0.67236328125 0.2565104166666667 0.00927734375 0.011067708333333334
0 0.630859375 0.17317708333333334 0.01513671875 0.018229166666666668
0 0.83544921875 0.14908854166666666 0.009765625 0.011067708333333334
0 0.82763671875 0.16276041666666666 0.01123046875 0.013671875
0 0.8203125 0.14388020833333334 0.00927734375 0.009765625
0 0.81640625 0.15625 0.00830078125 0.009765625
0 0.71435546875 0.5677083333333334 0.01318359375 0.016276041666666668
0 0.67919921875 0.603515625 0.0126953125 0.013671875
0 0.78271484375 0.654296875 0.0185546875 0.022786458333333332
0 0.69384765625 0.6002604166666666 0.01123046875 0.012369791666666666
0 0.70751953125 0.5149739583333334 0.01171875 0.014973958333333334
0 0.69970703125 0.4361979166666667 0.01318359375 0.016927083333333332
0 0.6787109375 0.3717447916666667 0.0146484375 0.014973958333333334
0 0.74609375 0.3203125 0.0185546875 0.016927083333333332
0 0.73095703125 0.294921875 0.0126953125 0.014973958333333334
0 0.71630859375 0.212890625 0.015625 0.016927083333333332
0 0.63525390625 0.22005208333333334 0.01806640625 0.021484375
0 0.34716796875 0.4733072916666667 0.0234375 0.027994791666666668
0 0.3095703125 0.3079427083333333 0.017578125 0.018229166666666668
0 0.36669921875 0.3072916666666667 0.01708984375 0.022135416666666668
0 0.2568359375 0.24283854166666666 0.01318359375 0.014973958333333334
0 0.333984375 0.18880208333333334 0.01904296875 0.022786458333333332
0 0.39208984375 0.19075520833333334 0.01611328125 0.020833333333333332
0 0.37841796875 0.17708333333333334 0.02197265625 0.024739583333333332
0 0.46044921875 0.20377604166666666 0.015625 0.020182291666666668
0 0.55029296875 0.13346354166666666 0.0234375 0.02734375
0 0.6005859375 0.14453125 0.01953125 0.025390625
0 0.6748046875 0.2265625 0.0185546875 0.025390625
0 0.80859375 0.3229166666666667 0.0263671875 0.032552083333333336
0 0.7978515625 0.3040364583333333 0.0234375 0.028645833333333332
0 0.81640625 0.28515625 0.02490234375 0.030598958333333332
0 0.83349609375 0.2864583333333333 0.02197265625 0.028645833333333332
0 0.77490234375 0.3014322916666667 0.01953125 0.026041666666666668
0 0.78466796875 0.2786458333333333 0.0224609375 0.02734375
0 0.77978515625 0.2903645833333333 0.0224609375 0.029296875
0 0.7412109375 0.3541666666666667 0.0166015625 0.020182291666666668
0 0.841796875 0.353515625 0.0185546875 0.022786458333333332
0 0.84326171875 0.4759114583333333 0.0244140625 0.028645833333333332
0 0.80078125 0.486328125 0.02197265625 0.025390625
0 0.869140625 0.541015625 0.02001953125 0.024088541666666668
0 0.787109375 0.6282552083333334 0.01806640625 0.022786458333333332
0 0.8671875 0.623046875 0.0166015625 0.020833333333333332
0 0.85107421875 0.7102864583333334 0.01806640625 0.026692708333333332
0 0.875 0.7356770833333334 0.021484375 0.024739583333333332
0 0.8701171875 0.68359375 0.01953125 0.024088541666666668
0 0.8427734375 0.7434895833333334 0.01953125 0.022786458333333332
0 0.82958984375 0.7434895833333334 0.0166015625 0.021484375
0 0.7705078125 0.7838541666666666 0.0244140625 0.035807291666666664
0 0.77001953125 0.7916666666666666 0.01611328125 0.022135416666666668
0 0.89111328125 0.765625 0.017578125 0.022786458333333332
0 0.84375 0.7799479166666666 0.021484375 0.026041666666666668
0 0.89111328125 0.7278645833333334 0.0166015625 0.022786458333333332
0 0.8017578125 0.736328125 0.015625 0.020182291666666668
0 0.7607421875 0.734375 0.017578125 0.022135416666666668
0 0.75341796875 0.7194010416666666 0.01806640625 0.018880208333333332
0 0.6806640625 0.7513020833333334 0.01416015625 0.017578125
0 0.6181640625 0.720703125 0.01953125 0.020833333333333332
0 0.53759765625 0.525390625 0.01171875 0.015625
0 0.4814453125 0.5423177083333334 0.013671875 0.016276041666666668
0 0.33154296875 0.21354166666666666 0.01318359375 0.014973958333333334