0 0.16796875 0.7981770833333334 0.01611328125 0.025390625
0 0.15087890625 0.751953125 0.0166015625 0.016927083333333332
0 0.1396484375 0.7897135416666666 0.0126953125 0.022135416666666668
0 0.1259765625 0.7981770833333334 0.01708984375 0.026692708333333332
0 0.11572265625 0.7981770833333334 0.01220703125 0.018880208333333332
0 0.10546875 0.8014322916666666 0.0126953125 0.020182291666666668
0 0.1279296875 0.8411458333333334 0.01318359375 0.015625
0 0.1640625 0.66796875 0.01513671875 0.016927083333333332
0 0.14697265625 0.6321614583333334 0.01318359375 0.018229166666666668
0 0.1318359375 0.6263020833333334 0.0166015625 0.022135416666666668
0 0.8486328125 0.19401041666666666 0.01123046875 0.013020833333333334
0 0.83642578125 0.13216145833333334 0.01025390625 0.013671875
0 0.86669921875 0.11393229166666667 0.01025390625 0.008463541666666666
0 0.7880859375 0.11328125 0.0087890625 0.016927083333333332
0 0.8134765625 0.14127604166666666 0.013671875 0.013020833333333334
0 0.39453125 0.76953125 0.0126953125 0.015625
0 0.4072265625 0.759765625 0.01611328125 0.020833333333333332
0 0.41015625 0.78515625 0.01513671875 0.016927083333333332
0 0.4453125 0.7115885416666666 0.0126953125 0.014973958333333334
0 0.43212890625 0.7545572916666666 0.013671875 0.020182291666666668
0 0.4365234375 0.7994791666666666 0.013671875 0.012369791666666666
0 0.3818359375 0.8326822916666666 0.015625 0.020182291666666668
0 0.4443359375 0.8873697916666666 0.01513671875 0.022135416666666668
0 0.37451171875 0.8014322916666666 0.01025390625 0.013671875
0 0.33544921875 0.5169270833333334 0.0166015625 0.0234375
0 0.40234375 0.6061197916666666 0.0146484375 0.018229166666666668
0 0.4326171875 0.6022135416666666 0.0166015625 0.021484375
0 0.4013671875 0.5169270833333334 0.0205078125 0.020182291666666668
0 0.13671875 0.24609375 0.01025390625 0.014322916666666666
0 0.1162109375 0.2545572916666667 0.01123046875 0.020833333333333332
0 0.115234375 0.22200520833333334 0.0087890625 0.011067708333333334
0 0.08984375 0.22591145833333334 0.01123046875 0.012369791666666666
0 0.099609375 0.31640625 0.01123046875 0.016927083333333332
0 0.0849609375 0.328125 0.00927734375 0.013020833333333334
0 0.07568359375 0.33203125 0.0078125 0.012369791666666666
0 0.08251953125 0.310546875 0.01171875 0.016276041666666668
0 0.1572265625 0.359375 0.015625 0.020833333333333332
0 0.1298828125 0.3951822916666667 0.01806640625 0.020833333333333332
0 0.166015625 0.4251302083333333 0.01416015625 0.016927083333333332
0 0.224609375 0.4954427083333333 0.01611328125 0.016927083333333332
0 0.23974609375 0.54296875 0.01220703125 0.016276041666666668
0 0.20068359375 0.5247395833333334 0.01318359375 0.016927083333333332
0 0.189453125 0.7220052083333334 0.0205078125 0.022786458333333332
0 0.12158203125 0.7024739583333334 0.01318359375 0.022786458333333332
0 0.11474609375 0.6901041666666666 0.013671875 0.016276041666666668
0 0.15625 0.9036458333333334 0.01318359375 0.020182291666666668
0 0.17626953125 0.9049479166666666 0.02197265625 0.029947916666666668
0 0.255859375 0.865234375 0.0087890625 0.013020833333333334
0 0.302734375 0.8899739583333334 0.0107421875 0.014322916666666666
0 0.30859375 0.900390625 0.0126953125 0.014973958333333334
0 0.22802734375 0.646484375 0.009765625 0.013020833333333334
0 0.27978515625 0.6451822916666666 0.013671875 0.016276041666666668
0 0.28466796875 0.6595052083333334 0.01318359375 0.013671875
0 0.2998046875 0.6848958333333334 0.01025390625 0.017578125
0 0.32568359375 0.671875 0.01123046875 0.016276041666666668
0 0.2890625 0.6829427083333334 0.01123046875 0.016927083333333332
0 0.26318359375 0.42578125 0.01318359375 0.022135416666666668
0 0.56005859375 0.12630208333333334 0.0087890625 0.014322916666666666
0 0.58056640625 0.14778645833333334 0.01123046875 0.014322916666666666
0 0.55126953125 0.11848958333333333 0.009765625 0.013671875
0 0.5419921875 0.134765625 0.01025390625 0.013020833333333334
0 0.41650390625 0.4134114583333333 0.01708984375 0.020833333333333332
0 0.43310546875 0.4348958333333333 0.01513671875 0.017578125
0 0.4755859375 0.59765625 0.01513671875 0.022786458333333332
0 0.46240234375 0.5729166666666666 0.01611328125 0.018880208333333332
0 0.5478515625 0.6927083333333334 0.01171875 0.016927083333333332
0 0.43603515625 0.685546875 0.01123046875 0.014973958333333334
0 0.57080078125 0.7864583333333334 0.01025390625 0.012369791666666666
0 0.5966796875 0.7838541666666666 0.0166015625 0.017578125
0 0.5908203125 0.8489583333333334 0.0146484375 0.015625
0 0.49365234375 0.8014322916666666 0.009765625 0.012369791666666666
0 0.47802734375 0.7805989583333334 0.01318359375 0.018229166666666668
0 0.47802734375 0.7486979166666666 0.01416015625 0.017578125
0 0.46728515625 0.84765625 0.01123046875 0.017578125
0 0.5224609375 0.861328125 0.0146484375 0.014973958333333334
0 0.51318359375 0.8118489583333334 0.009765625 0.012369791666666666
0 0.39892578125 0.8268229166666666 0.01171875 0.01953125
0 0.3857421875 0.8587239583333334 0.0146484375 0.018880208333333332
0 0.6484375 0.9010416666666666 0.01318359375 0.014973958333333334
0 0.69091796875 0.83203125 0.0146484375 0.016276041666666668
0 0.70166015625 0.7486979166666666 0.00830078125 0.011067708333333334
0 0.7421875 0.7688802083333334 0.009765625 0.01171875
0 0.7294921875 0.8268229166666666 0.0087890625 0.012369791666666666
0 0.84228515625 0.7890625 0.05859375 0.076171875
0 0.7880859375 0.8040364583333334 0.00634765625 0.011067708333333334
0 0.79931640625 0.83203125 0.0078125 0.009114583333333334
0 0.7919921875 0.8463541666666666 0.01025390625 0.014322916666666666
0 0.7919921875 0.859375 0.01025390625 0.013671875
0 0.82421875 0.8828125 0.0078125 0.010416666666666666
0 0.8603515625 0.8854166666666666 0.0107421875 0.015625
0 0.845703125 0.8893229166666666 0.00927734375 0.012369791666666666
0 0.83740234375 0.904296875 0.0087890625 0.014322916666666666
0 0.875 0.8919270833333334 0.00634765625 0.009765625
0 0.8662109375 0.8033854166666666 0.00732421875 0.009765625
0 0.86279296875 0.796875 0.00732421875 0.009765625
0 0.8505859375 0.7688802083333334 0.0078125 0.013020833333333334
0 0.83984375 0.7877604166666666 0.00830078125 0.010416666666666666
0 0.833984375 0.796875 0.00634765625 0.010416666666666666
0 0.8505859375 0.8151041666666666 0.0087890625 0.011067708333333334
0 0.8193359375 0.8053385416666666 0.0087890625 0.011067708333333334
0 0.767578125 0.728515625 0.01318359375 0.016927083333333332
0 0.78857421875 0.7317708333333334 0.0078125 0.012369791666666666
0 0.791015625 0.70703125 0.01318359375 0.01171875
0 0.80517578125 0.7265625 0.01220703125 0.016276041666666668
0 0.8359375 0.7395833333333334 0.0087890625 0.014973958333333334
0 0.798828125 0.7760416666666666 0.009765625 0.013671875
0 0.8046875 0.7923177083333334 0.01123046875 0.014322916666666666
0 0.6953125 0.796875 0.009765625 0.01171875
0 0.6865234375 0.8118489583333334 0.01220703125 0.012369791666666666
0 0.75830078125 0.87890625 0.0078125 0.012369791666666666
0 0.728515625 0.6536458333333334 0.00927734375 0.014322916666666666
0 0.80859375 0.6451822916666666 0.01025390625 0.011067708333333334
0 0.8486328125 0.6373697916666666 0.01318359375 0.011067708333333334
0 0.86767578125 0.6751302083333334 0.009765625 0.011067708333333334
0 0.861328125 0.685546875 0.00927734375 0.013020833333333334
0 0.771484375 0.6328125 0.01025390625 0.014322916666666666
0 0.7998046875 0.6575520833333334 0.01513671875 0.016276041666666668
0 0.8017578125 0.6106770833333334 0.0087890625 0.012369791666666666
0 0.6298828125 0.7161458333333334 0.01220703125 0.017578125
0 0.63037109375 0.5768229166666666 0.009765625 0.016276041666666668
0 0.84814453125 0.6028645833333334 0.01123046875 0.016276041666666668
0 0.8642578125 0.58984375 0.01513671875 0.018229166666666668
0 0.8544921875 0.552734375 0.0283203125 0.030598958333333332
0 0.86376953125 0.55078125 0.009765625 0.011067708333333334
0 0.81103515625 0.5403645833333334 0.0078125 0.010416666666666666
0 0.85595703125 0.62890625 0.0078125 0.011067708333333334
0 0.82666015625 0.6686197916666666 0.0078125 0.009765625
0 0.82568359375 0.638671875 0.00830078125 0.009765625
0 0.86865234375 0.4973958333333333 0.01220703125 0.014973958333333334
0 0.8486328125 0.4055989583333333 0.009765625 0.011067708333333334
0 0.84716796875 0.3841145833333333 0.02392578125 0.021484375
0 0.87255859375 0.3626302083333333 0.0078125 0.011067708333333334
0 0.8662109375 0.4733072916666667 0.01806640625 0.017578125
0 0.79638671875 0.498046875 0.01025390625 0.013020833333333334
0 0.77734375 0.4641927083333333 0.0107421875 0.013020833333333334
0 0.73046875 0.326171875 0.01025390625 0.014322916666666666
0 0.77001953125 0.3841145833333333 0.01123046875 0.013671875
0 0.79248046875 0.23307291666666666 0.0185546875 0.020182291666666668
0 0.8681640625 0.2526041666666667 0.00732421875 0.011067708333333334
0 0.82568359375 0.25 0.01513671875 0.020182291666666668
0 0.8544921875 0.20833333333333334 0.0087890625 0.009114583333333334
0 0.85009765625 0.25 0.01318359375 0.01953125
0 0.806640625 0.263671875 0.01416015625 0.018229166666666668
0 0.787109375 0.2578125 0.01416015625 0.020182291666666668
0 0.81787109375 0.2897135416666667 0.01708984375 0.017578125
0 0.78662109375 0.2916666666666667 0.01318359375 0.01953125
0 0.78173828125 0.16731770833333334 0.01318359375 0.014973958333333334
0 0.79296875 0.146484375 0.0234375 0.028645833333333332
0 0.791015625 0.13802083333333334 0.00537109375 0.0078125
0 0.79443359375 0.14908854166666666 0.009765625 0.012369791666666666
0 0.78759765625 0.15169270833333334 0.0068359375 0.009765625
0 0.8798828125 0.123046875 0.0166015625 0.022135416666666668
0 0.859375 0.13216145833333334 0.00732421875 0.011067708333333334
0 0.15380859375 0.2877604166666667 0.01611328125 0.01953125
0 0.091796875 0.6302083333333334 0.017578125 0.022786458333333332
0 0.1728515625 0.7552083333333334 0.01806640625 0.025390625
0 0.12255859375 0.82421875 0.01416015625 0.020182291666666668
0 0.10302734375 0.8515625 0.0146484375 0.017578125
0 0.1611328125 0.8444010416666666 0.01318359375 0.017578125
0 0.13232421875 0.8548177083333334 0.0166015625 0.022135416666666668
0 0.59228515625 0.4147135416666667 0.0146484375 0.020182291666666668