0 0.505859375 0.193359375 0.04296875 0.037109375
0 0.455078125 0.2333984375 0.041666666666666664 0.03466796875
0 0.484375 0.2734375 0.041015625 0.03271484375
0 0.51953125 0.24267578125 0.031901041666666664 0.02783203125
0 0.5638020833333334 0.25048828125 0.034505208333333336 0.02880859375
0 0.5677083333333334 0.212890625 0.02734375 0.02392578125
0 0.5533854166666666 0.15673828125 0.03125 0.02490234375
0 0.5403645833333334 0.17724609375 0.03125 0.02783203125
0 0.521484375 0.15087890625 0.037109375 0.02880859375
0 0.5891927083333334 0.1728515625 0.034505208333333336 0.03173828125
0 0.4973958333333333 0.13916015625 0.025390625 0.02099609375
0 0.33984375 0.08349609375 0.033203125 0.0263671875
0 0.4029947916666667 0.1708984375 0.028645833333333332 0.025390625
0 0.3463541666666667 0.1474609375 0.024739583333333332 0.02099609375
0 0.328125 0.181640625 0.031901041666666664 0.02490234375
0 0.328125 0.21533203125 0.050130208333333336 0.04052734375
0 0.3841145833333333 0.20654296875 0.032552083333333336 0.025390625
0 0.2923177083333333 0.2001953125 0.042317708333333336 0.03125
0 0.3821614583333333 0.279296875 0.034505208333333336 0.033203125
0 0.41796875 0.271484375 0.032552083333333336 0.02587890625
0 0.427734375 0.29833984375 0.033203125 0.0283203125
0 0.423828125 0.251953125 0.032552083333333336 0.02734375
0 0.3294270833333333 0.2744140625 0.038411458333333336 0.03173828125
0 0.3522135416666667 0.28857421875 0.027994791666666668 0.02392578125
0 0.3600260416666667 0.33642578125 0.022135416666666668 0.01953125
0 0.3743489583333333 0.35009765625 0.032552083333333336 0.0234375
0 0.4055989583333333 0.3544921875 0.033203125 0.029296875
0 0.328125 0.32177734375 0.026041666666666668 0.01953125
0 0.30078125 0.30908203125 0.046223958333333336 0.03173828125
0 0.291015625 0.39697265625 0.033203125 0.0302734375
0 0.2858072916666667 0.419921875 0.033854166666666664 0.02783203125
0 0.232421875 0.39111328125 0.033854166666666664 0.02978515625
0 0.22916666666666666 0.435546875 0.032552083333333336 0.02978515625
0 0.2877604166666667 0.45947265625 0.034505208333333336 0.03076171875
0 0.4856770833333333 0.40771484375 0.022786458333333332 0.01953125
0 0.5696614583333334 0.4111328125 0.03125 0.02587890625
0 0.6399739583333334 0.39990234375 0.027994791666666668 0.02490234375
0 0.611328125 0.42578125 0.026692708333333332 0.02099609375
0 0.6315104166666666 0.451171875 0.026041666666666668 0.02197265625
0 0.658203125 0.37353515625 0.024088541666666668 0.0205078125
0 0.5787760416666666 0.45849609375 0.024088541666666668 0.0205078125
0 0.537109375 0.4716796875 0.01953125 0.015625
0 0.6139322916666666 0.49951171875 0.0234375 0.02099609375
0 0.6399739583333334 0.537109375 0.021484375 0.02197265625
0 0.6295572916666666 0.5517578125 0.020833333333333332 0.0185546875
0 0.4954427083333333 0.37744140625 0.024739583333333332 0.02099609375
0 0.4928385416666667 0.39404296875 0.021484375 0.02001953125
0 0.7083333333333334 0.31787109375 0.024739583333333332 0.0224609375
0 0.681640625 0.29541015625 0.020182291666666668 0.0205078125
0 0.7018229166666666 0.26806640625 0.024739583333333332 0.0224609375
0 0.6966145833333334 0.228515625 0.020182291666666668 0.017578125
0 0.7233072916666666 0.2412109375 0.021484375 0.01904296875
0 0.728515625 0.2548828125 0.020182291666666668 0.02001953125
0 0.6881510416666666 0.2392578125 0.022786458333333332 0.01953125
0 0.6471354166666666 0.24365234375 0.02734375 0.02587890625
0 0.6321614583333334 0.25390625 0.0234375 0.021484375
0 0.5963541666666666 0.2177734375 0.026692708333333332 0.01953125
0 0.5091145833333334 0.53955078125 0.016276041666666668 0.01318359375
0 0.5377604166666666 0.51513671875 0.024088541666666668 0.01904296875
0 0.560546875 0.48583984375 0.020182291666666668 0.01708984375
0 0.6048177083333334 0.568359375 0.017578125 0.01416015625
0 0.5338541666666666 0.5546875 0.022786458333333332 0.01904296875