0 0.20052083333333334 0.302734375 0.020833333333333332 0.01513671875
0 0.22200520833333334 0.29833984375 0.022135416666666668 0.0166015625
0 0.23697916666666666 0.3076171875 0.020833333333333332 0.0185546875
0 0.15299479166666666 0.2138671875 0.022135416666666668 0.0185546875
0 0.19075520833333334 0.23095703125 0.0390625 0.02294921875
0 0.248046875 0.24072265625 0.022786458333333332 0.01953125
0 0.18880208333333334 0.1796875 0.029947916666666668 0.021484375
0 0.3079427083333333 0.19384765625 0.024739583333333332 0.02197265625
0 0.2734375 0.25390625 0.024739583333333332 0.02294921875
0 0.3268229166666667 0.17236328125 0.026041666666666668 0.01953125
0 0.3756510416666667 0.13330078125 0.033854166666666664 0.029296875
0 0.2955729166666667 0.25048828125 0.01953125 0.0185546875
0 0.3138020833333333 0.26806640625 0.020182291666666668 0.01611328125
0 0.4036458333333333 0.3154296875 0.032552083333333336 0.02294921875
0 0.4479166666666667 0.32568359375 0.01953125 0.01708984375
0 0.4244791666666667 0.353515625 0.033203125 0.0205078125
0 0.4876302083333333 0.37744140625 0.042317708333333336 0.029296875
0 0.3997395833333333 0.37744140625 0.032552083333333336 0.01708984375
0 0.498046875 0.37255859375 0.026041666666666668 0.0263671875
0 0.4778645833333333 0.38037109375 0.022135416666666668 0.0205078125
0 0.3619791666666667 0.41357421875 0.029947916666666668 0.01806640625
0 0.3880208333333333 0.48583984375 0.033203125 0.02099609375
0 0.24674479166666666 0.5263671875 0.040364583333333336 0.02685546875
0 0.4069010416666667 0.5048828125 0.0234375 0.01953125
0 0.4381510416666667 0.52490234375 0.026692708333333332 0.02294921875
0 0.2109375 0.4130859375 0.037760416666666664 0.0263671875
0 0.24739583333333334 0.42578125 0.032552083333333336 0.0244140625
0 0.18229166666666666 0.44140625 0.0390625 0.03076171875
0 0.17513020833333334 0.3798828125 0.042317708333333336 0.02783203125
0 0.166015625 0.3486328125 0.024739583333333332 0.017578125
0 0.13151041666666666 0.3798828125 0.029947916666666668 0.02490234375
0 0.150390625 0.23681640625 0.029296875 0.02392578125
0 0.13411458333333334 0.26318359375 0.029947916666666668 0.01953125
0 0.5846354166666666 0.35302734375 0.038411458333333336 0.02587890625
0 0.6126302083333334 0.37890625 0.039713541666666664 0.0234375
0 0.5260416666666666 0.3154296875 0.034505208333333336 0.02294921875
0 0.5690104166666666 0.25830078125 0.036458333333333336 0.02587890625
0 0.6022135416666666 0.23681640625 0.037109375 0.029296875
0 0.7018229166666666 0.23193359375 0.033854166666666664 0.0244140625
0 0.609375 0.1875 0.032552083333333336 0.02197265625
0 0.5162760416666666 0.16162109375 0.044921875 0.03125
0 0.474609375 0.1513671875 0.03515625 0.0244140625
0 0.4342447916666667 0.1650390625 0.036458333333333336 0.0244140625
0 0.5026041666666666 0.10693359375 0.024739583333333332 0.021484375
0 0.5501302083333334 0.55078125 0.026041666666666668 0.01904296875
0 0.5677083333333334 0.59033203125 0.029296875 0.02587890625
0 0.4446614583333333 0.60400390625 0.03515625 0.0205078125
0 0.41015625 0.64501953125 0.039713541666666664 0.02685546875
0 0.7200520833333334 0.54541015625 0.034505208333333336 0.025390625
0 0.6790364583333334 0.49560546875 0.037109375 0.03173828125
0 0.7552083333333334 0.54638671875 0.03125 0.02490234375
0 0.4537760416666667 0.22119140625 0.032552083333333336 0.0234375
0 0.12109375 0.43994140625 0.029947916666666668 0.0224609375
0 0.12174479166666667 0.59375 0.03125 0.021484375
0 0.11393229166666667 0.63037109375 0.02734375 0.0234375
0 0.3111979166666667 0.7109375 0.03515625 0.021484375
0 0.3333333333333333 0.7275390625 0.030598958333333332 0.025390625
0 0.580078125 0.73828125 0.032552083333333336 0.0224609375
0 0.732421875 0.68701171875 0.041015625 0.02490234375
0 0.787109375 0.54931640625 0.035807291666666664 0.02685546875
0 0.708984375 0.30029296875 0.029947916666666668 0.0205078125