0 0.4752604166666667 0.44482421875 0.05078125 0.02734375
0 0.5358072916666666 0.42529296875 0.041015625 0.033203125
0 0.5813802083333334 0.3720703125 0.037760416666666664 0.03369140625
0 0.4817708333333333 0.36572265625 0.037109375 0.02392578125
0 0.388671875 0.42431640625 0.042317708333333336 0.029296875
0 0.5963541666666666 0.4404296875 0.043619791666666664 0.02783203125
0 0.5911458333333334 0.263671875 0.0390625 0.029296875
0 0.650390625 0.2646484375 0.048177083333333336 0.03076171875
0 0.6555989583333334 0.29931640625 0.05078125 0.033203125
0 0.517578125 0.22900390625 0.040364583333333336 0.029296875
0 0.5091145833333334 0.203125 0.047526041666666664 0.0302734375
0 0.6080729166666666 0.19873046875 0.038411458333333336 0.0244140625
0 0.6399739583333334 0.1455078125 0.03515625 0.0224609375
0 0.4947916666666667 0.16259765625 0.046875 0.03271484375
0 0.3346354166666667 0.208984375 0.041015625 0.02783203125
0 0.3639322916666667 0.2451171875 0.032552083333333336 0.02490234375
0 0.3626302083333333 0.2685546875 0.03515625 0.02490234375
0 0.39453125 0.53857421875 0.033203125 0.0244140625
0 0.521484375 0.52392578125 0.026692708333333332 0.02392578125
0 0.3190104166666667 0.46435546875 0.032552083333333336 0.0234375
0 0.353515625 0.42822265625 0.026692708333333332 0.01708984375
0 0.287109375 0.43994140625 0.034505208333333336 0.02001953125
0 0.29296875 0.3994140625 0.028645833333333332 0.0224609375
0 0.2643229166666667 0.37744140625 0.037760416666666664 0.02587890625
0 0.3665364583333333 0.3193359375 0.035807291666666664 0.02490234375
0 0.4127604166666667 0.3212890625 0.037760416666666664 0.0244140625
0 0.474609375 0.92138671875 0.032552083333333336 0.0234375
0 0.388671875 0.85693359375 0.033203125 0.02197265625
0 0.3880208333333333 0.904296875 0.027994791666666668 0.0234375
0 0.3606770833333333 0.91455078125 0.041015625 0.0302734375
0 0.3170572916666667 0.88330078125 0.031901041666666664 0.02392578125
0 0.275390625 0.873046875 0.028645833333333332 0.0244140625
0 0.263671875 0.91015625 0.044270833333333336 0.03271484375
0 0.2643229166666667 0.89697265625 0.02734375 0.0205078125
0 0.2506510416666667 0.916015625 0.027994791666666668 0.0234375
0 0.2727864583333333 0.9150390625 0.030598958333333332 0.02197265625
0 0.21549479166666666 0.84912109375 0.028645833333333332 0.0205078125
0 0.19140625 0.8056640625 0.030598958333333332 0.02099609375
0 0.1328125 0.7529296875 0.037109375 0.0244140625
0 0.12565104166666666 0.7294921875 0.037760416666666664 0.02392578125
0 0.23111979166666666 0.75244140625 0.027994791666666668 0.02294921875
0 0.306640625 0.72021484375 0.027994791666666668 0.0224609375
0 0.3255208333333333 0.7275390625 0.022135416666666668 0.02001953125
0 0.748046875 0.375 0.029296875 0.02392578125
0 0.7213541666666666 0.31689453125 0.03515625 0.03173828125
0 0.8053385416666666 0.34814453125 0.030598958333333332 0.0224609375
0 0.5852864583333334 0.29345703125 0.025390625 0.02099609375
0 0.544921875 0.2548828125 0.03515625 0.02978515625
0 0.7688802083333334 0.17822265625 0.026692708333333332 0.02294921875
0 0.8020833333333334 0.13623046875 0.044270833333333336 0.03515625
0 0.3671875 0.154296875 0.022135416666666668 0.01904296875
0 0.3489583333333333 0.16943359375 0.029947916666666668 0.02294921875
0 0.365234375 0.11474609375 0.03125 0.0244140625
0 0.267578125 0.1015625 0.034505208333333336 0.0224609375
0 0.3020833333333333 0.10205078125 0.028645833333333332 0.0234375
0 0.23697916666666666 0.12060546875 0.03515625 0.029296875
0 0.2708333333333333 0.1357421875 0.033203125 0.0244140625
0 0.263671875 0.1181640625 0.030598958333333332 0.0205078125
0 0.23567708333333334 0.181640625 0.034505208333333336 0.0263671875
0 0.2552083333333333 0.23388671875 0.029947916666666668 0.02392578125
0 0.244140625 0.25927734375 0.03125 0.0224609375
0 0.2552083333333333 0.275390625 0.026041666666666668 0.02294921875
0 0.3326822916666667 0.27978515625 0.031901041666666664 0.02734375
0 0.2805989583333333 0.3125 0.029947916666666668 0.0244140625
0 0.2513020833333333 0.30810546875 0.025390625 0.0234375
0 0.478515625 0.34423828125 0.024739583333333332 0.02099609375
0 0.5162760416666666 0.32861328125 0.029947916666666668 0.02490234375
0 0.5963541666666666 0.57080078125 0.028645833333333332 0.02099609375
0 0.5651041666666666 0.5791015625 0.03515625 0.03173828125
0 0.3528645833333333 0.59375 0.040364583333333336 0.02587890625
0 0.123046875 0.68017578125 0.034505208333333336 0.02734375
0 0.216796875 0.6943359375 0.031901041666666664 0.0244140625
0 0.23763020833333334 0.70654296875 0.03125 0.02197265625
0 0.19986979166666666 0.74658203125 0.028645833333333332 0.02099609375
0 0.21614583333333334 0.6259765625 0.032552083333333336 0.02490234375
0 0.23046875 0.5810546875 0.037109375 0.02783203125
0 0.14908854166666666 0.4677734375 0.029947916666666668 0.0263671875
0 0.23828125 0.45361328125 0.032552083333333336 0.0283203125
0 0.130859375 0.4921875 0.029947916666666668 0.0234375
0 0.2747395833333333 0.41943359375 0.03125 0.02587890625
0 0.193359375 0.3642578125 0.029947916666666668 0.0244140625
0 0.20638020833333334 0.3076171875 0.032552083333333336 0.02734375
0 0.14192708333333334 0.2939453125 0.025390625 0.0185546875
0 0.107421875 0.24609375 0.040364583333333336 0.033203125
0 0.10611979166666667 0.2353515625 0.026692708333333332 0.0205078125
0 0.10546875 0.25341796875 0.026041666666666668 0.02099609375
0 0.15299479166666666 0.17822265625 0.030598958333333332 0.0244140625
0 0.17057291666666666 0.203125 0.037760416666666664 0.03076171875
0 0.16471354166666666 0.2451171875 0.03515625 0.02294921875
0 0.20963541666666666 0.24267578125 0.029947916666666668 0.0244140625
0 0.388671875 0.18310546875 0.031901041666666664 0.0283203125
0 0.4114583333333333 0.125 0.034505208333333336 0.0283203125
0 0.4231770833333333 0.1513671875 0.024739583333333332 0.021484375
0 0.4544270833333333 0.150390625 0.03515625 0.0263671875
0 0.4368489583333333 0.173828125 0.049479166666666664 0.03662109375
0 0.4329427083333333 0.16357421875 0.022786458333333332 0.017578125
0 0.4427083333333333 0.1796875 0.026041666666666668 0.02099609375
0 0.4641927083333333 0.193359375 0.02734375 0.0205078125
0 0.3346354166666667 0.09912109375 0.02734375 0.02197265625