0 0.42626953125 0.16796875 0.02197265625 0.026041666666666668
0 0.4580078125 0.15885416666666666 0.025390625 0.025390625
0 0.34423828125 0.13997395833333334 0.02490234375 0.024088541666666668
0 0.35302734375 0.16861979166666666 0.0263671875 0.03125
0 0.38427734375 0.15690104166666666 0.0322265625 0.037109375
0 0.83203125 0.3255208333333333 0.0205078125 0.022135416666666668
0 0.85986328125 0.3326822916666667 0.0166015625 0.020182291666666668
0 0.80859375 0.2975260416666667 0.01708984375 0.017578125
0 0.8271484375 0.2845052083333333 0.0185546875 0.022135416666666668
0 0.79150390625 0.3059895833333333 0.0205078125 0.021484375
0 0.77978515625 0.361328125 0.0185546875 0.020182291666666668
0 0.75341796875 0.2786458333333333 0.0185546875 0.022135416666666668
0 0.7705078125 0.2786458333333333 0.01806640625 0.020833333333333332
0 0.72900390625 0.83984375 0.017578125 0.020182291666666668
0 0.80224609375 0.23372395833333334 0.01953125 0.0234375
0 0.20947265625 0.701171875 0.02490234375 0.028645833333333332
0 0.17138671875 0.5123697916666666 0.01416015625 0.016276041666666668
0 0.19189453125 0.4596354166666667 0.0166015625 0.017578125
0 0.28076171875 0.7415364583333334 0.0224609375 0.026041666666666668
0 0.29736328125 0.796875 0.017578125 0.020182291666666668
0 0.2998046875 0.7779947916666666 0.01806640625 0.020182291666666668
0 0.21044921875 0.6640625 0.0283203125 0.030598958333333332
0 0.24658203125 0.7330729166666666 0.03173828125 0.037760416666666664
0 0.65283203125 0.5143229166666666 0.01708984375 0.020182291666666668
0 0.47607421875 0.3157552083333333 0.0263671875 0.031901041666666664
0 0.51171875 0.353515625 0.02734375 0.031901041666666664
0 0.45166015625 0.30078125 0.03125 0.034505208333333336
0 0.20458984375 0.15169270833333334 0.02880859375 0.033854166666666664
0 0.25830078125 0.185546875 0.02685546875 0.03515625
0 0.30078125 0.13802083333333334 0.03173828125 0.040364583333333336
0 0.3046875 0.171875 0.02587890625 0.028645833333333332
0 0.2861328125 0.2532552083333333 0.02294921875 0.030598958333333332
0 0.181640625 0.2877604166666667 0.02587890625 0.029947916666666668
0 0.19384765625 0.3157552083333333 0.03369140625 0.040364583333333336
0 0.22705078125 0.2962239583333333 0.0263671875 0.031901041666666664
0 0.25830078125 0.30859375 0.02685546875 0.03125
0 0.2431640625 0.4192708333333333 0.0244140625 0.03125
0 0.25830078125 0.427734375 0.02685546875 0.032552083333333336
0 0.70166015625 0.7005208333333334 0.0244140625 0.033854166666666664
0 0.69580078125 0.75 0.02734375 0.030598958333333332
0 0.6630859375 0.7174479166666666 0.02197265625 0.026692708333333332
0 0.64306640625 0.681640625 0.02490234375 0.028645833333333332
0 0.62841796875 0.7018229166666666 0.02294921875 0.029296875
0 0.611328125 0.6497395833333334 0.0224609375 0.029947916666666668
0 0.57958984375 0.666015625 0.02734375 0.030598958333333332
0 0.74609375 0.7565104166666666 0.02587890625 0.029947916666666668
0 0.69384765625 0.7877604166666666 0.0361328125 0.0390625
0 0.69140625 0.8131510416666666 0.025390625 0.030598958333333332
0 0.65673828125 0.8359375 0.0283203125 0.03515625
0 0.599609375 0.84375 0.02880859375 0.036458333333333336
0 0.68798828125 0.8411458333333334 0.01953125 0.0234375
0 0.69287109375 0.89453125 0.02490234375 0.029947916666666668
0 0.66650390625 0.7740885416666666 0.02587890625 0.03125
0 0.80419921875 0.7200520833333334 0.025390625 0.030598958333333332
0 0.77099609375 0.7623697916666666 0.0224609375 0.026692708333333332
0 0.8291015625 0.7037760416666666 0.0234375 0.026692708333333332
0 0.828125 0.7291666666666666 0.02880859375 0.03125
0 0.76708984375 0.3756510416666667 0.02294921875 0.025390625
0 0.16455078125 0.400390625 0.02099609375 0.022786458333333332
0 0.14501953125 0.4609375 0.02099609375 0.026692708333333332
0 0.169921875 0.5553385416666666 0.021484375 0.024739583333333332