0 0.7688802083333334 0.36962890625 0.022786458333333332 0.0263671875
0 0.7747395833333334 0.32958984375 0.02734375 0.0302734375
0 0.720703125 0.421875 0.025390625 0.03173828125
0 0.75 0.40185546875 0.040364583333333336 0.05859375
0 0.7356770833333334 0.3955078125 0.017578125 0.0224609375
0 0.7552083333333334 0.4140625 0.01953125 0.02294921875
0 0.7552083333333334 0.38720703125 0.024088541666666668 0.02978515625
0 0.689453125 0.37060546875 0.020182291666666668 0.0263671875
0 0.7057291666666666 0.39990234375 0.024739583333333332 0.03125
0 0.6985677083333334 0.39697265625 0.014322916666666666 0.01708984375
0 0.654296875 0.38427734375 0.028645833333333332 0.033203125
0 0.6497395833333334 0.47265625 0.030598958333333332 0.0390625
0 0.6686197916666666 0.45751953125 0.02734375 0.0322265625
0 0.6627604166666666 0.49853515625 0.036458333333333336 0.0439453125
0 0.6490885416666666 0.4931640625 0.0234375 0.0263671875
0 0.6705729166666666 0.49072265625 0.025390625 0.03076171875
0 0.6555989583333334 0.51220703125 0.021484375 0.02490234375
0 0.6341145833333334 0.517578125 0.024739583333333332 0.02880859375
0 0.611328125 0.50146484375 0.024739583333333332 0.02978515625
0 0.6263020833333334 0.4873046875 0.022786458333333332 0.0263671875
0 0.5904947916666666 0.4208984375 0.0234375 0.0244140625
0 0.5768229166666666 0.40234375 0.020182291666666668 0.0224609375
0 0.5670572916666666 0.4814453125 0.020833333333333332 0.02490234375
0 0.5631510416666666 0.5185546875 0.022786458333333332 0.02587890625
0 0.5885416666666666 0.5068359375 0.018880208333333332 0.0234375
0 0.5384114583333334 0.42333984375 0.01953125 0.0224609375
0 0.5305989583333334 0.4892578125 0.020182291666666668 0.02685546875
0 0.5260416666666666 0.4736328125 0.020833333333333332 0.0224609375
0 0.5266927083333334 0.4560546875 0.022135416666666668 0.0263671875
0 0.5286458333333334 0.408203125 0.022786458333333332 0.0283203125
0 0.568359375 0.4462890625 0.022786458333333332 0.02734375
0 0.591796875 0.55810546875 0.021484375 0.02490234375
0 0.5813802083333334 0.537109375 0.021484375 0.02783203125
0 0.619140625 0.53857421875 0.020833333333333332 0.02587890625
0 0.65625 0.56591796875 0.020833333333333332 0.0263671875
0 0.666015625 0.58935546875 0.020182291666666668 0.0244140625
0 0.595703125 0.5966796875 0.021484375 0.0244140625
0 0.578125 0.64599609375 0.021484375 0.02734375
0 0.5970052083333334 0.6328125 0.020182291666666668 0.0263671875
0 0.6197916666666666 0.64501953125 0.022786458333333332 0.03076171875
0 0.5279947916666666 0.57958984375 0.021484375 0.02587890625
0 0.5130208333333334 0.5498046875 0.021484375 0.0244140625
0 0.501953125 0.51611328125 0.024088541666666668 0.0302734375
0 0.4778645833333333 0.5283203125 0.020182291666666668 0.02294921875
0 0.458984375 0.55029296875 0.021484375 0.02734375
0 0.45703125 0.6015625 0.024088541666666668 0.029296875
0 0.4615885416666667 0.63720703125 0.026041666666666668 0.03125
0 0.4700520833333333 0.65576171875 0.024739583333333332 0.03125
0 0.4244791666666667 0.47509765625 0.022786458333333332 0.02587890625
0 0.4127604166666667 0.43115234375 0.020182291666666668 0.0263671875
0 0.45703125 0.4287109375 0.026692708333333332 0.0302734375
0 0.4869791666666667 0.4345703125 0.020833333333333332 0.02587890625
0 0.4537760416666667 0.2978515625 0.027994791666666668 0.03466796875
0 0.4557291666666667 0.34375 0.022135416666666668 0.0302734375
0 0.4446614583333333 0.38330078125 0.021484375 0.02685546875
0 0.45703125 0.35693359375 0.0390625 0.04736328125
0 0.419921875 0.3828125 0.01953125 0.0244140625
0 0.4010416666666667 0.36767578125 0.020182291666666668 0.025390625
0 0.39453125 0.3486328125 0.020182291666666668 0.0244140625
0 0.3717447916666667 0.3623046875 0.020182291666666668 0.02587890625
0 0.3854166666666667 0.30859375 0.027994791666666668 0.0400390625
0 0.7903645833333334 0.50634765625 0.02734375 0.03369140625
0 0.7740885416666666 0.48974609375 0.026692708333333332 0.029296875
0 0.736328125 0.4814453125 0.028645833333333332 0.03271484375
0 0.7805989583333334 0.5498046875 0.022786458333333332 0.0283203125
0 0.8020833333333334 0.4541015625 0.021484375 0.0263671875
0 0.8111979166666666 0.484375 0.024088541666666668 0.02880859375
0 0.828125 0.45947265625 0.021484375 0.0244140625
0 0.8235677083333334 0.515625 0.021484375 0.0302734375
0 0.7994791666666666 0.52783203125 0.018229166666666668 0.02734375
0 0.806640625 0.56396484375 0.024739583333333332 0.0302734375
0 0.8209635416666666 0.55859375 0.016927083333333332 0.0205078125
0 0.822265625 0.54248046875 0.0234375 0.0302734375
0 0.8463541666666666 0.5361328125 0.021484375 0.0263671875
0 0.8385416666666666 0.4404296875 0.018229166666666668 0.02490234375
0 0.8639322916666666 0.39990234375 0.032552083333333336 0.037109375
0 0.87109375 0.3896484375 0.022135416666666668 0.02783203125
0 0.859375 0.40771484375 0.022135416666666668 0.0244140625
0 0.8684895833333334 0.42724609375 0.018880208333333332 0.0224609375
0 0.8717447916666666 0.45849609375 0.016276041666666668 0.0185546875
0 0.8600260416666666 0.62060546875 0.024739583333333332 0.0302734375
0 0.8522135416666666 0.6201171875 0.020833333333333332 0.0234375
0 0.8658854166666666 0.623046875 0.014973958333333334 0.0205078125
0 0.8763020833333334 0.615234375 0.016927083333333332 0.0205078125
0 0.7766927083333334 0.6298828125 0.017578125 0.0224609375
0 0.7747395833333334 0.58447265625 0.020833333333333332 0.02734375
0 0.7252604166666666 0.5771484375 0.020182291666666668 0.025390625
0 0.7291666666666666 0.60693359375 0.022786458333333332 0.029296875
0 0.740234375 0.62744140625 0.027994791666666668 0.03125
0 0.7369791666666666 0.68603515625 0.016927083333333332 0.0234375
0 0.767578125 0.64599609375 0.020182291666666668 0.02734375
0 0.6979166666666666 0.56201171875 0.016276041666666668 0.02099609375
0 0.7369791666666666 0.54833984375 0.020182291666666668 0.02197265625
0 0.5859375 0.68994140625 0.018229166666666668 0.02197265625
0 0.5052083333333334 0.69189453125 0.024088541666666668 0.0283203125
0 0.5052083333333334 0.6572265625 0.022786458333333332 0.0283203125
0 0.5403645833333334 0.73193359375 0.017578125 0.02197265625
0 0.576171875 0.845703125 0.017578125 0.021484375
0 0.5911458333333334 0.84716796875 0.021484375 0.0244140625
0 0.6614583333333334 0.81396484375 0.014973958333333334 0.01708984375
0 0.6575520833333334 0.75390625 0.015625 0.02197265625
0 0.7278645833333334 0.76220703125 0.016276041666666668 0.0185546875
0 0.712890625 0.73291015625 0.017578125 0.021484375
0 0.7467447916666666 0.771484375 0.016276041666666668 0.0205078125
0 0.7890625 0.77197265625 0.018229166666666668 0.021484375
0 0.7805989583333334 0.73095703125 0.01953125 0.0263671875
0 0.79296875 0.70361328125 0.022135416666666668 0.02734375
0 0.78515625 0.67822265625 0.020182291666666668 0.0234375
0 0.77734375 0.66552734375 0.01953125 0.0205078125
0 0.8372395833333334 0.7353515625 0.020833333333333332 0.0302734375
0 0.8938802083333334 0.6787109375 0.018229166666666668 0.0205078125
0 0.888671875 0.66162109375 0.017578125 0.01904296875
0 0.890625 0.65087890625 0.014973958333333334 0.01708984375
0 0.869140625 0.6943359375 0.016276041666666668 0.0185546875
0 0.908203125 0.7080078125 0.018880208333333332 0.0224609375
0 0.9095052083333334 0.66455078125 0.020182291666666668 0.0244140625
0 0.90234375 0.6298828125 0.015625 0.017578125
0 0.8951822916666666 0.611328125 0.01953125 0.0244140625