0 0.64453125 0.44921875 0.0224609375 0.020182291666666668
0 0.2099609375 0.7337239583333334 0.017578125 0.015625
0 0.25390625 0.744140625 0.01708984375 0.014973958333333334
0 0.1708984375 0.7356770833333334 0.0126953125 0.009765625
0 0.1669921875 0.7259114583333334 0.01025390625 0.009114583333333334
0 0.1572265625 0.7161458333333334 0.0146484375 0.014973958333333334
0 0.16162109375 0.7643229166666666 0.0185546875 0.017578125
0 0.2724609375 0.5690104166666666 0.0107421875 0.008463541666666666
0 0.26123046875 0.5690104166666666 0.01318359375 0.016276041666666668
0 0.36474609375 0.4947916666666667 0.01025390625 0.009114583333333334
0 0.42724609375 0.37890625 0.0146484375 0.01171875
0 0.42822265625 0.3430989583333333 0.01611328125 0.012369791666666666
0 0.49853515625 0.30859375 0.0166015625 0.01171875
0 0.5205078125 0.17122395833333334 0.01904296875 0.017578125
0 0.517578125 0.19791666666666666 0.0205078125 0.017578125
0 0.39599609375 0.15299479166666666 0.0205078125 0.017578125
0 0.35498046875 0.18229166666666666 0.01171875 0.011067708333333334
0 0.3125 0.15104166666666666 0.017578125 0.015625
0 0.267578125 0.17317708333333334 0.02001953125 0.018880208333333332
0 0.2451171875 0.1953125 0.02392578125 0.017578125
0 0.232421875 0.169921875 0.01513671875 0.014973958333333334
0 0.24560546875 0.16927083333333334 0.017578125 0.018880208333333332
0 0.2119140625 0.177734375 0.0224609375 0.018880208333333332
0 0.271484375 0.12109375 0.0126953125 0.011067708333333334
0 0.29931640625 0.11588541666666667 0.02001953125 0.018229166666666668
0 0.625 0.490234375 0.025390625 0.01953125
0 0.66064453125 0.48046875 0.01904296875 0.016927083333333332
0 0.63427734375 0.46484375 0.0205078125 0.01953125
0 0.625 0.4440104166666667 0.0146484375 0.01171875
0 0.56640625 0.4993489583333333 0.0126953125 0.012369791666666666
0 0.6572265625 0.572265625 0.01611328125 0.013020833333333334
0 0.63037109375 0.5748697916666666 0.01708984375 0.013671875
0 0.45849609375 0.5794270833333334 0.0068359375 0.004557291666666667
0 0.1767578125 0.50390625 0.00830078125 0.005859375
0 0.1728515625 0.4674479166666667 0.00927734375 0.009765625
0 0.20458984375 0.4602864583333333 0.01025390625 0.010416666666666666
0 0.2236328125 0.466796875 0.009765625 0.007161458333333333
0 0.22314453125 0.6217447916666666 0.0185546875 0.018229166666666668
0 0.25537109375 0.64453125 0.0166015625 0.014322916666666666
0 0.3935546875 0.671875 0.01953125 0.016927083333333332
0 0.65576171875 0.6998697916666666 0.0166015625 0.014973958333333334
0 0.7021484375 0.7220052083333334 0.0185546875 0.014973958333333334
0 0.72607421875 0.763671875 0.01953125 0.016276041666666668
0 0.7333984375 0.798828125 0.01123046875 0.011067708333333334
0 0.77880859375 0.7174479166666666 0.0166015625 0.012369791666666666
0 0.7470703125 0.7180989583333334 0.02001953125 0.014973958333333334
0 0.7177734375 0.7942708333333334 0.0166015625 0.013020833333333334
0 0.80859375 0.7096354166666666 0.01416015625 0.011067708333333334
0 0.80322265625 0.732421875 0.01416015625 0.009765625
0 0.80224609375 0.724609375 0.01318359375 0.011067708333333334
0 0.7998046875 0.74609375 0.02490234375 0.021484375
0 0.76123046875 0.71875 0.0185546875 0.014973958333333334
0 0.74365234375 0.7708333333333334 0.01953125 0.017578125
0 0.78466796875 0.8333333333333334 0.01513671875 0.013020833333333334
0 0.76708984375 0.8372395833333334 0.01806640625 0.014973958333333334
0 0.76171875 0.8606770833333334 0.01708984375 0.013671875
0 0.72509765625 0.8522135416666666 0.0244140625 0.01953125
0 0.78857421875 0.7981770833333334 0.0185546875 0.013671875
0 0.77294921875 0.7994791666666666 0.01708984375 0.014973958333333334
0 0.6943359375 0.8626302083333334 0.01953125 0.017578125
0 0.67041015625 0.875 0.01708984375 0.014973958333333334
0 0.69580078125 0.873046875 0.0166015625 0.013020833333333334
0 0.24755859375 0.3782552083333333 0.0205078125 0.021484375
0 0.2734375 0.3821614583333333 0.021484375 0.01953125
0 0.2451171875 0.41796875 0.00732421875 0.007161458333333333
0 0.291015625 0.4055989583333333 0.01513671875 0.014973958333333334
0 0.34619140625 0.2845052083333333 0.02099609375 0.017578125
0 0.28759765625 0.3138020833333333 0.0244140625 0.020833333333333332
0 0.2744140625 0.091796875 0.0078125 0.009765625
0 0.28125 0.13020833333333334 0.0068359375 0.005208333333333333
0 0.33349609375 0.14388020833333334 0.0185546875 0.017578125
0 0.48046875 0.14908854166666666 0.01904296875 0.018880208333333332
0 0.49853515625 0.123046875 0.02099609375 0.018880208333333332
0 0.46142578125 0.10807291666666667 0.0185546875 0.016927083333333332
0 0.5625 0.201171875 0.01708984375 0.015625
0 0.572265625 0.12369791666666667 0.0234375 0.018880208333333332
0 0.55859375 0.123046875 0.01806640625 0.015625
0 0.62158203125 0.197265625 0.02099609375 0.017578125
0 0.6513671875 0.166015625 0.02197265625 0.018229166666666668
0 0.6982421875 0.18033854166666666 0.02001953125 0.017578125
0 0.7158203125 0.20963541666666666 0.00927734375 0.0078125
0 0.7373046875 0.212890625 0.00732421875 0.007161458333333333
0 0.7939453125 0.146484375 0.00732421875 0.007161458333333333
0 0.79931640625 0.15885416666666666 0.01025390625 0.009114583333333334
0 0.806640625 0.18294270833333334 0.00927734375 0.008463541666666666
0 0.8193359375 0.17578125 0.00537109375 0.005208333333333333
0 0.7978515625 0.177734375 0.00732421875 0.006510416666666667
0 0.828125 0.177734375 0.00927734375 0.008463541666666666
0 0.83740234375 0.24283854166666666 0.0087890625 0.008463541666666666
0 0.82568359375 0.21484375 0.00732421875 0.007161458333333333
0 0.283203125 0.5234375 0.0126953125 0.009765625
0 0.27392578125 0.5436197916666666 0.01708984375 0.014322916666666666
0 0.318359375 0.583984375 0.01708984375 0.012369791666666666
0 0.224609375 0.517578125 0.0166015625 0.013020833333333334
0 0.21142578125 0.6497395833333334 0.01708984375 0.014322916666666666
0 0.25927734375 0.6829427083333334 0.02392578125 0.018229166666666668
0 0.13720703125 0.6328125 0.0244140625 0.022786458333333332
0 0.2197265625 0.8079427083333334 0.0166015625 0.014322916666666666
0 0.2080078125 0.806640625 0.0205078125 0.014973958333333334
0 0.2587890625 0.8033854166666666 0.02001953125 0.018229166666666668
0 0.3837890625 0.31640625 0.02587890625 0.022786458333333332
0 0.36328125 0.40234375 0.025390625 0.022135416666666668
0 0.30615234375 0.17122395833333334 0.02685546875 0.024088541666666668
0 0.224609375 0.13151041666666666 0.02587890625 0.026041666666666668
0 0.3876953125 0.103515625 0.03271484375 0.026041666666666668
0 0.40869140625 0.11328125 0.0302734375 0.026041666666666668
0 0.53515625 0.21484375 0.0283203125 0.025390625
0 0.65869140625 0.2936197916666667 0.03369140625 0.029947916666666668
0 0.64111328125 0.328125 0.0234375 0.020833333333333332
0 0.638671875 0.8841145833333334 0.02392578125 0.01953125
0 0.8095703125 0.6803385416666666 0.02099609375 0.016927083333333332
0 0.7744140625 0.7337239583333334 0.021484375 0.017578125
0 0.46875 0.4889322916666667 0.013671875 0.011067708333333334
0 0.4775390625 0.4752604166666667 0.01513671875 0.012369791666666666
0 0.43994140625 0.5032552083333334 0.01318359375 0.011067708333333334
0 0.5234375 0.4192708333333333 0.013671875 0.013020833333333334
0 0.54296875 0.4361979166666667 0.0146484375 0.012369791666666666
0 0.76513671875 0.6946614583333334 0.0146484375 0.012369791666666666
0 0.74560546875 0.6985677083333334 0.01513671875 0.009765625
0 0.7841796875 0.8177083333333334 0.01513671875 0.01171875
0 0.7724609375 0.8255208333333334 0.017578125 0.013020833333333334
0 0.7548828125 0.8131510416666666 0.01416015625 0.011067708333333334
0 0.27294921875 0.7526041666666666 0.013671875 0.011067708333333334
0 0.1884765625 0.734375 0.015625 0.012369791666666666
0 0.115234375 0.7584635416666666 0.015625 0.011067708333333334
0 0.11669921875 0.7688802083333334 0.017578125 0.013671875
0 0.4677734375 0.6471354166666666 0.0107421875 0.009114583333333334
0 0.73486328125 0.6666666666666666 0.013671875 0.011067708333333334
0 0.77197265625 0.6783854166666666 0.0166015625 0.013671875
0 0.80322265625 0.66015625 0.01318359375 0.011067708333333334
0 0.78271484375 0.6529947916666666 0.013671875 0.010416666666666666
0 0.43994140625 0.6145833333333334 0.015625 0.013020833333333334
0 0.42626953125 0.6165364583333334 0.0166015625 0.012369791666666666
0 0.35498046875 0.568359375 0.015625 0.013020833333333334
0 0.36279296875 0.4622395833333333 0.01708984375 0.012369791666666666