0 0.5963541666666666 0.15771484375 0.044921875 0.03564453125
0 0.6458333333333334 0.21240234375 0.044270833333333336 0.033203125
0 0.5963541666666666 0.25146484375 0.044270833333333336 0.03076171875
0 0.5625 0.20947265625 0.033203125 0.02685546875
0 0.5052083333333334 0.20849609375 0.036458333333333336 0.02734375
0 0.5130208333333334 0.166015625 0.029296875 0.02294921875
0 0.5501302083333334 0.10693359375 0.033203125 0.0234375
0 0.5592447916666666 0.13232421875 0.032552083333333336 0.02685546875
0 0.5911458333333334 0.10693359375 0.040364583333333336 0.02685546875
0 0.5 0.11669921875 0.03515625 0.03125
0 0.625 0.09912109375 0.02734375 0.02001953125
0 0.83984375 0.07080078125 0.035807291666666664 0.02490234375
0 0.7311197916666666 0.154296875 0.029947916666666668 0.0244140625
0 0.8098958333333334 0.140625 0.026041666666666668 0.0205078125
0 0.8209635416666666 0.18212890625 0.034505208333333336 0.02294921875
0 0.8092447916666666 0.21923828125 0.053385416666666664 0.03857421875
0 0.7428385416666666 0.19775390625 0.035807291666666664 0.02392578125
0 0.8587239583333334 0.21044921875 0.046223958333333336 0.02880859375
0 0.720703125 0.279296875 0.03515625 0.03271484375
0 0.6796875 0.26318359375 0.034505208333333336 0.0244140625
0 0.6575520833333334 0.291015625 0.03515625 0.02685546875
0 0.6783854166666666 0.23974609375 0.034505208333333336 0.02587890625
0 0.7877604166666666 0.28515625 0.041015625 0.0302734375
0 0.7552083333333334 0.2958984375 0.029947916666666668 0.0224609375
0 0.728515625 0.34765625 0.0234375 0.0185546875
0 0.70703125 0.35986328125 0.036458333333333336 0.02099609375
0 0.6666666666666666 0.3583984375 0.034505208333333336 0.0283203125
0 0.7727864583333334 0.337890625 0.028645833333333332 0.01806640625
0 0.8118489583333334 0.32958984375 0.051432291666666664 0.0283203125
0 0.7936197916666666 0.4296875 0.034505208333333336 0.02978515625
0 0.79296875 0.45654296875 0.036458333333333336 0.0263671875
0 0.8684895833333334 0.435546875 0.03515625 0.02880859375
0 0.8580729166666666 0.48583984375 0.034505208333333336 0.02880859375
0 0.77734375 0.5 0.035807291666666664 0.0302734375
0 0.548828125 0.400390625 0.024739583333333332 0.0185546875
0 0.4440104166666667 0.38623046875 0.033203125 0.0244140625
0 0.3600260416666667 0.35888671875 0.029296875 0.0244140625
0 0.38671875 0.39404296875 0.029296875 0.01953125
0 0.353515625 0.41796875 0.02734375 0.02099609375
0 0.3463541666666667 0.32568359375 0.024739583333333332 0.01953125
0 0.416015625 0.43701171875 0.025390625 0.01953125
0 0.4641927083333333 0.46044921875 0.020833333333333332 0.0146484375
0 0.359375 0.47509765625 0.024739583333333332 0.0205078125
0 0.314453125 0.51171875 0.020833333333333332 0.02197265625
0 0.3216145833333333 0.5302734375 0.022135416666666668 0.01806640625
0 0.546875 0.3642578125 0.026692708333333332 0.02001953125
0 0.5442708333333334 0.3837890625 0.022135416666666668 0.02001953125
0 0.3033854166666667 0.2529296875 0.026041666666666668 0.02197265625
0 0.34375 0.2333984375 0.020182291666666668 0.0205078125
0 0.328125 0.19873046875 0.026041666666666668 0.02197265625
0 0.34765625 0.15625 0.021484375 0.01708984375
0 0.310546875 0.16455078125 0.022135416666666668 0.0185546875
0 0.2994791666666667 0.17822265625 0.020833333333333332 0.01953125
0 0.35546875 0.169921875 0.024088541666666668 0.0185546875
0 0.404296875 0.18359375 0.028645833333333332 0.025390625
0 0.4192708333333333 0.1982421875 0.024739583333333332 0.02099609375
0 0.4759114583333333 0.1650390625 0.029947916666666668 0.017578125
0 0.4752604166666667 0.5419921875 0.017578125 0.01220703125
0 0.4479166666666667 0.50927734375 0.025390625 0.01806640625
0 0.4296875 0.4716796875 0.022135416666666668 0.01611328125
0 0.3470052083333333 0.55419921875 0.018880208333333332 0.01318359375
0 0.439453125 0.5537109375 0.024088541666666668 0.01806640625