0 0.5729166666666666 0.30810546875 0.0234375 0.0185546875
0 0.591796875 0.32373046875 0.024739583333333332 0.02099609375
0 0.6217447916666666 0.26513671875 0.022786458333333332 0.01416015625
0 0.724609375 0.26318359375 0.031901041666666664 0.02294921875
0 0.7311197916666666 0.365234375 0.032552083333333336 0.0263671875
0 0.6139322916666666 0.3779296875 0.033854166666666664 0.0185546875
0 0.525390625 0.42724609375 0.038411458333333336 0.0302734375
0 0.388671875 0.30712890625 0.030598958333333332 0.0205078125
0 0.447265625 0.29443359375 0.028645833333333332 0.01806640625
0 0.4544270833333333 0.322265625 0.034505208333333336 0.02001953125
0 0.4029947916666667 0.37890625 0.041666666666666664 0.02783203125
0 0.4127604166666667 0.3740234375 0.035807291666666664 0.029296875
0 0.3860677083333333 0.37646484375 0.040364583333333336 0.03173828125
0 0.373046875 0.47607421875 0.031901041666666664 0.01953125
0 0.439453125 0.466796875 0.028645833333333332 0.01953125
0 0.48828125 0.46630859375 0.029296875 0.01953125
0 0.3821614583333333 0.58544921875 0.037109375 0.0205078125
0 0.3600260416666667 0.6240234375 0.026692708333333332 0.0205078125
0 0.5651041666666666 0.38818359375 0.028645833333333332 0.0185546875
0 0.62109375 0.46875 0.033203125 0.02099609375
0 0.556640625 0.50244140625 0.026692708333333332 0.0205078125
0 0.564453125 0.47314453125 0.037760416666666664 0.03125
0 0.4088541666666667 0.62109375 0.03515625 0.02685546875
0 0.3880208333333333 0.64794921875 0.026041666666666668 0.01953125
0 0.5227864583333334 0.61767578125 0.030598958333333332 0.02294921875
0 0.5208333333333334 0.6357421875 0.03125 0.0224609375
0 0.552734375 0.52685546875 0.026692708333333332 0.0166015625
0 0.51953125 0.4775390625 0.02734375 0.02099609375
0 0.3697916666666667 0.4296875 0.037760416666666664 0.0263671875
0 0.33203125 0.4873046875 0.031901041666666664 0.0244140625
0 0.33984375 0.458984375 0.037109375 0.0302734375
0 0.3346354166666667 0.44775390625 0.032552083333333336 0.025390625
0 0.42578125 0.435546875 0.026692708333333332 0.01953125
0 0.453125 0.43408203125 0.031901041666666664 0.0234375
0 0.4557291666666667 0.4091796875 0.031901041666666664 0.021484375
0 0.5026041666666666 0.32275390625 0.026041666666666668 0.02001953125
0 0.5481770833333334 0.3125 0.031901041666666664 0.02490234375
0 0.5247395833333334 0.3525390625 0.026041666666666668 0.02197265625
0 0.275390625 0.55712890625 0.041666666666666664 0.0283203125
0 0.23697916666666666 0.51708984375 0.042317708333333336 0.0244140625
0 0.3190104166666667 0.5361328125 0.029947916666666668 0.02294921875
0 0.16796875 0.552734375 0.033203125 0.02197265625
0 0.16080729166666666 0.51611328125 0.043619791666666664 0.02783203125
0 0.17447916666666666 0.51611328125 0.029296875 0.02392578125
0 0.14518229166666666 0.51025390625 0.030598958333333332 0.02685546875
0 0.216796875 0.4423828125 0.032552083333333336 0.02685546875
0 0.15299479166666666 0.36083984375 0.030598958333333332 0.02490234375
0 0.21809895833333334 0.3447265625 0.0390625 0.0234375
0 0.26953125 0.25830078125 0.041666666666666664 0.02783203125
0 0.6022135416666666 0.625 0.022135416666666668 0.0166015625
0 0.6875 0.61962890625 0.024088541666666668 0.01953125
0 0.6100260416666666 0.60693359375 0.0234375 0.0166015625
0 0.6985677083333334 0.58349609375 0.024739583333333332 0.0185546875
0 0.6634114583333334 0.57373046875 0.026692708333333332 0.025390625
0 0.662109375 0.56494140625 0.0234375 0.01953125
0 0.6907552083333334 0.5625 0.022786458333333332 0.0185546875
0 0.5944010416666666 0.537109375 0.0234375 0.0185546875
0 0.634765625 0.53271484375 0.026692708333333332 0.01806640625
0 0.6438802083333334 0.513671875 0.022786458333333332 0.0185546875
0 0.6888020833333334 0.5244140625 0.020182291666666668 0.0185546875
0 0.7135416666666666 0.46923828125 0.026041666666666668 0.02099609375
0 0.5625 0.4404296875 0.029296875 0.0205078125
0 0.6438802083333334 0.326171875 0.020182291666666668 0.01708984375
0 0.654296875 0.3408203125 0.022786458333333332 0.0185546875
0 0.3483072916666667 0.27197265625 0.018229166666666668 0.0146484375
0 0.3125 0.2744140625 0.02734375 0.0205078125
0 0.3046875 0.25 0.024739583333333332 0.02099609375
0 0.21940104166666666 0.25732421875 0.024739583333333332 0.01953125
0 0.22591145833333334 0.27392578125 0.0234375 0.01953125
0 0.2552083333333333 0.28173828125 0.028645833333333332 0.0234375
0 0.2877604166666667 0.2822265625 0.029296875 0.0224609375
0 0.2799479166666667 0.259765625 0.0234375 0.01953125
0 0.2623697916666667 0.33642578125 0.022786458333333332 0.0185546875
0 0.3404947916666667 0.37255859375 0.024739583333333332 0.01953125
0 0.2610677083333333 0.3720703125 0.024088541666666668 0.0205078125
0 0.2610677083333333 0.38720703125 0.0234375 0.01611328125
0 0.216796875 0.37060546875 0.026692708333333332 0.02197265625
0 0.2421875 0.39697265625 0.021484375 0.013671875
0 0.23893229166666666 0.40869140625 0.024088541666666668 0.0185546875
0 0.20963541666666666 0.4921875 0.029947916666666668 0.0234375
0 0.13541666666666666 0.4736328125 0.02734375 0.01611328125
0 0.11263020833333333 0.45556640625 0.022786458333333332 0.01806640625
0 0.12239583333333333 0.49072265625 0.029296875 0.02294921875
0 0.11653645833333333 0.54833984375 0.026692708333333332 0.0234375
0 0.220703125 0.6015625 0.03125 0.02294921875
0 0.16276041666666666 0.66259765625 0.026041666666666668 0.0205078125
0 0.2565104166666667 0.67724609375 0.024739583333333332 0.02099609375
0 0.23046875 0.6904296875 0.027994791666666668 0.02197265625
0 0.23111979166666666 0.72265625 0.022135416666666668 0.017578125
0 0.12044270833333333 0.6767578125 0.026041666666666668 0.01708984375
0 0.12239583333333333 0.73193359375 0.024088541666666668 0.02001953125
0 0.193359375 0.75146484375 0.026692708333333332 0.0205078125
0 0.4615885416666667 0.50927734375 0.01953125 0.0146484375
0 0.4583333333333333 0.5361328125 0.0234375 0.01513671875
0 0.45703125 0.69482421875 0.0234375 0.0166015625
0 0.443359375 0.7666015625 0.031901041666666664 0.0234375
0 0.66796875 0.8056640625 0.025390625 0.017578125
0 0.4622395833333333 0.3623046875 0.030598958333333332 0.0234375
0 0.466796875 0.3720703125 0.022135416666666668 0.01611328125
0 0.6647135416666666 0.2958984375 0.024739583333333332 0.0205078125
0 0.7454427083333334 0.60693359375 0.03515625 0.02783203125
0 0.7434895833333334 0.64111328125 0.0234375 0.02099609375
0 0.7864583333333334 0.5966796875 0.016927083333333332 0.01318359375
0 0.78515625 0.564453125 0.025390625 0.01904296875
0 0.7643229166666666 0.55029296875 0.0234375 0.02197265625
0 0.7259114583333334 0.54541015625 0.031901041666666664 0.025390625
0 0.7395833333333334 0.52001953125 0.020182291666666668 0.01611328125
0 0.783203125 0.4384765625 0.022786458333333332 0.0234375
0 0.8229166666666666 0.4267578125 0.026692708333333332 0.02197265625
0 0.681640625 0.853515625 0.033854166666666664 0.01904296875
0 0.7682291666666666 0.8134765625 0.020833333333333332 0.025390625
0 0.76171875 0.78271484375 0.0234375 0.02099609375
0 0.775390625 0.7666015625 0.022786458333333332 0.01806640625
0 0.8033854166666666 0.8212890625 0.024088541666666668 0.0224609375
0 0.6263020833333334 0.82763671875 0.020182291666666668 0.01806640625
0 0.5852864583333334 0.7822265625 0.02734375 0.0224609375
0 0.5872395833333334 0.75439453125 0.022135416666666668 0.02294921875
0 0.5638020833333334 0.69580078125 0.020182291666666668 0.0244140625
0 0.59375 0.6748046875 0.024088541666666668 0.0166015625