0 0.69677734375 0.826171875 0.01025390625 0.009765625
0 0.6943359375 0.8385416666666666 0.0087890625 0.009765625
0 0.625 0.841796875 0.01904296875 0.016927083333333332
0 0.5673828125 0.7805989583333334 0.01611328125 0.020182291666666668
0 0.81982421875 0.7454427083333334 0.01025390625 0.015625
0 0.720703125 0.7135416666666666 0.01708984375 0.021484375
0 0.80224609375 0.8229166666666666 0.0087890625 0.012369791666666666
0 0.78759765625 0.8287760416666666 0.01025390625 0.013020833333333334
0 0.767578125 0.84765625 0.01220703125 0.014973958333333334
0 0.8349609375 0.837890625 0.0146484375 0.014322916666666666
0 0.8818359375 0.8209635416666666 0.01123046875 0.009765625
0 0.86376953125 0.8014322916666666 0.01318359375 0.013671875
0 0.85546875 0.771484375 0.01025390625 0.01171875
0 0.84716796875 0.771484375 0.0166015625 0.014973958333333334
0 0.46630859375 0.3216145833333333 0.01513671875 0.017578125
0 0.47314453125 0.3736979166666667 0.015625 0.014973958333333334
0 0.45166015625 0.3821614583333333 0.0107421875 0.013020833333333334
0 0.4736328125 0.3951822916666667 0.01220703125 0.013020833333333334
0 0.12060546875 0.2825520833333333 0.01318359375 0.013671875
0 0.1787109375 0.24674479166666666 0.009765625 0.01171875
0 0.19189453125 0.2955729166666667 0.01123046875 0.013671875
0 0.1513671875 0.14778645833333334 0.01708984375 0.015625
0 0.1923828125 0.8046875 0.0087890625 0.012369791666666666
0 0.3017578125 0.8587239583333334 0.01123046875 0.011067708333333334
0 0.1884765625 0.9108072916666666 0.0087890625 0.012369791666666666
0 0.1162109375 0.8483072916666666 0.00927734375 0.012369791666666666
0 0.11181640625 0.8828125 0.0078125 0.013671875
0 0.11865234375 0.7701822916666666 0.013671875 0.014973958333333334
0 0.12255859375 0.6725260416666666 0.00927734375 0.012369791666666666
0 0.47314453125 0.6829427083333334 0.01025390625 0.010416666666666666
0 0.537109375 0.6497395833333334 0.0087890625 0.010416666666666666
0 0.45166015625 0.828125 0.01220703125 0.012369791666666666
0 0.50634765625 0.828125 0.01416015625 0.014322916666666666
0 0.51123046875 0.7916666666666666 0.0166015625 0.013020833333333334
0 0.4765625 0.873046875 0.01123046875 0.01171875
0 0.50341796875 0.8873697916666666 0.009765625 0.012369791666666666
0 0.53662109375 0.8391927083333334 0.00927734375 0.011067708333333334
0 0.52294921875 0.828125 0.01611328125 0.026041666666666668
0 0.57568359375 0.8385416666666666 0.01513671875 0.016276041666666668
0 0.5283203125 0.7897135416666666 0.0087890625 0.013671875
0 0.5380859375 0.7395833333333334 0.0087890625 0.011067708333333334
0 0.56689453125 0.7434895833333334 0.0146484375 0.014973958333333334
0 0.572265625 0.568359375 0.0078125 0.010416666666666666
0 0.5791015625 0.5755208333333334 0.00830078125 0.010416666666666666
0 0.57666015625 0.5716145833333334 0.01806640625 0.022135416666666668
0 0.564453125 0.37109375 0.00927734375 0.011067708333333334
0 0.49853515625 0.3606770833333333 0.01123046875 0.012369791666666666
0 0.62841796875 0.3326822916666667 0.01123046875 0.014322916666666666
0 0.68115234375 0.3763020833333333 0.01220703125 0.014322916666666666
0 0.65478515625 0.4915364583333333 0.01025390625 0.01171875
0 0.712890625 0.4700520833333333 0.01025390625 0.010416666666666666
0 0.68701171875 0.5657552083333334 0.00927734375 0.012369791666666666
0 0.67919921875 0.5514322916666666 0.00927734375 0.012369791666666666
0 0.6513671875 0.65625 0.015625 0.016927083333333332
0 0.6806640625 0.66015625 0.01025390625 0.011067708333333334
0 0.6337890625 0.6673177083333334 0.0146484375 0.014973958333333334
0 0.6953125 0.7122395833333334 0.013671875 0.022135416666666668
0 0.71630859375 0.8313802083333334 0.00927734375 0.009765625
0 0.64404296875 0.783203125 0.0087890625 0.009114583333333334
0 0.61328125 0.9375 0.01513671875 0.020182291666666668
0 0.62451171875 0.9303385416666666 0.013671875 0.018880208333333332
0 0.63427734375 0.9381510416666666 0.0146484375 0.018880208333333332
0 0.73193359375 0.9088541666666666 0.0087890625 0.013020833333333334
0 0.7236328125 0.896484375 0.01123046875 0.012369791666666666
0 0.81005859375 0.91796875 0.0087890625 0.013020833333333334
0 0.818359375 0.90625 0.00732421875 0.008463541666666666
0 0.7978515625 0.8626302083333334 0.0078125 0.0078125
0 0.80322265625 0.8587239583333334 0.0068359375 0.009114583333333334
0 0.80615234375 0.8450520833333334 0.00732421875 0.008463541666666666
0 0.81103515625 0.8509114583333334 0.00537109375 0.007161458333333333
0 0.79541015625 0.9290364583333334 0.0078125 0.011067708333333334
0 0.78564453125 0.9283854166666666 0.00634765625 0.010416666666666666
0 0.7783203125 0.9329427083333334 0.0078125 0.012369791666666666
0 0.759765625 0.7298177083333334 0.02197265625 0.020833333333333332
0 0.74267578125 0.6393229166666666 0.017578125 0.01953125
0 0.7998046875 0.6549479166666666 0.00927734375 0.009765625
0 0.80615234375 0.6634114583333334 0.0068359375 0.007161458333333333
0 0.7626953125 0.556640625 0.009765625 0.009765625
0 0.74658203125 0.56640625 0.009765625 0.011067708333333334
0 0.7548828125 0.4505208333333333 0.0087890625 0.0078125
0 0.8134765625 0.45703125 0.01025390625 0.010416666666666666
0 0.7265625 0.3170572916666667 0.01123046875 0.011067708333333334
0 0.896484375 0.14518229166666666 0.00634765625 0.0078125
0 0.896484375 0.15625 0.00927734375 0.009765625
0 0.900390625 0.16536458333333334 0.0087890625 0.010416666666666666
0 0.91162109375 0.16015625 0.0087890625 0.009765625
0 0.9052734375 0.17252604166666666 0.00732421875 0.0078125
0 0.90380859375 0.1953125 0.0078125 0.009765625
0 0.912109375 0.19921875 0.0087890625 0.011067708333333334
0 0.85302734375 0.2649739583333333 0.0107421875 0.012369791666666666
0 0.880859375 0.2819010416666667 0.0087890625 0.011067708333333334
0 0.84814453125 0.4798177083333333 0.0107421875 0.01171875
0 0.86767578125 0.4856770833333333 0.0078125 0.009114583333333334
0 0.892578125 0.5188802083333334 0.00927734375 0.009765625
0 0.875 0.4557291666666667 0.0126953125 0.013671875
0 0.8974609375 0.5631510416666666 0.009765625 0.013020833333333334
0 0.86279296875 0.6139322916666666 0.0087890625 0.010416666666666666
0 0.8349609375 0.5911458333333334 0.0078125 0.013020833333333334
0 0.89794921875 0.7415364583333334 0.01171875 0.014973958333333334
0 0.892578125 0.759765625 0.00830078125 0.009765625
0 0.896484375 0.78515625 0.00634765625 0.0078125
0 0.88330078125 0.7819010416666666 0.00830078125 0.008463541666666666
0 0.888671875 0.7858072916666666 0.00732421875 0.010416666666666666
0 0.89404296875 0.8626302083333334 0.02685546875 0.031901041666666664
0 0.8935546875 0.8951822916666666 0.02490234375 0.029947916666666668
0 0.88427734375 0.9075520833333334 0.0234375 0.024739583333333332
0 0.849609375 0.87109375 0.009765625 0.01171875
0 0.85595703125 0.888671875 0.009765625 0.013671875
0 0.84228515625 0.9140625 0.00634765625 0.0078125
0 0.8603515625 0.83203125 0.0087890625 0.011067708333333334
0 0.86376953125 0.8522135416666666 0.009765625 0.012369791666666666
0 0.869140625 0.8450520833333334 0.0087890625 0.010416666666666666
0 0.876953125 0.853515625 0.0078125 0.012369791666666666
0 0.34619140625 0.404296875 0.01123046875 0.018229166666666668
0 0.349609375 0.3841145833333333 0.01123046875 0.014973958333333334
0 0.57275390625 0.9212239583333334 0.0166015625 0.022786458333333332
0 0.53955078125 0.86328125 0.01220703125 0.016276041666666668
0 0.52978515625 0.8645833333333334 0.013671875 0.01953125
0 0.50439453125 0.9205729166666666 0.01220703125 0.017578125
0 0.56103515625 0.796875 0.01806640625 0.021484375
0 0.5576171875 0.8151041666666666 0.0185546875 0.022135416666666668
0 0.58837890625 0.68359375 0.017578125 0.0234375
0 0.76513671875 0.6705729166666666 0.017578125 0.020182291666666668
0 0.77392578125 0.6477864583333334 0.0185546875 0.024739583333333332