0 0.62841796875 0.12434895833333333 0.021484375 0.02734375
0 0.5947265625 0.10611979166666667 0.025390625 0.025390625
0 0.7216796875 0.11002604166666667 0.025390625 0.0234375
0 0.70849609375 0.14192708333333334 0.025390625 0.032552083333333336
0 0.67578125 0.12109375 0.03125 0.038411458333333336
0 0.162109375 0.21549479166666666 0.0205078125 0.022135416666666668
0 0.130859375 0.216796875 0.01611328125 0.020833333333333332
0 0.19189453125 0.1875 0.0166015625 0.017578125
0 0.173828125 0.16796875 0.01806640625 0.0234375
0 0.20947265625 0.201171875 0.0205078125 0.022135416666666668
0 0.21435546875 0.26953125 0.01806640625 0.020833333333333332
0 0.2548828125 0.177734375 0.01806640625 0.0234375
0 0.236328125 0.17447916666666666 0.017578125 0.021484375
0 0.20068359375 0.8483072916666666 0.01708984375 0.020182291666666668
0 0.2080078125 0.11328125 0.01904296875 0.024739583333333332
0 0.78857421875 0.806640625 0.0244140625 0.029296875
0 0.85693359375 0.591796875 0.013671875 0.016927083333333332
0 0.84228515625 0.5247395833333334 0.0166015625 0.017578125
0 0.70458984375 0.837890625 0.02197265625 0.026692708333333332
0 0.6787109375 0.8990885416666666 0.01708984375 0.020833333333333332
0 0.6787109375 0.8763020833333334 0.017578125 0.020833333333333332
0 0.79296875 0.7630208333333334 0.02783203125 0.03125
0 0.7431640625 0.8359375 0.03076171875 0.039713541666666664
0 0.33056640625 0.4811197916666667 0.0166015625 0.020833333333333332
0 0.55224609375 0.2877604166666667 0.025390625 0.033203125
0 0.50830078125 0.32421875 0.0263671875 0.033203125
0 0.58154296875 0.275390625 0.03076171875 0.03515625
0 0.873046875 0.15690104166666666 0.02783203125 0.03515625
0 0.80908203125 0.18424479166666666 0.02587890625 0.037109375
0 0.77001953125 0.11848958333333333 0.03076171875 0.042317708333333336
0 0.7607421875 0.15755208333333334 0.025390625 0.029296875
0 0.76904296875 0.2578125 0.02197265625 0.032552083333333336
0 0.87841796875 0.3235677083333333 0.02490234375 0.03125
0 0.861328125 0.3541666666666667 0.03271484375 0.041666666666666664
0 0.82763671875 0.3229166666666667 0.025390625 0.033203125
0 0.79150390625 0.3307291666666667 0.0263671875 0.032552083333333336
0 0.7919921875 0.46484375 0.02294921875 0.032552083333333336
0 0.77490234375 0.4713541666666667 0.02587890625 0.033854166666666664
0 0.2509765625 0.6901041666666666 0.0224609375 0.036458333333333336
0 0.25 0.75 0.0263671875 0.031901041666666664
0 0.29052734375 0.7194010416666666 0.02099609375 0.02734375
0 0.3173828125 0.681640625 0.0244140625 0.029296875
0 0.33056640625 0.708984375 0.02197265625 0.030598958333333332
0 0.35693359375 0.6510416666666666 0.02099609375 0.031901041666666664
0 0.38916015625 0.677734375 0.02685546875 0.03125
0 0.1943359375 0.7454427083333334 0.02490234375 0.030598958333333332
0 0.2470703125 0.794921875 0.03564453125 0.039713541666666664
0 0.24609375 0.826171875 0.02490234375 0.031901041666666664
0 0.28076171875 0.8606770833333334 0.02734375 0.037109375
0 0.34130859375 0.8834635416666666 0.02783203125 0.037760416666666664
0 0.24560546875 0.859375 0.01904296875 0.024088541666666668
0 0.23291015625 0.921875 0.02392578125 0.03125
0 0.27880859375 0.7858072916666666 0.02490234375 0.032552083333333336
0 0.1357421875 0.6888020833333334 0.0244140625 0.032552083333333336
0 0.166015625 0.7467447916666666 0.02197265625 0.027994791666666668
0 0.111328125 0.6640625 0.02294921875 0.02734375
0 0.10888671875 0.6940104166666666 0.0283203125 0.031901041666666664
0 0.22607421875 0.2897135416666667 0.0224609375 0.026041666666666668
0 0.880859375 0.4609375 0.0205078125 0.022786458333333332
0 0.8935546875 0.537109375 0.0205078125 0.027994791666666668
0 0.8525390625 0.6432291666666666 0.02099609375 0.026041666666666668