0 0.7994791666666666 0.302734375 0.020833333333333332 0.01513671875
0 0.7779947916666666 0.29833984375 0.022135416666666668 0.0166015625
0 0.7630208333333334 0.3076171875 0.020833333333333332 0.0185546875
0 0.8470052083333334 0.2138671875 0.022135416666666668 0.0185546875
0 0.8092447916666666 0.23095703125 0.0390625 0.02294921875
0 0.751953125 0.24072265625 0.022786458333333332 0.01953125
0 0.8111979166666666 0.1796875 0.029947916666666668 0.021484375
0 0.6920572916666666 0.19384765625 0.024739583333333332 0.02197265625
0 0.7265625 0.25390625 0.024739583333333332 0.02294921875
0 0.6731770833333334 0.17236328125 0.026041666666666668 0.01953125
0 0.6243489583333334 0.13330078125 0.033854166666666664 0.029296875
0 0.7044270833333334 0.25048828125 0.01953125 0.0185546875
0 0.6861979166666666 0.26806640625 0.020182291666666668 0.01611328125
0 0.5963541666666666 0.3154296875 0.032552083333333336 0.02294921875
0 0.5520833333333334 0.32568359375 0.01953125 0.01708984375
0 0.5755208333333334 0.353515625 0.033203125 0.0205078125
0 0.5123697916666666 0.37744140625 0.042317708333333336 0.029296875
0 0.6002604166666666 0.37744140625 0.032552083333333336 0.01708984375
0 0.501953125 0.37255859375 0.026041666666666668 0.0263671875
0 0.5221354166666666 0.38037109375 0.022135416666666668 0.0205078125
0 0.6380208333333334 0.41357421875 0.029947916666666668 0.01806640625
0 0.6119791666666666 0.48583984375 0.033203125 0.02099609375
0 0.7532552083333334 0.5263671875 0.040364583333333336 0.02685546875
0 0.5930989583333334 0.5048828125 0.0234375 0.01953125
0 0.5618489583333334 0.52490234375 0.026692708333333332 0.02294921875
0 0.7890625 0.4130859375 0.037760416666666664 0.0263671875
0 0.7526041666666666 0.42578125 0.032552083333333336 0.0244140625
0 0.8177083333333334 0.44140625 0.0390625 0.03076171875
0 0.8248697916666666 0.3798828125 0.042317708333333336 0.02783203125
0 0.833984375 0.3486328125 0.024739583333333332 0.017578125
0 0.8684895833333334 0.3798828125 0.029947916666666668 0.02490234375
0 0.849609375 0.23681640625 0.029296875 0.02392578125
0 0.8658854166666666 0.26318359375 0.029947916666666668 0.01953125
0 0.4153645833333333 0.35302734375 0.038411458333333336 0.02587890625
0 0.3873697916666667 0.37890625 0.039713541666666664 0.0234375
0 0.4739583333333333 0.3154296875 0.034505208333333336 0.02294921875
0 0.4309895833333333 0.25830078125 0.036458333333333336 0.02587890625
0 0.3977864583333333 0.23681640625 0.037109375 0.029296875
0 0.2981770833333333 0.23193359375 0.033854166666666664 0.0244140625
0 0.390625 0.1875 0.032552083333333336 0.02197265625
0 0.4837239583333333 0.16162109375 0.044921875 0.03125
0 0.525390625 0.1513671875 0.03515625 0.0244140625
0 0.5657552083333334 0.1650390625 0.036458333333333336 0.0244140625
0 0.4973958333333333 0.10693359375 0.024739583333333332 0.021484375
0 0.4498697916666667 0.55078125 0.026041666666666668 0.01904296875
0 0.4322916666666667 0.59033203125 0.029296875 0.02587890625
0 0.5553385416666666 0.60400390625 0.03515625 0.0205078125
0 0.58984375 0.64501953125 0.039713541666666664 0.02685546875
0 0.2799479166666667 0.54541015625 0.034505208333333336 0.025390625
0 0.3209635416666667 0.49560546875 0.037109375 0.03173828125
0 0.24479166666666666 0.54638671875 0.03125 0.02490234375
0 0.5462239583333334 0.22119140625 0.032552083333333336 0.0234375
0 0.87890625 0.43994140625 0.029947916666666668 0.0224609375
0 0.8782552083333334 0.59375 0.03125 0.021484375
0 0.8860677083333334 0.63037109375 0.02734375 0.0234375
0 0.6888020833333334 0.7109375 0.03515625 0.021484375
0 0.6666666666666666 0.7275390625 0.030598958333333332 0.025390625
0 0.419921875 0.73828125 0.032552083333333336 0.0224609375
0 0.267578125 0.68701171875 0.041015625 0.02490234375
0 0.212890625 0.54931640625 0.035807291666666664 0.02685546875
0 0.291015625 0.30029296875 0.029947916666666668 0.0205078125