0 0.56494140625 0.5481770833333334 0.01318359375 0.014322916666666666
0 0.53857421875 0.544921875 0.009765625 0.012369791666666666
0 0.5029296875 0.556640625 0.009765625 0.013020833333333334
0 0.634765625 0.5130208333333334 0.01123046875 0.013020833333333334
0 0.2646484375 0.8046875 0.0087890625 0.009765625
0 0.24560546875 0.7858072916666666 0.0078125 0.011067708333333334
0 0.26806640625 0.7376302083333334 0.0087890625 0.013020833333333334
0 0.25244140625 0.705078125 0.013671875 0.016276041666666668
0 0.22265625 0.6966145833333334 0.0087890625 0.009765625
0 0.09716796875 0.796875 0.01220703125 0.014973958333333334
0 0.0771484375 0.7688802083333334 0.0078125 0.010416666666666666
0 0.08544921875 0.76953125 0.00927734375 0.011067708333333334
0 0.0771484375 0.8125 0.0087890625 0.013020833333333334
0 0.087890625 0.8125 0.00927734375 0.013020833333333334
0 0.20458984375 0.8470052083333334 0.01025390625 0.013020833333333334
0 0.18798828125 0.8704427083333334 0.00732421875 0.008463541666666666
0 0.1884765625 0.41015625 0.01318359375 0.013671875
0 0.1591796875 0.3854166666666667 0.01611328125 0.018880208333333332
0 0.14208984375 0.37890625 0.00830078125 0.011067708333333334
0 0.2265625 0.3541666666666667 0.01513671875 0.020182291666666668
0 0.2431640625 0.3489583333333333 0.01513671875 0.024088541666666668
0 0.2578125 0.3450520833333333 0.017578125 0.021484375
0 0.10888671875 0.3313802083333333 0.0126953125 0.018880208333333332
0 0.10986328125 0.2994791666666667 0.009765625 0.014322916666666666
0 0.1220703125 0.3157552083333333 0.01904296875 0.024739583333333332
0 0.0712890625 0.4270833333333333 0.01611328125 0.018880208333333332
0 0.0576171875 0.3756510416666667 0.01708984375 0.018880208333333332
0 0.07958984375 0.3619791666666667 0.0146484375 0.017578125
0 0.09130859375 0.3235677083333333 0.017578125 0.016927083333333332
0 0.09765625 0.3072916666666667 0.01123046875 0.016276041666666668
0 0.18408203125 0.259765625 0.01611328125 0.020833333333333332
0 0.1279296875 0.37890625 0.01025390625 0.013671875
0 0.15625 0.4140625 0.0126953125 0.016276041666666668
0 0.181640625 0.4752604166666667 0.00927734375 0.010416666666666666
0 0.109375 0.4446614583333333 0.013671875 0.018880208333333332
0 0.15771484375 0.5423177083333334 0.01318359375 0.016276041666666668
0 0.14794921875 0.5794270833333334 0.0078125 0.013020833333333334
0 0.16357421875 0.611328125 0.01123046875 0.014973958333333334
0 0.1904296875 0.6067708333333334 0.01025390625 0.012369791666666666
0 0.1923828125 0.619140625 0.00927734375 0.01171875
0 0.09619140625 0.5638020833333334 0.0078125 0.013671875
0 0.197265625 0.68359375 0.01123046875 0.016276041666666668
0 0.17919921875 0.6360677083333334 0.01123046875 0.016276041666666668
0 0.14111328125 0.5651041666666666 0.015625 0.016927083333333332
0 0.22021484375 0.5045572916666666 0.015625 0.024739583333333332
0 0.1396484375 0.4791666666666667 0.01806640625 0.0234375
0 0.14013671875 0.4576822916666667 0.0126953125 0.013020833333333334
0 0.1103515625 0.435546875 0.01123046875 0.014322916666666666
0 0.107421875 0.4505208333333333 0.013671875 0.013671875
0 0.13525390625 0.4244791666666667 0.01123046875 0.013020833333333334
0 0.09814453125 0.3541666666666667 0.00830078125 0.011067708333333334
0 0.1484375 0.20442708333333334 0.01318359375 0.016276041666666668
0 0.212890625 0.154296875 0.0107421875 0.014973958333333334
0 0.1103515625 0.19140625 0.013671875 0.014973958333333334
0 0.08935546875 0.22526041666666666 0.0146484375 0.018880208333333332
0 0.07666015625 0.232421875 0.01220703125 0.014973958333333334
0 0.18408203125 0.13606770833333334 0.013671875 0.014973958333333334
0 0.37158203125 0.15885416666666666 0.01318359375 0.014973958333333334
0 0.34814453125 0.146484375 0.01123046875 0.014973958333333334
0 0.34033203125 0.12369791666666667 0.01123046875 0.014973958333333334
0 0.32861328125 0.2766927083333333 0.01904296875 0.027994791666666668
0 0.333984375 0.3450520833333333 0.01513671875 0.020182291666666668
0 0.34912109375 0.3444010416666667 0.02001953125 0.022786458333333332
0 0.359375 0.3170572916666667 0.01123046875 0.012369791666666666
0 0.3173828125 0.3053385416666667 0.01806640625 0.017578125
0 0.3681640625 0.458984375 0.01220703125 0.014973958333333334
0 0.23486328125 0.51171875 0.0146484375 0.017578125
0 0.2490234375 0.4973958333333333 0.02099609375 0.021484375
0 0.27392578125 0.5384114583333334 0.01513671875 0.018229166666666668
0 0.23291015625 0.537109375 0.0185546875 0.022786458333333332
0 0.4833984375 0.494140625 0.00927734375 0.013020833333333334
0 0.466796875 0.5065104166666666 0.00927734375 0.013020833333333334
0 0.412109375 0.4029947916666667 0.02294921875 0.029296875
0 0.38525390625 0.4095052083333333 0.017578125 0.021484375
0 0.3642578125 0.390625 0.01611328125 0.020833333333333332
0 0.8525390625 0.7786458333333334 0.01611328125 0.016276041666666668
0 0.82666015625 0.77734375 0.01123046875 0.013020833333333334
0 0.8369140625 0.7962239583333334 0.0166015625 0.0234375
0 0.84228515625 0.74609375 0.01611328125 0.018229166666666668
0 0.7802734375 0.8092447916666666 0.013671875 0.017578125
0 0.8427734375 0.861328125 0.0146484375 0.020833333333333332
0 0.833984375 0.8229166666666666 0.0205078125 0.024739583333333332
0 0.7421875 0.8528645833333334 0.013671875 0.015625
0 0.76123046875 0.7819010416666666 0.01318359375 0.018880208333333332
0 0.73583984375 0.634765625 0.01123046875 0.014973958333333334
0 0.7158203125 0.6471354166666666 0.01318359375 0.017578125
0 0.7548828125 0.6451822916666666 0.01611328125 0.020182291666666668
0 0.75390625 0.6673177083333334 0.01513671875 0.014973958333333334
0 0.76806640625 0.64453125 0.013671875 0.016927083333333332
0 0.29931640625 0.40234375 0.01806640625 0.022135416666666668
0 0.369140625 0.33203125 0.017578125 0.022135416666666668
0 0.5537109375 0.3372395833333333 0.02392578125 0.029947916666666668
0 0.63037109375 0.3990885416666667 0.01953125 0.026692708333333332
0 0.64892578125 0.3951822916666667 0.021484375 0.031901041666666664