0 0.8798828125 0.7747395833333334 0.01318359375 0.014973958333333334
0 0.865234375 0.7766927083333334 0.009765625 0.012369791666666666
0 0.83837890625 0.732421875 0.0087890625 0.012369791666666666
0 0.8701171875 0.8196614583333334 0.01220703125 0.013020833333333334
0 0.8427734375 0.7942708333333334 0.0146484375 0.018880208333333332
0 0.830078125 0.794921875 0.01318359375 0.014322916666666666
0 0.837890625 0.80859375 0.00634765625 0.008463541666666666
0 0.83984375 0.8313802083333334 0.01611328125 0.017578125
0 0.82421875 0.841796875 0.009765625 0.01171875
0 0.8349609375 0.8639322916666666 0.009765625 0.011067708333333334
0 0.7939453125 0.822265625 0.00830078125 0.011067708333333334
0 0.80517578125 0.8587239583333334 0.00927734375 0.009765625
0 0.8173828125 0.8626302083333334 0.01220703125 0.01171875
0 0.7880859375 0.8587239583333334 0.0107421875 0.013020833333333334
0 0.779296875 0.8821614583333334 0.01025390625 0.013671875
0 0.79541015625 0.53125 0.0107421875 0.012369791666666666
0 0.8173828125 0.5481770833333334 0.0166015625 0.017578125
0 0.82275390625 0.5345052083333334 0.01318359375 0.016276041666666668
0 0.8486328125 0.5234375 0.0185546875 0.022786458333333332
0 0.85498046875 0.4973958333333333 0.01904296875 0.024739583333333332
0 0.45263671875 0.546875 0.0107421875 0.0078125
0 0.44921875 0.4186197916666667 0.01416015625 0.016927083333333332
0 0.44091796875 0.3450520833333333 0.0107421875 0.014322916666666666
0 0.4130859375 0.3541666666666667 0.00634765625 0.009765625
0 0.4287109375 0.3697916666666667 0.00537109375 0.007161458333333333
0 0.490234375 0.37890625 0.015625 0.016276041666666668
0 0.4443359375 0.384765625 0.01025390625 0.012369791666666666
0 0.4072265625 0.3854166666666667 0.00927734375 0.013020833333333334
0 0.6484375 0.4251302083333333 0.0166015625 0.016276041666666668
0 0.71728515625 0.3815104166666667 0.017578125 0.0234375
0 0.76171875 0.390625 0.013671875 0.016927083333333332
0 0.76123046875 0.3776041666666667 0.013671875 0.016276041666666668
0 0.7587890625 0.419921875 0.013671875 0.017578125
0 0.708984375 0.2701822916666667 0.01025390625 0.010416666666666666
0 0.7373046875 0.294921875 0.013671875 0.020833333333333332
0 0.7255859375 0.326171875 0.013671875 0.020182291666666668
0 0.77783203125 0.24544270833333334 0.00537109375 0.0078125
0 0.77880859375 0.2532552083333333 0.00732421875 0.009114583333333334
0 0.74853515625 0.220703125 0.01318359375 0.017578125
0 0.72802734375 0.20833333333333334 0.0146484375 0.016927083333333332
0 0.68603515625 0.205078125 0.01416015625 0.018229166666666668
0 0.73193359375 0.23958333333333334 0.0078125 0.007161458333333333
0 0.80126953125 0.18294270833333334 0.0068359375 0.009765625
0 0.8076171875 0.17903645833333334 0.00732421875 0.009114583333333334
0 0.8251953125 0.181640625 0.009765625 0.012369791666666666
0 0.81982421875 0.154296875 0.00390625 0.00390625
0 0.85205078125 0.17057291666666666 0.013671875 0.015625
0 0.845703125 0.216796875 0.015625 0.020833333333333332
0 0.83544921875 0.17057291666666666 0.01123046875 0.014322916666666666
0 0.83447265625 0.18294270833333334 0.01220703125 0.015625
0 0.84375 0.24479166666666666 0.00634765625 0.009114583333333334
0 0.734375 0.17252604166666666 0.01318359375 0.020833333333333332
0 0.87158203125 0.19075520833333334 0.01123046875 0.016927083333333332
0 0.85986328125 0.19010416666666666 0.01513671875 0.016276041666666668
0 0.90478515625 0.22005208333333334 0.0087890625 0.012369791666666666
0 0.9033203125 0.2565104166666667 0.01806640625 0.0234375
0 0.86865234375 0.25390625 0.01611328125 0.020182291666666668
0 0.90771484375 0.3111979166666667 0.0205078125 0.026692708333333332
0 0.82958984375 0.3313802083333333 0.00927734375 0.012369791666666666
0 0.8193359375 0.3268229166666667 0.01171875 0.013671875
0 0.77392578125 0.4674479166666667 0.0146484375 0.01953125
0 0.89111328125 0.4811197916666667 0.0087890625 0.01171875
0 0.90380859375 0.4303385416666667 0.01513671875 0.020833333333333332
0 0.900390625 0.4557291666666667 0.01611328125 0.020833333333333332
0 0.88916015625 0.4563802083333333 0.0185546875 0.022135416666666668
0 0.888671875 0.4303385416666667 0.02001953125 0.022135416666666668
0 0.88427734375 0.5065104166666666 0.017578125 0.022135416666666668
0 0.82861328125 0.4967447916666667 0.0146484375 0.020833333333333332
0 0.8994140625 0.5091145833333334 0.0126953125 0.013671875
0 0.89208984375 0.5247395833333334 0.00732421875 0.0078125
0 0.88818359375 0.5384114583333334 0.0068359375 0.011067708333333334
0 0.8173828125 0.685546875 0.01318359375 0.020833333333333332
0 0.83935546875 0.6256510416666666 0.01611328125 0.017578125
0 0.8955078125 0.6282552083333334 0.015625 0.017578125
0 0.88720703125 0.666015625 0.013671875 0.016927083333333332
0 0.8486328125 0.6666666666666666 0.0185546875 0.022135416666666668
0 0.8603515625 0.83203125 0.0078125 0.011067708333333334
0 0.8681640625 0.8697916666666666 0.0087890625 0.011067708333333334
0 0.8720703125 0.8932291666666666 0.0087890625 0.009765625
0 0.673828125 0.798828125 0.00927734375 0.012369791666666666
0 0.80517578125 0.234375 0.00732421875 0.009114583333333334
0 0.7568359375 0.6263020833333334 0.009765625 0.012369791666666666
0 0.7822265625 0.5572916666666666 0.0087890625 0.013671875
0 0.7626953125 0.5852864583333334 0.0078125 0.013020833333333334
0 0.75439453125 0.7018229166666666 0.0087890625 0.014322916666666666
0 0.8349609375 0.5859375 0.01025390625 0.016276041666666668
0 0.82275390625 0.5755208333333334 0.0166015625 0.018229166666666668
0 0.86669921875 0.5572916666666666 0.0185546875 0.021484375
0 0.87890625 0.6119791666666666 0.01220703125 0.013671875
0 0.8818359375 0.5755208333333334 0.01318359375 0.016276041666666668
0 0.8203125 0.51953125 0.01708984375 0.020182291666666668
0 0.84619140625 0.4720052083333333 0.0166015625 0.020182291666666668
0 0.8173828125 0.4635416666666667 0.0224609375 0.021484375
0 0.7978515625 0.4069010416666667 0.0087890625 0.009765625
0 0.8134765625 0.3606770833333333 0.0146484375 0.021484375
0 0.7890625 0.3483072916666667 0.00732421875 0.012369791666666666
0 0.4619140625 0.7923177083333334 0.01025390625 0.014322916666666666
0 0.54833984375 0.8697916666666666 0.01318359375 0.022135416666666668
0 0.46484375 0.8912760416666666 0.01123046875 0.017578125
0 0.47802734375 0.6653645833333334 0.0107421875 0.013020833333333334
0 0.38525390625 0.7962239583333334 0.01220703125 0.014322916666666666
0 0.44677734375 0.349609375 0.02197265625 0.022135416666666668
0 0.39697265625 0.3098958333333333 0.01318359375 0.01953125
0 0.40234375 0.2760416666666667 0.013671875 0.018229166666666668
0 0.57666015625 0.5325520833333334 0.013671875 0.01953125
0 0.5244140625 0.5188802083333334 0.0146484375 0.020182291666666668
0 0.564453125 0.521484375 0.01513671875 0.017578125
0 0.52001953125 0.5377604166666666 0.01513671875 0.022135416666666668
0 0.537109375 0.5227864583333334 0.01611328125 0.020833333333333332
0 0.5986328125 0.4947916666666667 0.0166015625 0.022786458333333332
0 0.67138671875 0.4850260416666667 0.0146484375 0.020182291666666668
0 0.6640625 0.5299479166666666 0.017578125 0.024739583333333332
0 0.84130859375 0.5416666666666666 0.0185546875 0.024739583333333332
0 0.880859375 0.59375 0.0185546875 0.022786458333333332
0 0.86767578125 0.494140625 0.0185546875 0.022786458333333332
0 0.9072265625 0.478515625 0.0185546875 0.020833333333333332
0 0.5380859375 0.4596354166666667 0.02197265625 0.022786458333333332
0 0.5478515625 0.408203125 0.017578125 0.022135416666666668
0 0.54931640625 0.4342447916666667 0.0205078125 0.027994791666666668
0 0.31201171875 0.7649739583333334 0.0126953125 0.016276041666666668
0 0.36865234375 0.720703125 0.01171875 0.013020833333333334
0 0.35888671875 0.7298177083333334 0.01171875 0.016276041666666668
0 0.37646484375 0.7864583333333334 0.0107421875 0.015625
0 0.32666015625 0.8489583333333334 0.0126953125 0.014322916666666666
0 0.37548828125 0.8385416666666666 0.0107421875 0.015625
0 0.373046875 0.865234375 0.01123046875 0.013020833333333334
0 0.20458984375 0.8111979166666666 0.009765625 0.016276041666666668
0 0.21435546875 0.76953125 0.01171875 0.015625
0 0.20166015625 0.7740885416666666 0.01025390625 0.014973958333333334
0 0.2451171875 0.7682291666666666 0.00927734375 0.014322916666666666
0 0.2822265625 0.7936197916666666 0.0166015625 0.017578125
0 0.2763671875 0.6276041666666666 0.01220703125 0.014973958333333334
0 0.3037109375 0.3216145833333333 0.01220703125 0.018229166666666668
0 0.10546875 0.40234375 0.01171875 0.013671875
0 0.14013671875 0.4348958333333333 0.0126953125 0.016927083333333332
0 0.14501953125 0.6888020833333334 0.01416015625 0.018229166666666668
0 0.1728515625 0.6627604166666666 0.01220703125 0.016276041666666668
0 0.17919921875 0.7076822916666666 0.01513671875 0.01953125
0 0.134765625 0.7890625 0.01171875 0.016276041666666668