0 0.54296875 0.8111979166666666 0.01513671875 0.014322916666666666
0 0.57080078125 0.8092447916666666 0.01025390625 0.009765625
0 0.5234375 0.7877604166666666 0.01318359375 0.012369791666666666
0 0.5029296875 0.7786458333333334 0.01171875 0.01171875
0 0.46923828125 0.783203125 0.0107421875 0.011067708333333334
0 0.5419921875 0.75 0.01220703125 0.01171875
0 0.48388671875 0.8802083333333334 0.01123046875 0.010416666666666666
0 0.47607421875 0.7265625 0.01416015625 0.013020833333333334
0 0.77001953125 0.6536458333333334 0.0146484375 0.013671875
0 0.78271484375 0.6399739583333334 0.02392578125 0.0234375
0 0.72021484375 0.6263020833333334 0.03173828125 0.029947916666666668
0 0.74072265625 0.646484375 0.01806640625 0.016927083333333332
0 0.75830078125 0.6341145833333334 0.02099609375 0.020182291666666668
0 0.8291015625 0.6555989583333334 0.01171875 0.01171875
0 0.81640625 0.6471354166666666 0.01025390625 0.009765625
0 0.8173828125 0.6380208333333334 0.00732421875 0.007161458333333333
0 0.83984375 0.6471354166666666 0.01025390625 0.009765625
0 0.8310546875 0.6373697916666666 0.01025390625 0.009765625
0 0.82763671875 0.6295572916666666 0.0087890625 0.008463541666666666
0 0.79345703125 0.6282552083333334 0.01416015625 0.013671875
0 0.78515625 0.595703125 0.0126953125 0.012369791666666666
0 0.78076171875 0.5859375 0.01611328125 0.014973958333333334
0 0.880859375 0.5983072916666666 0.01220703125 0.01171875
0 0.873046875 0.58984375 0.01123046875 0.011067708333333334
0 0.87060546875 0.5833333333333334 0.01123046875 0.011067708333333334
0 0.865234375 0.5657552083333334 0.009765625 0.009765625
0 0.89599609375 0.6048177083333334 0.0087890625 0.008463541666666666
0 0.83984375 0.5494791666666666 0.009765625 0.009765625
0 0.828125 0.560546875 0.009765625 0.009114583333333334
0 0.82666015625 0.5703125 0.01171875 0.011067708333333334
0 0.869140625 0.6393229166666666 0.0107421875 0.010416666666666666
0 0.873046875 0.6328125 0.009765625 0.009765625
0 0.8798828125 0.630859375 0.00732421875 0.007161458333333333
0 0.8876953125 0.615234375 0.00732421875 0.007161458333333333
0 0.8173828125 0.6712239583333334 0.00830078125 0.0078125
0 0.791015625 0.68359375 0.00732421875 0.007161458333333333
0 0.79052734375 0.6725260416666666 0.01123046875 0.010416666666666666
0 0.759765625 0.6595052083333334 0.01806640625 0.017578125
0 0.68115234375 0.732421875 0.009765625 0.009114583333333334
0 0.69873046875 0.7669270833333334 0.0107421875 0.009765625
0 0.70068359375 0.759765625 0.0087890625 0.0078125
0 0.669921875 0.7291666666666666 0.00830078125 0.007161458333333333
0 0.65673828125 0.7018229166666666 0.0087890625 0.0078125
0 0.66943359375 0.7005208333333334 0.01025390625 0.009765625
0 0.6845703125 0.720703125 0.00927734375 0.009114583333333334
0 0.6484375 0.7903645833333334 0.01123046875 0.011067708333333334
0 0.63818359375 0.7779947916666666 0.01025390625 0.009765625
0 0.63427734375 0.78515625 0.00830078125 0.0078125
0 0.6181640625 0.75390625 0.00732421875 0.007161458333333333
0 0.61962890625 0.765625 0.01416015625 0.013671875
0 0.61328125 0.77734375 0.009765625 0.009114583333333334
0 0.65478515625 0.7838541666666666 0.00927734375 0.008463541666666666
0 0.5576171875 0.8522135416666666 0.0078125 0.007161458333333333
0 0.55029296875 0.8502604166666666 0.00830078125 0.007161458333333333
0 0.51416015625 0.8098958333333334 0.0146484375 0.013671875
0 0.5361328125 0.8203125 0.01123046875 0.010416666666666666
0 0.56103515625 0.7942708333333334 0.00927734375 0.009114583333333334
0 0.58984375 0.8138020833333334 0.009765625 0.009765625
0 0.58349609375 0.8131510416666666 0.01025390625 0.009765625
0 0.47607421875 0.8854166666666666 0.0126953125 0.012369791666666666
0 0.48779296875 0.8294270833333334 0.0107421875 0.009765625
0 0.48828125 0.796875 0.0087890625 0.0078125
0 0.50146484375 0.8352864583333334 0.00927734375 0.008463541666666666
0 0.5146484375 0.84375 0.0107421875 0.010416666666666666
0 0.529296875 0.8359375 0.0126953125 0.01171875
0 0.44775390625 0.7897135416666666 0.0107421875 0.010416666666666666
0 0.439453125 0.7727864583333334 0.01025390625 0.009765625
0 0.42333984375 0.7747395833333334 0.00927734375 0.008463541666666666
0 0.4140625 0.7825520833333334 0.01123046875 0.010416666666666666
0 0.4716796875 0.8359375 0.0078125 0.007161458333333333
0 0.47412109375 0.7734375 0.0107421875 0.009765625
0 0.5146484375 0.759765625 0.01318359375 0.012369791666666666
0 0.51904296875 0.720703125 0.00927734375 0.009114583333333334
0 0.5234375 0.7395833333333334 0.00927734375 0.008463541666666666
0 0.5625 0.7486979166666666 0.01513671875 0.013671875
0 0.54443359375 0.7220052083333334 0.0107421875 0.009765625
0 0.55322265625 0.7141927083333334 0.01025390625 0.009765625
0 0.5625 0.7233072916666666 0.01123046875 0.011067708333333334
0 0.6416015625 0.6705729166666666 0.0107421875 0.009765625
0 0.634765625 0.67578125 0.01123046875 0.010416666666666666
0 0.65576171875 0.6705729166666666 0.01318359375 0.012369791666666666
0 0.6630859375 0.640625 0.01806640625 0.017578125
0 0.6552734375 0.626953125 0.02490234375 0.0234375
0 0.68408203125 0.6236979166666666 0.0205078125 0.020182291666666668
0 0.7109375 0.697265625 0.01123046875 0.011067708333333334
0 0.7001953125 0.7057291666666666 0.02001953125 0.018880208333333332
0 0.72119140625 0.6158854166666666 0.017578125 0.017578125
0 0.76318359375 0.623046875 0.017578125 0.017578125
0 0.68896484375 0.6087239583333334 0.01904296875 0.018229166666666668
0 0.822265625 0.5110677083333334 0.00927734375 0.008463541666666666
0 0.82470703125 0.5240885416666666 0.01220703125 0.01171875
0 0.7333984375 0.494140625 0.02099609375 0.020182291666666668
0 0.68408203125 0.5162760416666666 0.017578125 0.016927083333333332
0 0.67529296875 0.5208333333333334 0.0107421875 0.010416666666666666
0 0.6708984375 0.53515625 0.0283203125 0.02734375
0 0.70947265625 0.5494791666666666 0.0146484375 0.014322916666666666
0 0.7177734375 0.5455729166666666 0.0078125 0.007161458333333333
0 0.724609375 0.5455729166666666 0.01123046875 0.011067708333333334
0 0.625 0.6022135416666666 0.009765625 0.009114583333333334
0 0.64306640625 0.6171875 0.0205078125 0.020182291666666668
0 0.66845703125 0.6217447916666666 0.01025390625 0.009765625
0 0.6015625 0.6080729166666666 0.02001953125 0.018880208333333332
0 0.6220703125 0.6282552083333334 0.0107421875 0.009765625
0 0.5546875 0.6497395833333334 0.01708984375 0.016927083333333332
0 0.54345703125 0.6412760416666666 0.01953125 0.01953125
0 0.5185546875 0.634765625 0.0205078125 0.01953125
0 0.42578125 0.7122395833333334 0.00927734375 0.008463541666666666
0 0.41796875 0.732421875 0.01220703125 0.011067708333333334
0 0.337890625 0.6998697916666666 0.01220703125 0.01171875
0 0.328125 0.6979166666666666 0.0107421875 0.009765625
0 0.36181640625 0.6809895833333334 0.01171875 0.011067708333333334
0 0.34130859375 0.6751302083333334 0.00927734375 0.008463541666666666
0 0.361328125 0.66015625 0.0146484375 0.013671875
0 0.3515625 0.669921875 0.009765625 0.009114583333333334
0 0.39013671875 0.6614583333333334 0.01025390625 0.009765625
0 0.3818359375 0.6412760416666666 0.013671875 0.013020833333333334
0 0.43798828125 0.6725260416666666 0.00732421875 0.007161458333333333
0 0.41357421875 0.6731770833333334 0.01171875 0.011067708333333334
0 0.4140625 0.630859375 0.0107421875 0.009765625
0 0.4150390625 0.583984375 0.0107421875 0.009765625
0 0.41357421875 0.5716145833333334 0.01025390625 0.009765625
0 0.458984375 0.595703125 0.009765625 0.009765625
0 0.43994140625 0.5579427083333334 0.00927734375 0.008463541666666666
0 0.35546875 0.6184895833333334 0.01220703125 0.01171875
0 0.3720703125 0.6139322916666666 0.01025390625 0.009765625
0 0.4560546875 0.64453125 0.01220703125 0.01171875
0 0.5048828125 0.6451822916666666 0.02099609375 0.020833333333333332
0 0.46826171875 0.5520833333333334 0.0078125 0.0078125
0 0.53125 0.5950520833333334 0.01904296875 0.018229166666666668
0 0.5400390625 0.580078125 0.0205078125 0.020182291666666668
0 0.55078125 0.5481770833333334 0.017578125 0.016927083333333332
0 0.55908203125 0.5345052083333334 0.0205078125 0.020182291666666668
0 0.5546875 0.515625 0.021484375 0.020833333333333332
0 0.583984375 0.5305989583333334 0.021484375 0.021484375
0 0.625 0.5065104166666666 0.021484375 0.020182291666666668
0 0.64453125 0.4908854166666667 0.02197265625 0.020833333333333332
0 0.6220703125 0.4915364583333333 0.02099609375 0.020182291666666668
0 0.7177734375 0.5052083333333334 0.0205078125 0.020182291666666668
0 0.7412109375 0.4791666666666667 0.01806640625 0.017578125
0 0.77392578125 0.4752604166666667 0.01318359375 0.012369791666666666
0 0.6337890625 0.4153645833333333 0.013671875 0.013020833333333334
0 0.62890625 0.4283854166666667 0.01220703125 0.01171875
0 0.5283203125 0.4524739583333333 0.01123046875 0.010416666666666666
0 0.51513671875 0.484375 0.01513671875 0.014973958333333334
0 0.52880859375 0.4739583333333333 0.0107421875 0.009765625
0 0.49609375 0.4772135416666667 0.01025390625 0.009765625
0 0.4619140625 0.470703125 0.0126953125 0.012369791666666666
0 0.40625 0.5110677083333334 0.01220703125 0.011067708333333334
0 0.40478515625 0.50390625 0.0087890625 0.008463541666666666
0 0.4326171875 0.5169270833333334 0.01220703125 0.01171875
0 0.4208984375 0.5364583333333334 0.01220703125 0.012369791666666666
0 0.46533203125 0.560546875 0.01025390625 0.009765625
0 0.3935546875 0.5494791666666666 0.0107421875 0.009765625
0 0.38720703125 0.53125 0.01123046875 0.011067708333333334
0 0.37255859375 0.5345052083333334 0.00830078125 0.0078125
0 0.32666015625 0.6432291666666666 0.0146484375 0.014322916666666666
0 0.3232421875 0.6627604166666666 0.00732421875 0.007161458333333333
0 0.28125 0.6080729166666666 0.01025390625 0.009765625
0 0.27001953125 0.634765625 0.0107421875 0.010416666666666666
0 0.25830078125 0.6165364583333334 0.0126953125 0.012369791666666666
0 0.2431640625 0.6041666666666666 0.01318359375 0.012369791666666666
0 0.26123046875 0.5859375 0.01513671875 0.014322916666666666
0 0.26220703125 0.607421875 0.009765625 0.009114583333333334
0 0.27978515625 0.556640625 0.0087890625 0.008463541666666666
0 0.283203125 0.57421875 0.00927734375 0.008463541666666666
0 0.21826171875 0.5930989583333334 0.015625 0.014973958333333334
0 0.2431640625 0.5716145833333334 0.01171875 0.011067708333333334
0 0.21240234375 0.5423177083333334 0.01123046875 0.010416666666666666
0 0.20166015625 0.556640625 0.0224609375 0.021484375
0 0.18896484375 0.5436197916666666 0.01171875 0.011067708333333334
0 0.328125 0.5826822916666666 0.01171875 0.011067708333333334
0 0.28759765625 0.494140625 0.013671875 0.013020833333333334
0 0.298828125 0.482421875 0.01171875 0.01171875
0 0.298828125 0.4973958333333333 0.01220703125 0.01171875
0 0.35009765625 0.5221354166666666 0.0107421875 0.009765625
0 0.3212890625 0.5071614583333334 0.01171875 0.011067708333333334
0 0.33642578125 0.5325520833333334 0.01220703125 0.01171875
0 0.373046875 0.4986979166666667 0.01416015625 0.014322916666666666
0 0.49365234375 0.40234375 0.0107421875 0.010416666666666666
0 0.4609375 0.357421875 0.013671875 0.013671875
0 0.66748046875 0.3170572916666667 0.01171875 0.010416666666666666
0 0.658203125 0.3053385416666667 0.01171875 0.011067708333333334
0 0.57177734375 0.19140625 0.0185546875 0.017578125
0 0.58154296875 0.20572916666666666 0.0126953125 0.012369791666666666
0 0.5703125 0.21158854166666666 0.017578125 0.017578125
0 0.5556640625 0.20768229166666666 0.00927734375 0.009114583333333334
0 0.564453125 0.23307291666666666 0.01123046875 0.011067708333333334
0 0.5234375 0.24153645833333334 0.01318359375 0.012369791666666666
0 0.52001953125 0.259765625 0.01318359375 0.012369791666666666
0 0.51953125 0.2708333333333333 0.01123046875 0.010416666666666666
0 0.53369140625 0.2649739583333333 0.015625 0.014973958333333334
0 0.48046875 0.3020833333333333 0.01123046875 0.010416666666666666
0 0.48828125 0.3059895833333333 0.01171875 0.011067708333333334
0 0.42919921875 0.302734375 0.01318359375 0.013020833333333334
0 0.35107421875 0.4055989583333333 0.00927734375 0.008463541666666666
0 0.30029296875 0.4205729166666667 0.01220703125 0.01171875
0 0.26416015625 0.4674479166666667 0.01171875 0.01171875
0 0.2294921875 0.4322916666666667 0.00830078125 0.0078125
0 0.23388671875 0.4368489583333333 0.01123046875 0.010416666666666666
0 0.25048828125 0.3782552083333333 0.00927734375 0.009114583333333334
0 0.21875 0.4127604166666667 0.01025390625 0.009765625
0 0.20556640625 0.423828125 0.01513671875 0.014973958333333334
0 0.2158203125 0.4283854166666667 0.01123046875 0.010416666666666666
0 0.20849609375 0.40625 0.01123046875 0.009765625
0 0.197265625 0.3977864583333333 0.01708984375 0.016276041666666668
0 0.2353515625 0.40625 0.0126953125 0.01171875
0 0.22900390625 0.4108072916666667 0.009765625 0.009114583333333334
0 0.2294921875 0.384765625 0.00830078125 0.0078125
0 0.20556640625 0.4537760416666667 0.01171875 0.01171875
0 0.22265625 0.4596354166666667 0.01171875 0.011067708333333334
0 0.21240234375 0.48046875 0.0107421875 0.009765625
0 0.216796875 0.4850260416666667 0.009765625 0.009114583333333334
0 0.232421875 0.4921875 0.01171875 0.011067708333333334
0 0.17529296875 0.4680989583333333 0.013671875 0.012369791666666666
0 0.19287109375 0.4817708333333333 0.009765625 0.009114583333333334
0 0.20751953125 0.5104166666666666 0.00927734375 0.009114583333333334
0 0.18212890625 0.5013020833333334 0.01171875 0.011067708333333334
0 0.14892578125 0.4622395833333333 0.01123046875 0.011067708333333334
0 0.1513671875 0.4817708333333333 0.01318359375 0.013020833333333334
0 0.150390625 0.4947916666666667 0.01171875 0.011067708333333334
0 0.1376953125 0.4720052083333333 0.009765625 0.009114583333333334
0 0.166015625 0.5123697916666666 0.0087890625 0.008463541666666666
0 0.15625 0.5026041666666666 0.0146484375 0.014322916666666666
0 0.16845703125 0.51953125 0.01123046875 0.010416666666666666
0 0.19580078125 0.5130208333333334 0.0166015625 0.016276041666666668
0 0.19189453125 0.5 0.0087890625 0.008463541666666666
0 0.1396484375 0.4524739583333333 0.00732421875 0.007161458333333333
0 0.13671875 0.4583333333333333 0.01025390625 0.009765625
0 0.13232421875 0.439453125 0.009765625 0.009114583333333334
0 0.14404296875 0.4342447916666667 0.01318359375 0.013020833333333334
0 0.123046875 0.439453125 0.01171875 0.011067708333333334
0 0.119140625 0.416015625 0.02294921875 0.022135416666666668
0 0.125 0.4140625 0.0087890625 0.008463541666666666
0 0.115234375 0.4173177083333333 0.00732421875 0.006510416666666667
0 0.11083984375 0.4029947916666667 0.01025390625 0.009765625
0 0.12158203125 0.3893229166666667 0.01025390625 0.009765625
0 0.13037109375 0.380859375 0.01416015625 0.013671875
0 0.14013671875 0.38671875 0.013671875 0.013020833333333334
0 0.1591796875 0.3951822916666667 0.01611328125 0.015625
0 0.16650390625 0.3671875 0.0107421875 0.009765625
0 0.18017578125 0.3802083333333333 0.01708984375 0.017578125
0 0.1845703125 0.3678385416666667 0.01025390625 0.009765625
0 0.15478515625 0.3541666666666667 0.0146484375 0.013671875
0 0.14404296875 0.3697916666666667 0.01953125 0.018880208333333332
0 0.1328125 0.373046875 0.013671875 0.012369791666666666
0 0.20654296875 0.337890625 0.0166015625 0.015625
0 0.23876953125 0.28515625 0.009765625 0.009765625
0 0.27294921875 0.283203125 0.009765625 0.009114583333333334
0 0.2626953125 0.2740885416666667 0.0166015625 0.015625
0 0.25146484375 0.2740885416666667 0.01123046875 0.010416666666666666
0 0.474609375 0.09244791666666667 0.03955078125 0.037760416666666664
0 0.501953125 0.12890625 0.0107421875 0.010416666666666666
0 0.4794921875 0.08723958333333333 0.00732421875 0.007161458333333333
0 0.49560546875 0.095703125 0.01220703125 0.01171875
0 0.5009765625 0.08658854166666667 0.0146484375 0.014322916666666666
0 0.50244140625 0.11002604166666667 0.015625 0.014973958333333334
0 0.45458984375 0.10807291666666667 0.0185546875 0.017578125
0 0.4775390625 0.10026041666666667 0.01611328125 0.014973958333333334
0 0.46826171875 0.10286458333333333 0.00927734375 0.008463541666666666
0 0.4921875 0.12890625 0.01708984375 0.016927083333333332
0 0.4833984375 0.12890625 0.00927734375 0.008463541666666666
0 0.48388671875 0.13736979166666666 0.0146484375 0.013671875
0 0.44189453125 0.107421875 0.00830078125 0.0078125
0 0.44189453125 0.11848958333333333 0.01708984375 0.016276041666666668
0 0.458984375 0.12109375 0.0126953125 0.012369791666666666
0 0.44775390625 0.12825520833333334 0.01416015625 0.013671875
0 0.43359375 0.12825520833333334 0.02099609375 0.021484375
0 0.44091796875 0.1328125 0.009765625 0.009765625
0 0.4560546875 0.14453125 0.01513671875 0.014973958333333334
0 0.41650390625 0.138671875 0.01416015625 0.013020833333333334
0 0.42041015625 0.20833333333333334 0.01025390625 0.009765625
0 0.41455078125 0.197265625 0.01220703125 0.01171875
0 0.43896484375 0.19270833333333334 0.0087890625 0.008463541666666666
0 0.44189453125 0.16796875 0.0126953125 0.012369791666666666
0 0.43896484375 0.14973958333333334 0.00927734375 0.008463541666666666
0 0.40869140625 0.18684895833333334 0.017578125 0.016927083333333332
0 0.36865234375 0.16927083333333334 0.009765625 0.009765625
0 0.38037109375 0.21549479166666666 0.01025390625 0.009765625
0 0.3779296875 0.224609375 0.01123046875 0.011067708333333334
0 0.37158203125 0.181640625 0.0146484375 0.014322916666666666
0 0.4013671875 0.169921875 0.025390625 0.025390625
0 0.396484375 0.189453125 0.01123046875 0.011067708333333334
0 0.39111328125 0.19986979166666666 0.0107421875 0.009765625
0 0.34912109375 0.22591145833333334 0.00927734375 0.008463541666666666
0 0.3193359375 0.2545572916666667 0.00830078125 0.0078125
0 0.45166015625 0.6243489583333334 0.00927734375 0.009114583333333334
0 0.36083984375 0.59765625 0.01171875 0.011067708333333334