0 0.666015625 0.4973958333333333 0.0234375 0.022135416666666668
0 0.64990234375 0.4889322916666667 0.0185546875 0.018229166666666668
0 0.6748046875 0.4348958333333333 0.02294921875 0.022135416666666668
0 0.68310546875 0.4446614583333333 0.01953125 0.018880208333333332
0 0.1376953125 0.3932291666666667 0.01513671875 0.014973958333333334
0 0.181640625 0.3815104166666667 0.01318359375 0.012369791666666666
0 0.1708984375 0.4134114583333333 0.01123046875 0.010416666666666666
0 0.16259765625 0.36328125 0.01171875 0.011067708333333334
0 0.2041015625 0.4348958333333333 0.01220703125 0.01171875
0 0.36669921875 0.19921875 0.01123046875 0.010416666666666666
0 0.3662109375 0.21419270833333334 0.009765625 0.009765625
0 0.35302734375 0.212890625 0.0107421875 0.010416666666666666
0 0.361328125 0.22135416666666666 0.01123046875 0.010416666666666666
0 0.40673828125 0.2669270833333333 0.01318359375 0.012369791666666666
0 0.45361328125 0.232421875 0.0107421875 0.009765625
0 0.39306640625 0.17317708333333334 0.013671875 0.013020833333333334
0 0.42578125 0.14322916666666666 0.0166015625 0.016276041666666668
0 0.46142578125 0.15885416666666666 0.01171875 0.01171875
0 0.49658203125 0.19466145833333334 0.01318359375 0.013020833333333334
0 0.53369140625 0.17578125 0.0166015625 0.016927083333333332
0 0.482421875 0.15299479166666666 0.013671875 0.013671875
0 0.48193359375 0.13216145833333334 0.0087890625 0.008463541666666666
0 0.45556640625 0.12109375 0.02197265625 0.020833333333333332
0 0.62451171875 0.3580729166666667 0.0107421875 0.009765625
0 0.623046875 0.3229166666666667 0.01318359375 0.013020833333333334
0 0.63916015625 0.3235677083333333 0.01123046875 0.011067708333333334
0 0.63330078125 0.33203125 0.01171875 0.01171875
0 0.6044921875 0.3470052083333333 0.01318359375 0.012369791666666666
0 0.556640625 0.3125 0.01318359375 0.013020833333333334
0 0.6845703125 0.3723958333333333 0.01123046875 0.011067708333333334
0 0.6904296875 0.373046875 0.0224609375 0.022135416666666668
0 0.703125 0.3782552083333333 0.01123046875 0.010416666666666666
0 0.6962890625 0.3873697916666667 0.01318359375 0.012369791666666666
0 0.71484375 0.3951822916666667 0.029296875 0.028645833333333332
0 0.75048828125 0.43359375 0.01611328125 0.015625
0 0.73291015625 0.4114583333333333 0.02392578125 0.0234375
0 0.7373046875 0.4166666666666667 0.0087890625 0.0078125
0 0.71630859375 0.416015625 0.02587890625 0.025390625
0 0.869140625 0.578125 0.01513671875 0.014973958333333334
0 0.8837890625 0.587890625 0.01953125 0.018880208333333332
0 0.87255859375 0.587890625 0.00927734375 0.009114583333333334
0 0.876953125 0.6067708333333334 0.01806640625 0.017578125
0 0.86328125 0.603515625 0.01318359375 0.012369791666666666
0 0.85302734375 0.6341145833333334 0.0205078125 0.020182291666666668
0 0.8291015625 0.6048177083333334 0.02197265625 0.020833333333333332
0 0.8388671875 0.5638020833333334 0.0146484375 0.014322916666666666
0 0.83447265625 0.5520833333333334 0.015625 0.014973958333333334
0 0.76416015625 0.5970052083333334 0.01123046875 0.011067708333333334
0 0.7578125 0.6217447916666666 0.01025390625 0.009765625
0 0.7822265625 0.6920572916666666 0.01025390625 0.009765625
0 0.84521484375 0.6529947916666666 0.009765625 0.009765625
0 0.712890625 0.7473958333333334 0.017578125 0.016927083333333332
0 0.66796875 0.7024739583333334 0.01025390625 0.009765625
0 0.69091796875 0.66015625 0.013671875 0.013020833333333334
0 0.64404296875 0.6236979166666666 0.0224609375 0.022135416666666668
0 0.724609375 0.73046875 0.013671875 0.013671875
0 0.751953125 0.716796875 0.013671875 0.013671875
0 0.7255859375 0.6927083333333334 0.013671875 0.013671875
0 0.74072265625 0.720703125 0.01171875 0.01171875
0 0.49609375 0.78515625 0.0146484375 0.014973958333333334
0 0.51416015625 0.8040364583333334 0.01220703125 0.012369791666666666
0 0.51513671875 0.7838541666666666 0.01171875 0.01171875
0 0.5068359375 0.7747395833333334 0.013671875 0.013020833333333334
0 0.53515625 0.8444010416666666 0.01123046875 0.011067708333333334
0 0.51513671875 0.8385416666666666 0.0126953125 0.012369791666666666
0 0.50244140625 0.8287760416666666 0.01220703125 0.012369791666666666
0 0.4365234375 0.80859375 0.01171875 0.011067708333333334
0 0.2255859375 0.5553385416666666 0.01220703125 0.012369791666666666
0 0.19580078125 0.5546875 0.013671875 0.013020833333333334
0 0.212890625 0.5442708333333334 0.0146484375 0.014322916666666666
0 0.67333984375 0.5950520833333334 0.02392578125 0.0234375
0 0.6484375 0.6477864583333334 0.0205078125 0.020182291666666668
0 0.66943359375 0.6529947916666666 0.02099609375 0.020182291666666668
0 0.53515625 0.5110677083333334 0.013671875 0.013020833333333334
0 0.4736328125 0.6783854166666666 0.0126953125 0.012369791666666666
0 0.466796875 0.701171875 0.013671875 0.013020833333333334
0 0.47265625 0.7180989583333334 0.0166015625 0.015625
0 0.4462890625 0.7473958333333334 0.01416015625 0.013671875
0 0.39794921875 0.7584635416666666 0.01318359375 0.012369791666666666
0 0.38232421875 0.7532552083333334 0.01611328125 0.015625
0 0.431640625 0.7760416666666666 0.01318359375 0.012369791666666666
0 0.4775390625 0.7604166666666666 0.0146484375 0.013671875
0 0.49560546875 0.7701822916666666 0.0166015625 0.015625
0 0.537109375 0.7727864583333334 0.013671875 0.013020833333333334
0 0.5673828125 0.783203125 0.0126953125 0.012369791666666666
0 0.5576171875 0.7838541666666666 0.015625 0.014973958333333334
0 0.5859375 0.7799479166666666 0.0146484375 0.014322916666666666
0 0.59765625 0.7311197916666666 0.01953125 0.018880208333333332
0 0.5986328125 0.7454427083333334 0.01513671875 0.014322916666666666