0 0.83203125 0.7981770833333334 0.01611328125 0.025390625
0 0.84912109375 0.751953125 0.0166015625 0.016927083333333332
0 0.8603515625 0.7897135416666666 0.0126953125 0.022135416666666668
0 0.8740234375 0.7981770833333334 0.01708984375 0.026692708333333332
0 0.88427734375 0.7981770833333334 0.01220703125 0.018880208333333332
0 0.89453125 0.8014322916666666 0.0126953125 0.020182291666666668
0 0.8720703125 0.8411458333333334 0.01318359375 0.015625
0 0.8359375 0.66796875 0.01513671875 0.016927083333333332
0 0.85302734375 0.6321614583333334 0.01318359375 0.018229166666666668
0 0.8681640625 0.6263020833333334 0.0166015625 0.022135416666666668
0 0.1513671875 0.19401041666666666 0.01123046875 0.013020833333333334
0 0.16357421875 0.13216145833333334 0.01025390625 0.013671875
0 0.13330078125 0.11393229166666667 0.01025390625 0.008463541666666666
0 0.2119140625 0.11328125 0.0087890625 0.016927083333333332
0 0.1865234375 0.14127604166666666 0.013671875 0.013020833333333334
0 0.60546875 0.76953125 0.0126953125 0.015625
0 0.5927734375 0.759765625 0.01611328125 0.020833333333333332
0 0.58984375 0.78515625 0.01513671875 0.016927083333333332
0 0.5546875 0.7115885416666666 0.0126953125 0.014973958333333334
0 0.56787109375 0.7545572916666666 0.013671875 0.020182291666666668
0 0.5634765625 0.7994791666666666 0.013671875 0.012369791666666666
0 0.6181640625 0.8326822916666666 0.015625 0.020182291666666668
0 0.5556640625 0.8873697916666666 0.01513671875 0.022135416666666668
0 0.62548828125 0.8014322916666666 0.01025390625 0.013671875
0 0.66455078125 0.5169270833333334 0.0166015625 0.0234375
0 0.59765625 0.6061197916666666 0.0146484375 0.018229166666666668
0 0.5673828125 0.6022135416666666 0.0166015625 0.021484375
0 0.5986328125 0.5169270833333334 0.0205078125 0.020182291666666668
0 0.86328125 0.24609375 0.01025390625 0.014322916666666666
0 0.8837890625 0.2545572916666667 0.01123046875 0.020833333333333332
0 0.884765625 0.22200520833333334 0.0087890625 0.011067708333333334
0 0.91015625 0.22591145833333334 0.01123046875 0.012369791666666666
0 0.900390625 0.31640625 0.01123046875 0.016927083333333332
0 0.9150390625 0.328125 0.00927734375 0.013020833333333334
0 0.92431640625 0.33203125 0.0078125 0.012369791666666666
0 0.91748046875 0.310546875 0.01171875 0.016276041666666668
0 0.8427734375 0.359375 0.015625 0.020833333333333332
0 0.8701171875 0.3951822916666667 0.01806640625 0.020833333333333332
0 0.833984375 0.4251302083333333 0.01416015625 0.016927083333333332
0 0.775390625 0.4954427083333333 0.01611328125 0.016927083333333332
0 0.76025390625 0.54296875 0.01220703125 0.016276041666666668
0 0.79931640625 0.5247395833333334 0.01318359375 0.016927083333333332
0 0.810546875 0.7220052083333334 0.0205078125 0.022786458333333332
0 0.87841796875 0.7024739583333334 0.01318359375 0.022786458333333332
0 0.88525390625 0.6901041666666666 0.013671875 0.016276041666666668
0 0.84375 0.9036458333333334 0.01318359375 0.020182291666666668
0 0.82373046875 0.9049479166666666 0.02197265625 0.029947916666666668
0 0.744140625 0.865234375 0.0087890625 0.013020833333333334
0 0.697265625 0.8899739583333334 0.0107421875 0.014322916666666666
0 0.69140625 0.900390625 0.0126953125 0.014973958333333334
0 0.77197265625 0.646484375 0.009765625 0.013020833333333334
0 0.72021484375 0.6451822916666666 0.013671875 0.016276041666666668
0 0.71533203125 0.6595052083333334 0.01318359375 0.013671875
0 0.7001953125 0.6848958333333334 0.01025390625 0.017578125
0 0.67431640625 0.671875 0.01123046875 0.016276041666666668
0 0.7109375 0.6829427083333334 0.01123046875 0.016927083333333332
0 0.73681640625 0.42578125 0.01318359375 0.022135416666666668
0 0.43994140625 0.12630208333333334 0.0087890625 0.014322916666666666
0 0.41943359375 0.14778645833333334 0.01123046875 0.014322916666666666
0 0.44873046875 0.11848958333333333 0.009765625 0.013671875
0 0.4580078125 0.134765625 0.01025390625 0.013020833333333334
0 0.58349609375 0.4134114583333333 0.01708984375 0.020833333333333332
0 0.56689453125 0.4348958333333333 0.01513671875 0.017578125
0 0.5244140625 0.59765625 0.01513671875 0.022786458333333332
0 0.53759765625 0.5729166666666666 0.01611328125 0.018880208333333332
0 0.4521484375 0.6927083333333334 0.01171875 0.016927083333333332
0 0.56396484375 0.685546875 0.01123046875 0.014973958333333334
0 0.42919921875 0.7864583333333334 0.01025390625 0.012369791666666666
0 0.4033203125 0.7838541666666666 0.0166015625 0.017578125
0 0.4091796875 0.8489583333333334 0.0146484375 0.015625
0 0.50634765625 0.8014322916666666 0.009765625 0.012369791666666666
0 0.52197265625 0.7805989583333334 0.01318359375 0.018229166666666668
0 0.52197265625 0.7486979166666666 0.01416015625 0.017578125
0 0.53271484375 0.84765625 0.01123046875 0.017578125
0 0.4775390625 0.861328125 0.0146484375 0.014973958333333334
0 0.48681640625 0.8118489583333334 0.009765625 0.012369791666666666
0 0.60107421875 0.8268229166666666 0.01171875 0.01953125
0 0.6142578125 0.8587239583333334 0.0146484375 0.018880208333333332
0 0.3515625 0.9010416666666666 0.01318359375 0.014973958333333334
0 0.30908203125 0.83203125 0.0146484375 0.016276041666666668
0 0.29833984375 0.7486979166666666 0.00830078125 0.011067708333333334
0 0.2578125 0.7688802083333334 0.009765625 0.01171875
0 0.2705078125 0.8268229166666666 0.0087890625 0.012369791666666666
0 0.15771484375 0.7890625 0.05859375 0.076171875
0 0.2119140625 0.8040364583333334 0.00634765625 0.011067708333333334
0 0.20068359375 0.83203125 0.0078125 0.009114583333333334
0 0.2080078125 0.8463541666666666 0.01025390625 0.014322916666666666
0 0.2080078125 0.859375 0.01025390625 0.013671875
0 0.17578125 0.8828125 0.0078125 0.010416666666666666
0 0.1396484375 0.8854166666666666 0.0107421875 0.015625
0 0.154296875 0.8893229166666666 0.00927734375 0.012369791666666666
0 0.16259765625 0.904296875 0.0087890625 0.014322916666666666
0 0.125 0.8919270833333334 0.00634765625 0.009765625
0 0.1337890625 0.8033854166666666 0.00732421875 0.009765625
0 0.13720703125 0.796875 0.00732421875 0.009765625
0 0.1494140625 0.7688802083333334 0.0078125 0.013020833333333334
0 0.16015625 0.7877604166666666 0.00830078125 0.010416666666666666
0 0.166015625 0.796875 0.00634765625 0.010416666666666666
0 0.1494140625 0.8151041666666666 0.0087890625 0.011067708333333334
0 0.1806640625 0.8053385416666666 0.0087890625 0.011067708333333334
0 0.232421875 0.728515625 0.01318359375 0.016927083333333332
0 0.21142578125 0.7317708333333334 0.0078125 0.012369791666666666
0 0.208984375 0.70703125 0.01318359375 0.01171875
0 0.19482421875 0.7265625 0.01220703125 0.016276041666666668
0 0.1640625 0.7395833333333334 0.0087890625 0.014973958333333334
0 0.201171875 0.7760416666666666 0.009765625 0.013671875
0 0.1953125 0.7923177083333334 0.01123046875 0.014322916666666666
0 0.3046875 0.796875 0.009765625 0.01171875
0 0.3134765625 0.8118489583333334 0.01220703125 0.012369791666666666
0 0.24169921875 0.87890625 0.0078125 0.012369791666666666
0 0.271484375 0.6536458333333334 0.00927734375 0.014322916666666666
0 0.19140625 0.6451822916666666 0.01025390625 0.011067708333333334
0 0.1513671875 0.6373697916666666 0.01318359375 0.011067708333333334
0 0.13232421875 0.6751302083333334 0.009765625 0.011067708333333334
0 0.138671875 0.685546875 0.00927734375 0.013020833333333334
0 0.228515625 0.6328125 0.01025390625 0.014322916666666666
0 0.2001953125 0.6575520833333334 0.01513671875 0.016276041666666668
0 0.1982421875 0.6106770833333334 0.0087890625 0.012369791666666666
0 0.3701171875 0.7161458333333334 0.01220703125 0.017578125
0 0.36962890625 0.5768229166666666 0.009765625 0.016276041666666668
0 0.15185546875 0.6028645833333334 0.01123046875 0.016276041666666668
0 0.1357421875 0.58984375 0.01513671875 0.018229166666666668
0 0.1455078125 0.552734375 0.0283203125 0.030598958333333332
0 0.13623046875 0.55078125 0.009765625 0.011067708333333334
0 0.18896484375 0.5403645833333334 0.0078125 0.010416666666666666
0 0.14404296875 0.62890625 0.0078125 0.011067708333333334
0 0.17333984375 0.6686197916666666 0.0078125 0.009765625
0 0.17431640625 0.638671875 0.00830078125 0.009765625
0 0.13134765625 0.4973958333333333 0.01220703125 0.014973958333333334
0 0.1513671875 0.4055989583333333 0.009765625 0.011067708333333334
0 0.15283203125 0.3841145833333333 0.02392578125 0.021484375
0 0.12744140625 0.3626302083333333 0.0078125 0.011067708333333334
0 0.1337890625 0.4733072916666667 0.01806640625 0.017578125
0 0.20361328125 0.498046875 0.01025390625 0.013020833333333334
0 0.22265625 0.4641927083333333 0.0107421875 0.013020833333333334
0 0.26953125 0.326171875 0.01025390625 0.014322916666666666
0 0.22998046875 0.3841145833333333 0.01123046875 0.013671875
0 0.20751953125 0.23307291666666666 0.0185546875 0.020182291666666668
0 0.1318359375 0.2526041666666667 0.00732421875 0.011067708333333334
0 0.17431640625 0.25 0.01513671875 0.020182291666666668
0 0.1455078125 0.20833333333333334 0.0087890625 0.009114583333333334
0 0.14990234375 0.25 0.01318359375 0.01953125
0 0.193359375 0.263671875 0.01416015625 0.018229166666666668
0 0.212890625 0.2578125 0.01416015625 0.020182291666666668
0 0.18212890625 0.2897135416666667 0.01708984375 0.017578125
0 0.21337890625 0.2916666666666667 0.01318359375 0.01953125
0 0.21826171875 0.16731770833333334 0.01318359375 0.014973958333333334
0 0.20703125 0.146484375 0.0234375 0.028645833333333332
0 0.208984375 0.13802083333333334 0.00537109375 0.0078125
0 0.20556640625 0.14908854166666666 0.009765625 0.012369791666666666
0 0.21240234375 0.15169270833333334 0.0068359375 0.009765625
0 0.1201171875 0.123046875 0.0166015625 0.022135416666666668
0 0.140625 0.13216145833333334 0.00732421875 0.011067708333333334
0 0.84619140625 0.2877604166666667 0.01611328125 0.01953125
0 0.908203125 0.6302083333333334 0.017578125 0.022786458333333332
0 0.8271484375 0.7552083333333334 0.01806640625 0.025390625
0 0.87744140625 0.82421875 0.01416015625 0.020182291666666668
0 0.89697265625 0.8515625 0.0146484375 0.017578125
0 0.8388671875 0.8444010416666666 0.01318359375 0.017578125
0 0.86767578125 0.8548177083333334 0.0166015625 0.022135416666666668
0 0.40771484375 0.4147135416666667 0.0146484375 0.020182291666666668