0 0.46142578125 0.822265625 0.021484375 0.018880208333333332
0 0.4951171875 0.8216145833333334 0.0166015625 0.016276041666666668
0 0.47802734375 0.8404947916666666 0.0185546875 0.014973958333333334
0 0.47802734375 0.8522135416666666 0.0224609375 0.020182291666666668
0 0.482421875 0.8600260416666666 0.01611328125 0.014322916666666666
0 0.48486328125 0.8678385416666666 0.01708984375 0.014973958333333334
0 0.4521484375 0.86328125 0.01513671875 0.014322916666666666
0 0.5390625 0.7884114583333334 0.01611328125 0.015625
0 0.5673828125 0.791015625 0.01611328125 0.014322916666666666
0 0.5771484375 0.8001302083333334 0.01953125 0.017578125
0 0.53662109375 0.16341145833333334 0.01220703125 0.01171875
0 0.578125 0.15494791666666666 0.01220703125 0.011067708333333334
0 0.576171875 0.12760416666666666 0.00927734375 0.009765625
0 0.60888671875 0.18424479166666666 0.013671875 0.011067708333333334
0 0.58203125 0.173828125 0.01318359375 0.013671875
0 0.384765625 0.6516927083333334 0.0146484375 0.013671875
0 0.38525390625 0.6399739583333334 0.01904296875 0.017578125
0 0.369140625 0.6451822916666666 0.01611328125 0.015625
0 0.39794921875 0.5989583333333334 0.01416015625 0.013020833333333334
0 0.3779296875 0.6204427083333334 0.017578125 0.015625
0 0.35009765625 0.6302083333333334 0.01318359375 0.013671875
0 0.3525390625 0.6790364583333334 0.0185546875 0.016927083333333332
0 0.294921875 0.6490885416666666 0.01904296875 0.016927083333333332
0 0.3740234375 0.6751302083333334 0.01220703125 0.011067708333333334
0 0.5576171875 0.623046875 0.0205078125 0.018229166666666668
0 0.4775390625 0.599609375 0.0166015625 0.015625
0 0.4677734375 0.5774739583333334 0.01953125 0.018229166666666668
0 0.53076171875 0.5755208333333334 0.0205078125 0.020182291666666668
0 0.79931640625 0.689453125 0.0126953125 0.01171875
0 0.80224609375 0.7063802083333334 0.0166015625 0.013671875
0 0.82177734375 0.6979166666666666 0.01025390625 0.009765625
0 0.830078125 0.7174479166666666 0.01220703125 0.01171875
0 0.77294921875 0.7356770833333334 0.0146484375 0.013020833333333334
0 0.77197265625 0.7493489583333334 0.01171875 0.010416666666666666
0 0.7734375 0.7571614583333334 0.01025390625 0.009114583333333334
0 0.783203125 0.74609375 0.0146484375 0.013020833333333334
0 0.7236328125 0.7063802083333334 0.0185546875 0.016927083333333332
0 0.7138671875 0.736328125 0.02001953125 0.018880208333333332
0 0.681640625 0.71875 0.015625 0.014973958333333334
0 0.61572265625 0.6966145833333334 0.0166015625 0.016276041666666668
0 0.58154296875 0.69921875 0.0146484375 0.013020833333333334
0 0.60888671875 0.7220052083333334 0.01513671875 0.014322916666666666
0 0.4970703125 0.7858072916666666 0.02197265625 0.020833333333333332
0 0.53662109375 0.8287760416666666 0.01904296875 0.015625
0 0.54638671875 0.830078125 0.01513671875 0.014322916666666666
0 0.40380859375 0.8606770833333334 0.017578125 0.014973958333333334
0 0.39501953125 0.8470052083333334 0.0263671875 0.024088541666666668
0 0.3857421875 0.7779947916666666 0.01123046875 0.009765625
0 0.3515625 0.7513020833333334 0.01318359375 0.01171875
0 0.34326171875 0.7506510416666666 0.01416015625 0.013671875
0 0.52587890625 0.736328125 0.01171875 0.010416666666666666
0 0.5048828125 0.69921875 0.01513671875 0.014322916666666666
0 0.49462890625 0.69921875 0.01318359375 0.013020833333333334
0 0.4736328125 0.6959635416666666 0.01513671875 0.012369791666666666
0 0.470703125 0.673828125 0.01416015625 0.012369791666666666
0 0.47900390625 0.703125 0.0146484375 0.012369791666666666
0 0.64111328125 0.6490885416666666 0.0185546875 0.015625
0 0.6953125 0.3515625 0.01220703125 0.010416666666666666
0 0.67431640625 0.3424479166666667 0.01318359375 0.012369791666666666
0 0.70361328125 0.35546875 0.01220703125 0.010416666666666666
0 0.69775390625 0.3665364583333333 0.01171875 0.011067708333333334
0 0.58544921875 0.53515625 0.01953125 0.018229166666666668
0 0.56591796875 0.529296875 0.0166015625 0.015625
0 0.45263671875 0.5455729166666666 0.02001953125 0.017578125
0 0.47265625 0.5475260416666666 0.017578125 0.016927083333333332
0 0.36669921875 0.5201822916666666 0.01513671875 0.013020833333333334
0 0.4169921875 0.5983072916666666 0.01318359375 0.012369791666666666
0 0.30224609375 0.5299479166666666 0.01171875 0.011067708333333334
0 0.29296875 0.5110677083333334 0.017578125 0.016927083333333332
0 0.25732421875 0.533203125 0.01513671875 0.014973958333333334
0 0.3251953125 0.58984375 0.01123046875 0.010416666666666666
0 0.34375 0.5950520833333334 0.01611328125 0.014322916666666666
0 0.36279296875 0.5859375 0.01611328125 0.014973958333333334
0 0.30859375 0.6217447916666666 0.01513671875 0.012369791666666666
0 0.27783203125 0.5859375 0.01513671875 0.014973958333333334
0 0.31103515625 0.578125 0.01123046875 0.010416666666666666
0 0.349609375 0.6647135416666666 0.0166015625 0.013671875
0 0.3359375 0.6829427083333334 0.01708984375 0.015625
0 0.20263671875 0.5065104166666666 0.01416015625 0.013671875
0 0.22607421875 0.4563802083333333 0.015625 0.014973958333333334
0 0.2705078125 0.42578125 0.009765625 0.009114583333333334
0 0.2421875 0.40234375 0.01123046875 0.010416666666666666
0 0.212890625 0.427734375 0.01123046875 0.009765625
0 0.18896484375 0.3359375 0.06884765625 0.06380208333333333
0 0.20263671875 0.37890625 0.00927734375 0.0078125
0 0.18115234375 0.37890625 0.0087890625 0.008463541666666666
0 0.17626953125 0.3880208333333333 0.0126953125 0.01171875
0 0.16845703125 0.3919270833333333 0.01220703125 0.011067708333333334
0 0.14111328125 0.3756510416666667 0.00927734375 0.008463541666666666
0 0.125 0.3502604166666667 0.013671875 0.01171875
0 0.12841796875 0.3619791666666667 0.01123046875 0.009765625
0 0.123046875 0.3723958333333333 0.01220703125 0.009765625
0 0.11474609375 0.3411458333333333 0.00830078125 0.007161458333333333
0 0.1708984375 0.3229166666666667 0.0087890625 0.0078125
0 0.17626953125 0.3235677083333333 0.0087890625 0.0078125
0 0.19775390625 0.32421875 0.01123046875 0.009114583333333334
0 0.19091796875 0.3372395833333333 0.00927734375 0.009114583333333334
0 0.18798828125 0.34375 0.0087890625 0.007161458333333333
0 0.17041015625 0.3372395833333333 0.01025390625 0.009765625
0 0.18896484375 0.3567708333333333 0.01025390625 0.009765625
0 0.25537109375 0.3723958333333333 0.01513671875 0.014322916666666666
0 0.24462890625 0.3580729166666667 0.01025390625 0.009114583333333334
0 0.25830078125 0.349609375 0.01220703125 0.012369791666666666
0 0.24072265625 0.3450520833333333 0.0146484375 0.013020833333333334
0 0.220703125 0.3268229166666667 0.01220703125 0.010416666666666666
0 0.21435546875 0.3639322916666667 0.01220703125 0.010416666666666666
0 0.20263671875 0.3639322916666667 0.01318359375 0.01171875
0 0.2451171875 0.4440104166666667 0.01123046875 0.010416666666666666
0 0.23974609375 0.4537760416666667 0.0126953125 0.012369791666666666
0 0.17041015625 0.4212239583333333 0.01025390625 0.009114583333333334
0 0.3154296875 0.37890625 0.0126953125 0.011067708333333334
0 0.28759765625 0.3196614583333333 0.0107421875 0.010416666666666666
0 0.27587890625 0.2884114583333333 0.01171875 0.012369791666666666
0 0.24560546875 0.28515625 0.0107421875 0.009765625
0 0.2421875 0.29296875 0.01171875 0.010416666666666666
0 0.31005859375 0.3424479166666667 0.0126953125 0.01171875
0 0.28369140625 0.3294270833333333 0.015625 0.014973958333333334
0 0.310546875 0.314453125 0.01123046875 0.009765625
0 0.3193359375 0.4674479166666667 0.015625 0.013671875
0 0.40087890625 0.4283854166666667 0.013671875 0.01171875
0 0.29638671875 0.279296875 0.0146484375 0.012369791666666666
0 0.29736328125 0.263671875 0.01708984375 0.016276041666666668
0 0.3232421875 0.2604166666666667 0.02978515625 0.029296875
0 0.3203125 0.2532552083333333 0.0107421875 0.009765625
0 0.3486328125 0.2877604166666667 0.00927734375 0.008463541666666666
0 0.27734375 0.2805989583333333 0.009765625 0.009114583333333334
0 0.2666015625 0.3131510416666667 0.0087890625 0.008463541666666666
0 0.2841796875 0.3053385416666667 0.00927734375 0.008463541666666666
0 0.349609375 0.23502604166666666 0.013671875 0.012369791666666666
0 0.412109375 0.22265625 0.0107421875 0.009765625
0 0.42529296875 0.21809895833333334 0.0224609375 0.022786458333333332
0 0.427734375 0.193359375 0.009765625 0.009114583333333334
0 0.36474609375 0.22981770833333334 0.017578125 0.017578125
0 0.37890625 0.287109375 0.01171875 0.011067708333333334
0 0.40673828125 0.291015625 0.01220703125 0.011067708333333334
0 0.50732421875 0.2858072916666667 0.0126953125 0.01171875
0 0.45751953125 0.2734375 0.0126953125 0.01171875
0 0.53662109375 0.21484375 0.01953125 0.018880208333333332
0 0.494140625 0.166015625 0.009765625 0.008463541666666666
0 0.51318359375 0.19596354166666666 0.01806640625 0.016276041666666668
0 0.52587890625 0.16341145833333334 0.0087890625 0.008463541666666666
0 0.50341796875 0.17838541666666666 0.01708984375 0.014973958333333334
0 0.51318359375 0.21354166666666666 0.0166015625 0.014973958333333334
0 0.5244140625 0.22591145833333334 0.017578125 0.015625
0 0.4931640625 0.21223958333333334 0.017578125 0.017578125
0 0.5048828125 0.23567708333333334 0.01708984375 0.014973958333333334
0 0.580078125 0.20377604166666666 0.0146484375 0.013671875
0 0.587890625 0.19010416666666666 0.0263671875 0.024739583333333332
0 0.59326171875 0.18880208333333334 0.00732421875 0.006510416666666667
0 0.58544921875 0.189453125 0.01123046875 0.010416666666666666
0 0.58642578125 0.1953125 0.00830078125 0.007161458333333333
0 0.5654296875 0.12109375 0.01953125 0.017578125
0 0.568359375 0.13802083333333334 0.00927734375 0.008463541666666666
0 0.767578125 0.6888020833333334 0.01806640625 0.016927083333333332
0 0.591796875 0.830078125 0.02099609375 0.01953125
0 0.484375 0.806640625 0.0224609375 0.020182291666666668
0 0.46435546875 0.8626302083333334 0.017578125 0.015625
0 0.45654296875 0.8841145833333334 0.0166015625 0.015625
0 0.4365234375 0.8404947916666666 0.015625 0.014322916666666666
0 0.4423828125 0.8639322916666666 0.0205078125 0.018229166666666668
0 0.51220703125 0.4095052083333333 0.01806640625 0.016276041666666668