0 0.10595703125 0.3522135416666667 0.01904296875 0.022135416666666668
0 0.17724609375 0.3899739583333333 0.021484375 0.027994791666666668
0 0.16015625 0.23893229166666666 0.021484375 0.022786458333333332
0 0.10888671875 0.2779947916666667 0.01708984375 0.022135416666666668
0 0.3310546875 0.19921875 0.017578125 0.0234375
0 0.85546875 0.6770833333333334 0.017578125 0.020833333333333332
0 0.892578125 0.6627604166666666 0.017578125 0.021484375
0 0.89599609375 0.6875 0.021484375 0.021484375
0 0.3173828125 0.3984375 0.01220703125 0.014973958333333334
0 0.1455078125 0.2688802083333333 0.01513671875 0.022135416666666668
0 0.11767578125 0.3001302083333333 0.009765625 0.009765625
0 0.1533203125 0.2897135416666667 0.01806640625 0.022135416666666668
0 0.12353515625 0.3125 0.00732421875 0.011067708333333334
0 0.0869140625 0.28515625 0.01025390625 0.009765625
0 0.09619140625 0.306640625 0.01025390625 0.01171875
0 0.1103515625 0.212890625 0.0224609375 0.021484375
0 0.107421875 0.2760416666666667 0.0078125 0.011067708333333334
0 0.11669921875 0.2805989583333333 0.0087890625 0.014973958333333334
0 0.3486328125 0.14908854166666666 0.01806640625 0.021484375
0 0.35107421875 0.17643229166666666 0.01611328125 0.020833333333333332
0 0.7412109375 0.3125 0.01025390625 0.011067708333333334
0 0.8134765625 0.26953125 0.0087890625 0.010416666666666666
0 0.8046875 0.2623697916666667 0.0107421875 0.012369791666666666
0 0.1142578125 0.421875 0.01708984375 0.020182291666666668
0 0.2373046875 0.21354166666666666 0.015625 0.022135416666666668
0 0.9013671875 0.8522135416666666 0.021484375 0.027994791666666668
0 0.576171875 0.5169270833333334 0.02294921875 0.033854166666666664
0 0.197265625 0.5338541666666666 0.0205078125 0.026692708333333332
0 0.31689453125 0.45703125 0.02587890625 0.029947916666666668
0 0.23974609375 0.2766927083333333 0.01611328125 0.022786458333333332