0 0.3411458333333333 0.443359375 0.036458333333333336 0.02978515625
0 0.4479166666666667 0.412109375 0.050130208333333336 0.0380859375
0 0.44140625 0.404296875 0.03125 0.0234375
0 0.4557291666666667 0.421875 0.032552083333333336 0.02734375
0 0.7454427083333334 0.58349609375 0.024088541666666668 0.0185546875
0 0.6959635416666666 0.58349609375 0.024088541666666668 0.0205078125
0 0.7076822916666666 0.49755859375 0.026041666666666668 0.02294921875
0 0.7942708333333334 0.625 0.037760416666666664 0.0283203125
0 0.9095052083333334 0.533203125 0.026041666666666668 0.0244140625
0 0.884765625 0.52294921875 0.030598958333333332 0.02685546875
0 0.8483072916666666 0.2783203125 0.030598958333333332 0.03125
0 0.4576822916666667 0.08349609375 0.033203125 0.0283203125
0 0.22916666666666666 0.3203125 0.03125 0.02783203125
0 0.11979166666666667 0.66357421875 0.030598958333333332 0.0263671875
0 0.21223958333333334 0.68017578125 0.040364583333333336 0.02685546875
0 0.150390625 0.73046875 0.026692708333333332 0.02783203125
0 0.224609375 0.84814453125 0.031901041666666664 0.0263671875
0 0.19856770833333334 0.857421875 0.03515625 0.02685546875
0 0.20703125 0.81396484375 0.030598958333333332 0.0224609375
0 0.18294270833333334 0.79541015625 0.036458333333333336 0.0283203125
0 0.306640625 0.8115234375 0.036458333333333336 0.0263671875
0 0.34765625 0.75830078125 0.033203125 0.0263671875
0 0.2610677083333333 0.85791015625 0.024739583333333332 0.021484375
0 0.2858072916666667 0.8955078125 0.033203125 0.02685546875
0 0.2623697916666667 0.90283203125 0.026041666666666668 0.0224609375
0 0.2610677083333333 0.8818359375 0.027994791666666668 0.0224609375
0 0.22981770833333334 0.8974609375 0.030598958333333332 0.02734375
0 0.3958333333333333 0.86865234375 0.031901041666666664 0.02490234375
0 0.4231770833333333 0.8369140625 0.03515625 0.0283203125
0 0.3932291666666667 0.8486328125 0.033854166666666664 0.02880859375
0 0.3984375 0.85205078125 0.02734375 0.0205078125
0 0.4661458333333333 0.833984375 0.027994791666666668 0.0244140625
0 0.4733072916666667 0.8515625 0.026041666666666668 0.02197265625
0 0.453125 0.84814453125 0.026692708333333332 0.02392578125
0 0.4615885416666667 0.84326171875 0.044921875 0.0390625
0 0.5611979166666666 0.8310546875 0.029296875 0.0244140625
0 0.466796875 0.9306640625 0.032552083333333336 0.02294921875
0 0.5859375 0.91259765625 0.028645833333333332 0.02490234375
0 0.75 0.87255859375 0.037109375 0.0302734375
0 0.7565104166666666 0.88134765625 0.026692708333333332 0.02392578125
0 0.7565104166666666 0.86181640625 0.036458333333333336 0.02685546875
0 0.84765625 0.8125 0.032552083333333336 0.02734375
0 0.7890625 0.80029296875 0.037109375 0.0302734375
0 0.6653645833333334 0.78271484375 0.029947916666666668 0.02294921875
0 0.8125 0.7353515625 0.03125 0.02490234375
0 0.7591145833333334 0.7109375 0.037760416666666664 0.02734375
0 0.8919270833333334 0.7841796875 0.031901041666666664 0.0234375
0 0.876953125 0.84423828125 0.03515625 0.02734375
0 0.7682291666666666 0.41845703125 0.024739583333333332 0.025390625
0 0.7265625 0.42626953125 0.029947916666666668 0.025390625
0 0.619140625 0.26904296875 0.028645833333333332 0.0244140625