0 0.4127604166666667 0.5341796875 0.024739583333333332 0.0205078125
0 0.4192708333333333 0.39990234375 0.022786458333333332 0.02001953125
0 0.3606770833333333 0.4716796875 0.025390625 0.02099609375
0 0.3365885416666667 0.3232421875 0.028645833333333332 0.02490234375
0 0.4720052083333333 0.279296875 0.026041666666666668 0.0234375
0 0.4615885416666667 0.298828125 0.022786458333333332 0.02099609375
0 0.439453125 0.27001953125 0.025390625 0.02197265625
0 0.494140625 0.2939453125 0.022135416666666668 0.0185546875
0 0.6022135416666666 0.28662109375 0.016276041666666668 0.01318359375
0 0.5963541666666666 0.2744140625 0.020833333333333332 0.01611328125
0 0.5533854166666666 0.271484375 0.017578125 0.015625
0 0.5436197916666666 0.2607421875 0.020182291666666668 0.0166015625
0 0.5201822916666666 0.24755859375 0.024088541666666668 0.02099609375
0 0.6354166666666666 0.27294921875 0.020182291666666668 0.01953125
0 0.7102864583333334 0.3447265625 0.024088541666666668 0.02099609375
0 0.689453125 0.4248046875 0.015625 0.01513671875
0 0.7454427083333334 0.494140625 0.020182291666666668 0.017578125
0 0.5865885416666666 0.494140625 0.021484375 0.0185546875
0 0.5123697916666666 0.5244140625 0.018880208333333332 0.0166015625
0 0.5436197916666666 0.5751953125 0.024088541666666668 0.0205078125
0 0.6080729166666666 0.60546875 0.018229166666666668 0.0166015625
0 0.6204427083333334 0.6279296875 0.020182291666666668 0.01611328125
0 0.6139322916666666 0.7060546875 0.01953125 0.01708984375
0 0.6197916666666666 0.69287109375 0.01953125 0.017578125
0 0.6868489583333334 0.6923828125 0.020833333333333332 0.015625
0 0.705078125 0.65869140625 0.016927083333333332 0.0146484375
0 0.7233072916666666 0.70166015625 0.017578125 0.0166015625
0 0.74609375 0.6865234375 0.0234375 0.01904296875
0 0.7845052083333334 0.69384765625 0.018880208333333332 0.0166015625
0 0.8209635416666666 0.70263671875 0.021484375 0.0185546875
0 0.7630208333333334 0.7255859375 0.026692708333333332 0.02197265625
0 0.7083333333333334 0.74658203125 0.020833333333333332 0.017578125
0 0.724609375 0.72998046875 0.021484375 0.01953125
0 0.6744791666666666 0.71435546875 0.020182291666666668 0.01806640625
0 0.5657552083333334 0.7978515625 0.021484375 0.0166015625
0 0.6100260416666666 0.794921875 0.018880208333333332 0.015625
0 0.5826822916666666 0.73486328125 0.020182291666666668 0.0205078125
0 0.5709635416666666 0.74169921875 0.017578125 0.01513671875
0 0.5397135416666666 0.73095703125 0.018880208333333332 0.01708984375
0 0.646484375 0.7529296875 0.024739583333333332 0.02099609375
0 0.5358072916666666 0.75341796875 0.024739583333333332 0.0234375
0 0.5358072916666666 0.76220703125 0.014973958333333334 0.01416015625
0 0.5846354166666666 0.70068359375 0.014322916666666666 0.01318359375
0 0.568359375 0.6923828125 0.018229166666666668 0.015625
0 0.556640625 0.66943359375 0.022135416666666668 0.01904296875
0 0.5364583333333334 0.67431640625 0.017578125 0.0166015625
0 0.5247395833333334 0.6552734375 0.018229166666666668 0.01611328125
0 0.5032552083333334 0.66845703125 0.016276041666666668 0.015625
0 0.6809895833333334 0.60693359375 0.022135416666666668 0.0185546875
0 0.6725260416666666 0.5654296875 0.016927083333333332 0.01513671875
0 0.7845052083333334 0.60693359375 0.022135416666666668 0.0205078125
0 0.7955729166666666 0.64208984375 0.020182291666666668 0.0166015625
0 0.78125 0.6826171875 0.015625 0.01416015625
0 0.3990885416666667 0.61083984375 0.01953125 0.0166015625
0 0.43359375 0.58203125 0.01953125 0.01611328125
0 0.38671875 0.59521484375 0.020833333333333332 0.017578125
0 0.3678385416666667 0.53955078125 0.020182291666666668 0.01806640625
0 0.392578125 0.51708984375 0.020182291666666668 0.01513671875
0 0.4225260416666667 0.52490234375 0.01953125 0.01513671875
0 0.4140625 0.51513671875 0.017578125 0.013671875
0 0.4205729166666667 0.50341796875 0.022135416666666668 0.01708984375
0 0.474609375 0.4873046875 0.01953125 0.01708984375
0 0.4811197916666667 0.4697265625 0.025390625 0.0205078125
0 0.5364583333333334 0.47607421875 0.016276041666666668 0.01318359375
0 0.5338541666666666 0.50390625 0.024739583333333332 0.0224609375
0 0.6256510416666666 0.45654296875 0.01953125 0.01611328125
0 0.6126302083333334 0.435546875 0.021484375 0.01806640625
0 0.6380208333333334 0.4599609375 0.017578125 0.013671875
0 0.595703125 0.40478515625 0.017578125 0.0146484375
0 0.4654947916666667 0.42333984375 0.022786458333333332 0.01904296875
0 0.2734375 0.4990234375 0.025390625 0.02001953125
0 0.259765625 0.4853515625 0.02734375 0.0205078125
0 0.23177083333333334 0.50830078125 0.020182291666666668 0.01708984375
0 0.228515625 0.4853515625 0.020182291666666668 0.01708984375
0 0.23307291666666666 0.5322265625 0.026041666666666668 0.021484375
0 0.22265625 0.5205078125 0.022786458333333332 0.01953125
0 0.24479166666666666 0.38037109375 0.022135416666666668 0.01708984375
0 0.283203125 0.38818359375 0.018880208333333332 0.01953125
0 0.22200520833333334 0.369140625 0.016276041666666668 0.01611328125
0 0.3697916666666667 0.37353515625 0.022135416666666668 0.01806640625
0 0.3919270833333333 0.39599609375 0.018880208333333332 0.01708984375
0 0.3743489583333333 0.337890625 0.021484375 0.0185546875
0 0.400390625 0.30126953125 0.022786458333333332 0.01904296875
0 0.50390625 0.3505859375 0.020182291666666668 0.0185546875
0 0.5774739583333334 0.34521484375 0.022786458333333332 0.0205078125
0 0.5768229166666666 0.2666015625 0.020182291666666668 0.01708984375
0 0.5013020833333334 0.2607421875 0.020833333333333332 0.0185546875
0 0.56640625 0.22119140625 0.018880208333333332 0.01611328125
0 0.6315104166666666 0.22314453125 0.018880208333333332 0.01513671875
0 0.640625 0.21240234375 0.017578125 0.01513671875
0 0.6380208333333334 0.189453125 0.020182291666666668 0.01708984375
0 0.556640625 0.16650390625 0.020182291666666668 0.0185546875
0 0.5690104166666666 0.19140625 0.021484375 0.01708984375
0 0.478515625 0.20751953125 0.018880208333333332 0.0166015625
0 0.4739583333333333 0.16748046875 0.020833333333333332 0.01806640625
0 0.4908854166666667 0.154296875 0.018880208333333332 0.01611328125
0 0.4518229166666667 0.1845703125 0.01953125 0.01708984375
0 0.4270833333333333 0.19140625 0.024088541666666668 0.0205078125
0 0.3619791666666667 0.224609375 0.026041666666666668 0.021484375
0 0.3430989583333333 0.2197265625 0.020182291666666668 0.0166015625
0 0.23763020833333334 0.28955078125 0.016927083333333332 0.01318359375
0 0.255859375 0.27734375 0.016927083333333332 0.01416015625
0 0.2825520833333333 0.2666015625 0.01953125 0.01513671875
0 0.23697916666666666 0.2265625 0.01953125 0.0185546875
0 0.22265625 0.2421875 0.021484375 0.01904296875
0 0.14388020833333334 0.3447265625 0.020833333333333332 0.01708984375
0 0.13671875 0.32177734375 0.024088541666666668 0.0185546875
0 0.21223958333333334 0.2890625 0.022135416666666668 0.0185546875
0 0.5364583333333334 0.1728515625 0.017578125 0.01611328125