0 0.466796875 0.35302734375 0.030598958333333332 0.03564453125
0 0.4251302083333333 0.43994140625 0.039713541666666664 0.0478515625
0 0.4186197916666667 0.4326171875 0.024739583333333332 0.0302734375
0 0.4329427083333333 0.44873046875 0.027994791666666668 0.03173828125
0 0.5475260416666666 0.72607421875 0.018880208333333332 0.02294921875
0 0.5533854166666666 0.68310546875 0.020833333333333332 0.0234375
0 0.4733072916666667 0.6787109375 0.0234375 0.02587890625
0 0.580078125 0.77490234375 0.029296875 0.0361328125
0 0.4817708333333333 0.859375 0.024739583333333332 0.02587890625
0 0.4752604166666667 0.8359375 0.02734375 0.0302734375
0 0.2545572916666667 0.76220703125 0.03125 0.03076171875
0 0.12174479166666667 0.39208984375 0.028645833333333332 0.0322265625
0 0.3671875 0.2353515625 0.027994791666666668 0.03076171875
0 0.6959635416666666 0.2001953125 0.026692708333333332 0.0302734375
0 0.7005208333333334 0.28271484375 0.027994791666666668 0.03759765625
0 0.75390625 0.23779296875 0.02734375 0.02685546875
0 0.8528645833333334 0.322265625 0.026692708333333332 0.03125
0 0.8645833333333334 0.30126953125 0.02734375 0.03369140625
0 0.8235677083333334 0.30126953125 0.0234375 0.029296875
0 0.8098958333333334 0.27734375 0.029296875 0.03515625
0 0.8098958333333334 0.38623046875 0.02734375 0.03466796875
0 0.755859375 0.41259765625 0.02734375 0.0322265625
0 0.8580729166666666 0.35546875 0.022135416666666668 0.0244140625
0 0.8893229166666666 0.3828125 0.02734375 0.0322265625
0 0.8990885416666666 0.3642578125 0.022786458333333332 0.02587890625
0 0.8795572916666666 0.359375 0.0234375 0.02734375
0 0.8977864583333334 0.3349609375 0.02734375 0.0302734375
0 0.8515625 0.47314453125 0.025390625 0.03076171875
0 0.8196614583333334 0.4912109375 0.029296875 0.0341796875
0 0.8333333333333334 0.4677734375 0.029296875 0.033203125
0 0.8359375 0.47265625 0.021484375 0.02587890625
0 0.8111979166666666 0.5283203125 0.024739583333333332 0.02783203125
0 0.8268229166666666 0.537109375 0.022135416666666668 0.025390625
0 0.8255208333333334 0.51953125 0.024088541666666668 0.0263671875
0 0.8203125 0.525390625 0.039713541666666664 0.04345703125
0 0.7975260416666666 0.60986328125 0.024739583333333332 0.02880859375
0 0.900390625 0.544921875 0.024088541666666668 0.0302734375
0 0.8697916666666666 0.64501953125 0.025390625 0.0283203125
0 0.8131510416666666 0.779296875 0.03125 0.0361328125
0 0.8203125 0.787109375 0.024088541666666668 0.0263671875
0 0.8020833333333334 0.783203125 0.027994791666666668 0.03515625
0 0.74609375 0.853515625 0.02734375 0.03173828125
0 0.7421875 0.80078125 0.030598958333333332 0.03564453125
0 0.740234375 0.69091796875 0.024088541666666668 0.02880859375
0 0.6790364583333334 0.81005859375 0.025390625 0.0302734375
0 0.6634114583333334 0.759765625 0.028645833333333332 0.0361328125
0 0.71484375 0.88671875 0.024088541666666668 0.0302734375
0 0.771484375 0.88427734375 0.027994791666666668 0.03369140625
0 0.3932291666666667 0.7177734375 0.025390625 0.02490234375
0 0.4055989583333333 0.68310546875 0.025390625 0.02880859375
0 0.2727864583333333 0.56298828125 0.024739583333333332 0.02783203125