0 0.56640625 0.69580078125 0.022135416666666668 0.0244140625
0 0.6328125 0.56640625 0.020182291666666668 0.025390625
0 0.6731770833333334 0.64306640625 0.014973958333333334 0.015625
0 0.5377604166666666 0.76025390625 0.016276041666666668 0.0185546875
0 0.5813802083333334 0.68603515625 0.016927083333333332 0.01904296875
0 0.5416666666666666 0.650390625 0.016927083333333332 0.01953125
0 0.6490885416666666 0.623046875 0.0234375 0.029296875
0 0.4368489583333333 0.525390625 0.024739583333333332 0.02783203125
0 0.3899739583333333 0.44873046875 0.022135416666666668 0.025390625
0 0.392578125 0.494140625 0.025390625 0.0263671875
0 0.4583333333333333 0.42822265625 0.025390625 0.0263671875
0 0.4518229166666667 0.4482421875 0.016927083333333332 0.02001953125
0 0.404296875 0.416015625 0.022135416666666668 0.02734375
0 0.4381510416666667 0.35791015625 0.017578125 0.02197265625
0 0.3333333333333333 0.47119140625 0.017578125 0.01953125
0 0.3528645833333333 0.52734375 0.016927083333333332 0.01806640625
0 0.3046875 0.45556640625 0.022135416666666668 0.02685546875
0 0.3274739583333333 0.4404296875 0.0234375 0.02783203125
0 0.3444010416666667 0.44970703125 0.018880208333333332 0.0205078125
0 0.341796875 0.517578125 0.018229166666666668 0.02099609375
0 0.2623697916666667 0.41552734375 0.018880208333333332 0.021484375
0 0.2526041666666667 0.31591796875 0.018880208333333332 0.02197265625
0 0.2838541666666667 0.30712890625 0.014973958333333334 0.01806640625
0 0.2649739583333333 0.29443359375 0.020833333333333332 0.0244140625
0 0.236328125 0.31494140625 0.016276041666666668 0.01953125
0 0.16145833333333334 0.3994140625 0.022786458333333332 0.02783203125
0 0.11848958333333333 0.44677734375 0.018229166666666668 0.02001953125
0 0.20703125 0.35986328125 0.016927083333333332 0.0185546875
0 0.3255208333333333 0.27490234375 0.020182291666666668 0.0234375
0 0.3151041666666667 0.28271484375 0.01953125 0.02294921875
0 0.3020833333333333 0.279296875 0.015625 0.01708984375
0 0.3619791666666667 0.365234375 0.020833333333333332 0.02197265625
0 0.4029947916666667 0.3359375 0.022786458333333332 0.0263671875
0 0.373046875 0.310546875 0.017578125 0.0205078125
0 0.4485677083333333 0.26171875 0.022135416666666668 0.0263671875
0 0.4615885416666667 0.2939453125 0.020182291666666668 0.02392578125
0 0.49609375 0.31005859375 0.018880208333333332 0.02099609375
0 0.4733072916666667 0.24853515625 0.016276041666666668 0.02001953125
0 0.4850260416666667 0.25439453125 0.01953125 0.02392578125
0 0.486328125 0.2490234375 0.018229166666666668 0.02001953125
0 0.54296875 0.2666015625 0.01953125 0.0224609375
0 0.568359375 0.26416015625 0.016927083333333332 0.0185546875
0 0.53125 0.205078125 0.016276041666666668 0.01953125
0 0.6100260416666666 0.234375 0.017578125 0.01953125
0 0.6282552083333334 0.2119140625 0.014973958333333334 0.01806640625
0 0.65234375 0.24365234375 0.018880208333333332 0.0224609375
0 0.68359375 0.1298828125 0.018880208333333332 0.021484375
0 0.6373697916666666 0.1689453125 0.021484375 0.02587890625
0 0.6595052083333334 0.17138671875 0.018880208333333332 0.0224609375
0 0.6790364583333334 0.15869140625 0.015625 0.01708984375
0 0.7161458333333334 0.18115234375 0.01953125 0.0224609375
0 0.6829427083333334 0.14599609375 0.013020833333333334 0.015625
0 0.7369791666666666 0.29345703125 0.01953125 0.0224609375
0 0.71484375 0.3271484375 0.016927083333333332 0.0185546875
0 0.7083333333333334 0.24267578125 0.013020833333333334 0.017578125
0 0.7018229166666666 0.24853515625 0.014322916666666666 0.01953125
0 0.6901041666666666 0.25341796875 0.01953125 0.02392578125
0 0.6842447916666666 0.33056640625 0.015625 0.0205078125
0 0.671875 0.24853515625 0.017578125 0.017578125
0 0.7252604166666666 0.4140625 0.017578125 0.0205078125
0 0.697265625 0.41943359375 0.016927083333333332 0.02197265625
0 0.6770833333333334 0.47265625 0.020182291666666668 0.0224609375
0 0.662109375 0.4189453125 0.018880208333333332 0.0224609375
0 0.6731770833333334 0.45166015625 0.016927083333333332 0.0185546875
0 0.7610677083333334 0.5439453125 0.017578125 0.02197265625
0 0.7630208333333334 0.56982421875 0.021484375 0.025390625
0 0.728515625 0.513671875 0.017578125 0.0205078125
0 0.8333333333333334 0.5126953125 0.020833333333333332 0.0263671875
0 0.484375 0.6884765625 0.022786458333333332 0.0283203125
0 0.33984375 0.72412109375 0.020182291666666668 0.025390625
0 0.328125 0.8681640625 0.014973958333333334 0.01806640625
0 0.318359375 0.859375 0.017578125 0.02001953125
0 0.4375 0.8203125 0.011067708333333334 0.01171875
0 0.4459635416666667 0.81494140625 0.013020833333333334 0.01416015625
0 0.4967447916666667 0.7744140625 0.014973958333333334 0.0166015625
0 0.6731770833333334 0.6328125 0.018880208333333332 0.015625
0 0.8307291666666666 0.57373046875 0.016927083333333332 0.0166015625