0 0.7018229166666666 0.5390625 0.029947916666666668 0.03076171875
0 0.6822916666666666 0.58837890625 0.029947916666666668 0.0302734375
0 0.791015625 0.44775390625 0.025390625 0.02685546875
0 0.8157552083333334 0.47705078125 0.027994791666666668 0.02978515625
0 0.8209635416666666 0.4599609375 0.024739583333333332 0.02587890625
0 0.814453125 0.46826171875 0.037760416666666664 0.03955078125
0 0.7740885416666666 0.41015625 0.0234375 0.02392578125
0 0.7486979166666666 0.357421875 0.029296875 0.029296875
0 0.6829427083333334 0.3095703125 0.02734375 0.0283203125
0 0.7057291666666666 0.32470703125 0.026692708333333332 0.02685546875
0 0.6236979166666666 0.25390625 0.024739583333333332 0.025390625
0 0.6380208333333334 0.26513671875 0.0234375 0.02392578125
0 0.546875 0.35302734375 0.028645833333333332 0.0302734375
0 0.5891927083333334 0.29248046875 0.025390625 0.02587890625
0 0.5240885416666666 0.1875 0.024088541666666668 0.0244140625
0 0.4583333333333333 0.25244140625 0.024088541666666668 0.0244140625
0 0.474609375 0.2646484375 0.02734375 0.0283203125
0 0.4921875 0.22509765625 0.025390625 0.02587890625
0 0.5032552083333334 0.1689453125 0.029947916666666668 0.0302734375
0 0.498046875 0.16650390625 0.02734375 0.0283203125
0 0.4329427083333333 0.14892578125 0.028645833333333332 0.02978515625
0 0.423828125 0.1494140625 0.022786458333333332 0.0244140625
0 0.4388020833333333 0.1474609375 0.024088541666666668 0.02490234375
0 0.35546875 0.16162109375 0.029296875 0.0302734375
0 0.38671875 0.1298828125 0.02734375 0.02734375
0 0.3541666666666667 0.14404296875 0.022135416666666668 0.02294921875
0 0.3053385416666667 0.22314453125 0.029296875 0.03076171875
0 0.3619791666666667 0.205078125 0.024739583333333332 0.025390625
0 0.3763020833333333 0.30517578125 0.024739583333333332 0.02587890625
0 0.2825520833333333 0.25634765625 0.022135416666666668 0.02294921875
0 0.296875 0.25390625 0.020182291666666668 0.02197265625
0 0.3020833333333333 0.265625 0.017578125 0.0185546875
0 0.310546875 0.26123046875 0.015625 0.01611328125
0 0.259765625 0.27734375 0.020833333333333332 0.02197265625
0 0.2734375 0.30224609375 0.02734375 0.02880859375
0 0.2845052083333333 0.31982421875 0.025390625 0.02685546875
0 0.3157552083333333 0.32275390625 0.02734375 0.0283203125
0 0.23502604166666666 0.369140625 0.026692708333333332 0.02734375
0 0.22916666666666666 0.365234375 0.026041666666666668 0.0263671875
0 0.2532552083333333 0.361328125 0.024739583333333332 0.0263671875
0 0.24544270833333334 0.42431640625 0.022786458333333332 0.0244140625
0 0.298828125 0.3828125 0.029296875 0.0302734375
0 0.18815104166666666 0.37451171875 0.018880208333333332 0.02001953125
0 0.20768229166666666 0.38330078125 0.03125 0.033203125
0 0.19856770833333334 0.39599609375 0.026041666666666668 0.02734375
0 0.20442708333333334 0.39111328125 0.022135416666666668 0.02099609375
0 0.22330729166666666 0.47802734375 0.021484375 0.0224609375
0 0.234375 0.48583984375 0.024739583333333332 0.025390625
0 0.2623697916666667 0.4765625 0.0234375 0.0244140625
0 0.24348958333333334 0.5341796875 0.026692708333333332 0.02685546875
0 0.3170572916666667 0.51416015625 0.024739583333333332 0.025390625
0 0.21354166666666666 0.59619140625 0.020182291666666668 0.0205078125
0 0.19791666666666666 0.51708984375 0.0234375 0.02490234375
0 0.2578125 0.58935546875 0.017578125 0.017578125
0 0.2936197916666667 0.56640625 0.024739583333333332 0.0263671875
0 0.3489583333333333 0.646484375 0.022135416666666668 0.0224609375
0 0.3736979166666667 0.62548828125 0.024739583333333332 0.02490234375
0 0.3919270833333333 0.66650390625 0.024739583333333332 0.025390625
0 0.4088541666666667 0.76806640625 0.025390625 0.0263671875
0 0.5247395833333334 0.76513671875 0.02734375 0.0283203125
0 0.6171875 0.783203125 0.022135416666666668 0.0224609375
0 0.5266927083333334 0.8369140625 0.024088541666666668 0.02490234375
0 0.708984375 0.67822265625 0.025390625 0.0263671875
0 0.7415364583333334 0.63525390625 0.022786458333333332 0.02294921875
0 0.6627604166666666 0.65283203125 0.025390625 0.0263671875
0 0.6412760416666666 0.677734375 0.024739583333333332 0.0263671875
0 0.6022135416666666 0.67041015625 0.025390625 0.02587890625
0 0.4850260416666667 0.515625 0.026041666666666668 0.02685546875
0 0.5052083333333334 0.5263671875 0.02734375 0.02783203125
0 0.529296875 0.521484375 0.02734375 0.02783203125
0 0.4466145833333333 0.455078125 0.0234375 0.02392578125
0 0.3287760416666667 0.283203125 0.022135416666666668 0.0224609375
0 0.388671875 0.31689453125 0.024088541666666668 0.02392578125
0 0.4153645833333333 0.306640625 0.024088541666666668 0.02490234375
0 0.4283854166666667 0.32861328125 0.024088541666666668 0.02490234375
0 0.4407552083333333 0.33544921875 0.022135416666666668 0.02294921875
0 0.4459635416666667 0.326171875 0.01953125 0.01953125
0 0.5319010416666666 0.25439453125 0.022135416666666668 0.0224609375
0 0.544921875 0.298828125 0.022135416666666668 0.0234375
0 0.572265625 0.318359375 0.0234375 0.02392578125
0 0.4798177083333333 0.32421875 0.020182291666666668 0.0185546875
0 0.423828125 0.19775390625 0.022135416666666668 0.0234375
0 0.3619791666666667 0.2373046875 0.022135416666666668 0.02294921875
0 0.650390625 0.6064453125 0.026041666666666668 0.02734375
0 0.638671875 0.5615234375 0.020182291666666668 0.0205078125
0 0.6477864583333334 0.541015625 0.029947916666666668 0.03076171875
0 0.68359375 0.68408203125 0.024739583333333332 0.025390625
0 0.6627604166666666 0.68896484375 0.024088541666666668 0.02490234375
0 0.828125 0.56201171875 0.022135416666666668 0.02294921875
0 0.8782552083333334 0.4736328125 0.020182291666666668 0.0205078125
0 0.8287760416666666 0.42578125 0.027994791666666668 0.02978515625
0 0.8111979166666666 0.3994140625 0.020833333333333332 0.021484375