0 0.326171875 0.58251953125 0.037760416666666664 0.02880859375
0 0.4576822916666667 0.6025390625 0.052734375 0.03662109375
0 0.4518229166666667 0.61181640625 0.033203125 0.0224609375
0 0.4654947916666667 0.5908203125 0.033854166666666664 0.02685546875
0 0.76953125 0.376953125 0.024739583333333332 0.017578125
0 0.7115885416666666 0.38330078125 0.024739583333333332 0.02001953125
0 0.744140625 0.4755859375 0.026692708333333332 0.0224609375
0 0.8177083333333334 0.32568359375 0.039713541666666664 0.02685546875
0 0.9733072916666666 0.41015625 0.026692708333333332 0.0244140625
0 0.9459635416666666 0.4248046875 0.031901041666666664 0.0263671875
0 0.9557291666666666 0.6953125 0.030598958333333332 0.03125
0 0.5403645833333334 0.95849609375 0.034505208333333336 0.02783203125
0 0.22135416666666666 0.73046875 0.031901041666666664 0.02734375
0 0.018880208333333332 0.3720703125 0.031901041666666664 0.02587890625
0 0.12369791666666667 0.34130859375 0.04296875 0.02490234375
0 0.040364583333333336 0.294921875 0.026692708333333332 0.02783203125
0 0.10221354166666667 0.15771484375 0.033203125 0.025390625
0 0.06966145833333333 0.15087890625 0.036458333333333336 0.02587890625
0 0.08919270833333333 0.19677734375 0.032552083333333336 0.021484375
0 0.06510416666666667 0.22021484375 0.038411458333333336 0.02685546875
0 0.20572916666666666 0.1865234375 0.038411458333333336 0.02490234375
0 0.265625 0.2392578125 0.03515625 0.025390625
0 0.142578125 0.14208984375 0.026041666666666668 0.02099609375
0 0.16341145833333334 0.09814453125 0.034505208333333336 0.0263671875
0 0.134765625 0.0927734375 0.02734375 0.0224609375
0 0.13736979166666666 0.1162109375 0.029296875 0.02197265625
0 0.09700520833333333 0.103515625 0.03125 0.02685546875
0 0.2981770833333333 0.11279296875 0.033854166666666664 0.02392578125
0 0.3365885416666667 0.1435546875 0.037109375 0.02734375
0 0.2994791666666667 0.13525390625 0.03515625 0.0283203125
0 0.3053385416666667 0.13037109375 0.028645833333333332 0.02001953125
0 0.388671875 0.1416015625 0.029296875 0.02392578125
0 0.392578125 0.12109375 0.02734375 0.02099609375
0 0.3704427083333333 0.1279296875 0.02734375 0.0234375
0 0.380859375 0.1318359375 0.045572916666666664 0.03857421875
0 0.5006510416666666 0.1318359375 0.030598958333333332 0.02392578125
0 0.3678385416666667 0.0361328125 0.034505208333333336 0.021484375
0 0.51171875 0.0400390625 0.029947916666666668 0.0244140625
0 0.7122395833333334 0.06201171875 0.0390625 0.029296875
0 0.71875 0.0517578125 0.02734375 0.0234375
0 0.7220052083333334 0.07275390625 0.0390625 0.02587890625
0 0.83984375 0.11474609375 0.033854166666666664 0.0263671875
0 0.7740885416666666 0.13525390625 0.038411458333333336 0.02880859375
0 0.6328125 0.1708984375 0.031901041666666664 0.02197265625
0 0.8157552083333334 0.203125 0.032552083333333336 0.0244140625
0 0.7584635416666666 0.23681640625 0.040364583333333336 0.02587890625
0 0.8977864583333334 0.1396484375 0.033203125 0.0224609375
0 0.8678385416666666 0.076171875 0.036458333333333336 0.0263671875
0 0.83203125 0.55322265625 0.024739583333333332 0.02587890625
0 0.7819010416666666 0.55029296875 0.030598958333333332 0.0244140625
0 0.689453125 0.73583984375 0.029296875 0.02392578125